,Time,Value
0,2018-01-09 09:25:00.054,9.693043
1,2018-01-09 09:25:00.154,9.693043
2,2018-01-09 09:25:00.254,9.693043
3,2018-01-09 09:25:00.354,9.693043
4,2018-01-09 09:25:00.454,9.693043
5,2018-01-09 09:25:00.554,9.761604
6,2018-01-09 09:25:00.654,9.761604
7,2018-01-09 09:25:00.754,9.761604
8,2018-01-09 09:25:00.854,9.761604
9,2018-01-09 09:25:00.952,9.761604
10,2018-01-09 09:25:01.053,9.761604
11,2018-01-09 09:25:01.153,9.761604
12,2018-01-09 09:25:01.253,9.761604
13,2018-01-09 09:25:01.353,9.761604
14,2018-01-09 09:25:01.453,9.761604
15,2018-01-09 09:25:01.553,9.80237
16,2018-01-09 09:25:01.653,9.80237
17,2018-01-09 09:25:01.754,9.80237
18,2018-01-09 09:25:01.854,9.80237
19,2018-01-09 09:25:01.954,9.80237
20,2018-01-09 09:25:02.053,9.80237
21,2018-01-09 09:25:02.153,9.80237
22,2018-01-09 09:25:02.254,9.80237
23,2018-01-09 09:25:02.353,9.80237
24,2018-01-09 09:25:02.454,9.80237
25,2018-01-09 09:25:02.553,9.761604
26,2018-01-09 09:25:02.653,9.761604
27,2018-01-09 09:25:02.753,9.761604
28,2018-01-09 09:25:02.853,9.761604
29,2018-01-09 09:25:02.953,9.761604
30,2018-01-09 09:25:03.053,9.761604
31,2018-01-09 09:25:03.153,9.761604
32,2018-01-09 09:25:03.253,9.761604
33,2018-01-09 09:25:03.353,9.761604
34,2018-01-09 09:25:03.453,9.761604
35,2018-01-09 09:25:03.553,9.737515
36,2018-01-09 09:25:03.653,9.737515
37,2018-01-09 09:25:03.754,9.737515
38,2018-01-09 09:25:03.853,9.737515
39,2018-01-09 09:25:03.953,9.737515
40,2018-01-09 09:25:04.054,9.737515
41,2018-01-09 09:25:04.154,9.737515
42,2018-01-09 09:25:04.254,9.737515
43,2018-01-09 09:25:04.355,9.737515
44,2018-01-09 09:25:04.454,9.737515
45,2018-01-09 09:25:04.554,9.67266
46,2018-01-09 09:25:04.654,9.67266
47,2018-01-09 09:25:04.754,9.67266
48,2018-01-09 09:25:04.854,9.67266
49,2018-01-09 09:25:04.954,9.67266
50,2018-01-09 09:25:05.054,9.67266
51,2018-01-09 09:25:05.154,9.67266
52,2018-01-09 09:25:05.254,9.67266
53,2018-01-09 09:25:05.354,9.67266
54,2018-01-09 09:25:05.454,9.67266
55,2018-01-09 09:25:05.554,9.491066
56,2018-01-09 09:25:05.655,9.491066
57,2018-01-09 09:25:05.754,9.491066
58,2018-01-09 09:25:05.854,9.491066
59,2018-01-09 09:25:05.954,9.491066
60,2018-01-09 09:25:06.054,9.491066
61,2018-01-09 09:25:06.153,9.491066
62,2018-01-09 09:25:06.254,9.491066
63,2018-01-09 09:25:06.354,9.491066
64,2018-01-09 09:25:06.454,9.491066
65,2018-01-09 09:25:06.554,9.214969
66,2018-01-09 09:25:06.653,9.214969
67,2018-01-09 09:25:06.753,9.214969
68,2018-01-09 09:25:06.853,9.214969
69,2018-01-09 09:25:06.953,9.214969
70,2018-01-09 09:25:07.053,9.214969
71,2018-01-09 09:25:07.154,9.214969
72,2018-01-09 09:25:07.254,9.214969
73,2018-01-09 09:25:07.354,9.214969
74,2018-01-09 09:25:07.454,9.214969
75,2018-01-09 09:25:07.554,8.811015
76,2018-01-09 09:25:07.655,8.811015
77,2018-01-09 09:25:07.755,8.811015
78,2018-01-09 09:25:07.855,8.811015
79,2018-01-09 09:25:07.954,8.811015
80,2018-01-09 09:25:08.055,8.811015
81,2018-01-09 09:25:08.155,8.811015
82,2018-01-09 09:25:08.254,8.811015
83,2018-01-09 09:25:08.354,8.811015
84,2018-01-09 09:25:08.454,8.811015
85,2018-01-09 09:25:08.554,8.166171
86,2018-01-09 09:25:08.654,8.166171
87,2018-01-09 09:25:08.754,8.166171
88,2018-01-09 09:25:08.854,8.166171
89,2018-01-09 09:25:08.954,8.166171
90,2018-01-09 09:25:09.054,8.166171
91,2018-01-09 09:25:09.154,8.166171
92,2018-01-09 09:25:09.254,8.166171
93,2018-01-09 09:25:09.354,8.166171
94,2018-01-09 09:25:09.454,8.166171
95,2018-01-09 09:25:09.554,8.468210000000001
96,2018-01-09 09:25:09.654,8.468210000000001
97,2018-01-09 09:25:09.754,8.468210000000001
98,2018-01-09 09:25:09.855,8.468210000000001
99,2018-01-09 09:25:09.954,8.468210000000001
100,2018-01-09 09:25:10.054,8.468210000000001
101,2018-01-09 09:25:10.155,8.468210000000001
102,2018-01-09 09:25:10.255,8.468210000000001
103,2018-01-09 09:25:10.356,8.468210000000001
104,2018-01-09 09:25:10.455,8.468210000000001
105,2018-01-09 09:25:10.555,8.692423
106,2018-01-09 09:25:10.655,8.692423
107,2018-01-09 09:25:10.755,8.692423
108,2018-01-09 09:25:10.855,8.692423
109,2018-01-09 09:25:10.953,8.692423
110,2018-01-09 09:25:11.053,8.692423
111,2018-01-09 09:25:11.153,8.692423
112,2018-01-09 09:25:11.253,8.692423
113,2018-01-09 09:25:11.353,8.692423
114,2018-01-09 09:25:11.453,8.692423
115,2018-01-09 09:25:11.553,8.924047999999997
116,2018-01-09 09:25:11.653,8.924047999999997
117,2018-01-09 09:25:11.753,8.924047999999997
118,2018-01-09 09:25:11.853,8.924047999999997
119,2018-01-09 09:25:11.954,8.924047999999997
120,2018-01-09 09:25:12.053,8.924047999999997
121,2018-01-09 09:25:12.153,8.924047999999997
122,2018-01-09 09:25:12.253,8.924047999999997
123,2018-01-09 09:25:12.353,8.924047999999997
124,2018-01-09 09:25:12.454,8.924047999999997
125,2018-01-09 09:25:12.553,9.029669
126,2018-01-09 09:25:12.653,9.029669
127,2018-01-09 09:25:12.753,9.029669
128,2018-01-09 09:25:12.854,9.029669
129,2018-01-09 09:25:12.953,9.029669
130,2018-01-09 09:25:13.053,9.029669
131,2018-01-09 09:25:13.153,9.029669
132,2018-01-09 09:25:13.254,9.029669
133,2018-01-09 09:25:13.354,9.029669
134,2018-01-09 09:25:13.454,9.029669
135,2018-01-09 09:25:13.554,9.085259
136,2018-01-09 09:25:13.654,9.085259
137,2018-01-09 09:25:13.754,9.085259
138,2018-01-09 09:25:13.855,9.085259
139,2018-01-09 09:25:13.954,9.085259
140,2018-01-09 09:25:14.054,9.085259
141,2018-01-09 09:25:14.154,9.085259
142,2018-01-09 09:25:14.255,9.085259
143,2018-01-09 09:25:14.354,9.085259
144,2018-01-09 09:25:14.455,9.085259
145,2018-01-09 09:25:14.554,8.846222000000003
146,2018-01-09 09:25:14.654,8.846222000000003
147,2018-01-09 09:25:14.754,8.846222000000003
148,2018-01-09 09:25:14.854,8.846222000000003
149,2018-01-09 09:25:14.954,8.846222000000003
150,2018-01-09 09:25:15.054,8.846222000000003
151,2018-01-09 09:25:15.154,8.846222000000003
152,2018-01-09 09:25:15.254,8.846222000000003
153,2018-01-09 09:25:15.354,8.846222000000003
154,2018-01-09 09:25:15.454,8.846222000000003
155,2018-01-09 09:25:15.554,9.077847
156,2018-01-09 09:25:15.654,9.077847
157,2018-01-09 09:25:15.754,9.077847
158,2018-01-09 09:25:15.854,9.077847
159,2018-01-09 09:25:15.953,9.077847
160,2018-01-09 09:25:16.053,9.077847
161,2018-01-09 09:25:16.153,9.077847
162,2018-01-09 09:25:16.254,9.077847
163,2018-01-09 09:25:16.354,9.077847
164,2018-01-09 09:25:16.454,9.077847
165,2018-01-09 09:25:16.554,9.046346
166,2018-01-09 09:25:16.654,9.046346
167,2018-01-09 09:25:16.754,9.046346
168,2018-01-09 09:25:16.854,9.046346
169,2018-01-09 09:25:16.954,9.046346
170,2018-01-09 09:25:17.054,9.046346
171,2018-01-09 09:25:17.154,9.046346
172,2018-01-09 09:25:17.254,9.046346
173,2018-01-09 09:25:17.354,9.046346
174,2018-01-09 09:25:17.454,9.046346
175,2018-01-09 09:25:17.554,8.909224
176,2018-01-09 09:25:17.654,8.909224
177,2018-01-09 09:25:17.754,8.909224
178,2018-01-09 09:25:17.854,8.909224
179,2018-01-09 09:25:17.954,8.909224
180,2018-01-09 09:25:18.055,8.909224
181,2018-01-09 09:25:18.154,8.909224
182,2018-01-09 09:25:18.254,8.909224
183,2018-01-09 09:25:18.354,8.909224
184,2018-01-09 09:25:18.454,8.909224
185,2018-01-09 09:25:18.554,8.701688
186,2018-01-09 09:25:18.654,8.701688
187,2018-01-09 09:25:18.754,8.701688
188,2018-01-09 09:25:18.854,8.701688
189,2018-01-09 09:25:18.954,8.701688
190,2018-01-09 09:25:19.054,8.701688
191,2018-01-09 09:25:19.154,8.701688
192,2018-01-09 09:25:19.255,8.701688
193,2018-01-09 09:25:19.354,8.701688
194,2018-01-09 09:25:19.455,8.701688
195,2018-01-09 09:25:19.555,8.540477000000001
196,2018-01-09 09:25:19.655,8.540477000000001
197,2018-01-09 09:25:19.755,8.540477000000001
198,2018-01-09 09:25:19.855,8.540477000000001
199,2018-01-09 09:25:19.955,8.540477000000001
200,2018-01-09 09:25:20.055,8.540477000000001
201,2018-01-09 09:25:20.155,8.540477000000001
202,2018-01-09 09:25:20.255,8.540477000000001
203,2018-01-09 09:25:20.355,8.540477000000001
204,2018-01-09 09:25:20.455,8.540477000000001
205,2018-01-09 09:25:20.555,8.416326
206,2018-01-09 09:25:20.655,8.416326
207,2018-01-09 09:25:20.755,8.416326
208,2018-01-09 09:25:20.855,8.416326
209,2018-01-09 09:25:20.953,8.416326
210,2018-01-09 09:25:21.053,8.416326
211,2018-01-09 09:25:21.153,8.416326
212,2018-01-09 09:25:21.253,8.416326
213,2018-01-09 09:25:21.353,8.416326
214,2018-01-09 09:25:21.453,8.416326
215,2018-01-09 09:25:21.553,8.355177000000001
216,2018-01-09 09:25:21.653,8.355177000000001
217,2018-01-09 09:25:21.753,8.355177000000001
218,2018-01-09 09:25:21.854,8.355177000000001
219,2018-01-09 09:25:21.953,8.355177000000001
220,2018-01-09 09:25:22.053,8.355177000000001
221,2018-01-09 09:25:22.153,8.355177000000001
222,2018-01-09 09:25:22.254,8.355177000000001
223,2018-01-09 09:25:22.353,8.355177000000001
224,2018-01-09 09:25:22.455,8.355177000000001
225,2018-01-09 09:25:22.554,8.421885000000001
226,2018-01-09 09:25:22.654,8.421885000000001
227,2018-01-09 09:25:22.754,8.421885000000001
228,2018-01-09 09:25:22.854,8.421885000000001
229,2018-01-09 09:25:22.954,8.421885000000001
230,2018-01-09 09:25:23.054,8.421885000000001
231,2018-01-09 09:25:23.154,8.421885000000001
232,2018-01-09 09:25:23.254,8.421885000000001
233,2018-01-09 09:25:23.354,8.421885000000001
234,2018-01-09 09:25:23.454,8.421885000000001
235,2018-01-09 09:25:23.554,8.538624
236,2018-01-09 09:25:23.654,8.538624
237,2018-01-09 09:25:23.755,8.538624
238,2018-01-09 09:25:23.855,8.538624
239,2018-01-09 09:25:23.954,8.538624
240,2018-01-09 09:25:24.054,8.538624
241,2018-01-09 09:25:24.155,8.538624
242,2018-01-09 09:25:24.255,8.538624
243,2018-01-09 09:25:24.354,8.538624
244,2018-01-09 09:25:24.454,8.538624
245,2018-01-09 09:25:24.555,8.829545
246,2018-01-09 09:25:24.654,8.829545
247,2018-01-09 09:25:24.754,8.829545
248,2018-01-09 09:25:24.854,8.829545
249,2018-01-09 09:25:24.954,8.829545
250,2018-01-09 09:25:25.054,8.829545
251,2018-01-09 09:25:25.154,8.829545
252,2018-01-09 09:25:25.254,8.829545
253,2018-01-09 09:25:25.355,8.829545
254,2018-01-09 09:25:25.455,8.829545
255,2018-01-09 09:25:25.555,9.124172
256,2018-01-09 09:25:25.655,9.124172
257,2018-01-09 09:25:25.756,9.124172
258,2018-01-09 09:25:25.856,9.124172
259,2018-01-09 09:25:25.954,9.124172
260,2018-01-09 09:25:26.054,9.124172
261,2018-01-09 09:25:26.154,9.124172
262,2018-01-09 09:25:26.254,9.124172
263,2018-01-09 09:25:26.354,9.124172
264,2018-01-09 09:25:26.454,9.124172
265,2018-01-09 09:25:26.554,9.166791
266,2018-01-09 09:25:26.654,9.166791
267,2018-01-09 09:25:26.754,9.166791
268,2018-01-09 09:25:26.854,9.166791
269,2018-01-09 09:25:26.954,9.166791
270,2018-01-09 09:25:27.054,9.166791
271,2018-01-09 09:25:27.154,9.166791
272,2018-01-09 09:25:27.254,9.166791
273,2018-01-09 09:25:27.354,9.166791
274,2018-01-09 09:25:27.454,9.166791
275,2018-01-09 09:25:27.554,10.17297
276,2018-01-09 09:25:27.654,10.17297
277,2018-01-09 09:25:27.754,10.17297
278,2018-01-09 09:25:27.854,10.17297
279,2018-01-09 09:25:27.954,10.17297
280,2018-01-09 09:25:28.054,10.17297
281,2018-01-09 09:25:28.154,10.17297
282,2018-01-09 09:25:28.254,10.17297
283,2018-01-09 09:25:28.355,10.17297
284,2018-01-09 09:25:28.455,10.17297
285,2018-01-09 09:25:28.555,10.06364
286,2018-01-09 09:25:28.655,10.06364
287,2018-01-09 09:25:28.755,10.06364
288,2018-01-09 09:25:28.855,10.06364
289,2018-01-09 09:25:28.955,10.06364
290,2018-01-09 09:25:29.055,10.06364
291,2018-01-09 09:25:29.155,10.06364
292,2018-01-09 09:25:29.255,10.06364
293,2018-01-09 09:25:29.355,10.06364
294,2018-01-09 09:25:29.455,10.06364
295,2018-01-09 09:25:29.555,9.843136
296,2018-01-09 09:25:29.655,9.843136
297,2018-01-09 09:25:29.755,9.843136
298,2018-01-09 09:25:29.856,9.843136
299,2018-01-09 09:25:29.955,9.843136
300,2018-01-09 09:25:30.055,9.843136
301,2018-01-09 09:25:30.155,9.843136
302,2018-01-09 09:25:30.255,9.843136
303,2018-01-09 09:25:30.355,9.843136
304,2018-01-09 09:25:30.455,9.843136
305,2018-01-09 09:25:30.555,9.557774
306,2018-01-09 09:25:30.655,9.557774
307,2018-01-09 09:25:30.755,9.557774
308,2018-01-09 09:25:30.855,9.557774
309,2018-01-09 09:25:30.953,9.557774
310,2018-01-09 09:25:31.053,9.557774
311,2018-01-09 09:25:31.153,9.557774
312,2018-01-09 09:25:31.253,9.557774
313,2018-01-09 09:25:31.354,9.557774
314,2018-01-09 09:25:31.454,9.557774
315,2018-01-09 09:25:31.554,8.612744000000001
316,2018-01-09 09:25:31.654,8.612744000000001
317,2018-01-09 09:25:31.755,8.612744000000001
318,2018-01-09 09:25:31.854,8.612744000000001
319,2018-01-09 09:25:31.954,8.612744000000001
320,2018-01-09 09:25:32.054,8.612744000000001
321,2018-01-09 09:25:32.155,8.612744000000001
322,2018-01-09 09:25:32.254,8.612744000000001
323,2018-01-09 09:25:32.354,8.612744000000001
324,2018-01-09 09:25:32.454,8.612744000000001
325,2018-01-09 09:25:32.555,8.240291000000001
326,2018-01-09 09:25:32.655,8.240291000000001
327,2018-01-09 09:25:32.754,8.240291000000001
328,2018-01-09 09:25:32.854,8.240291000000001
329,2018-01-09 09:25:32.954,8.240291000000001
330,2018-01-09 09:25:33.054,8.240291000000001
331,2018-01-09 09:25:33.154,8.240291000000001
332,2018-01-09 09:25:33.254,8.240291000000001
333,2018-01-09 09:25:33.354,8.240291000000001
334,2018-01-09 09:25:33.454,8.240291000000001
335,2018-01-09 09:25:33.554,8.403355
336,2018-01-09 09:25:33.654,8.403355
337,2018-01-09 09:25:33.754,8.403355
338,2018-01-09 09:25:33.855,8.403355
339,2018-01-09 09:25:33.955,8.403355
340,2018-01-09 09:25:34.054,8.403355
341,2018-01-09 09:25:34.154,8.403355
342,2018-01-09 09:25:34.255,8.403355
343,2018-01-09 09:25:34.356,8.403355
344,2018-01-09 09:25:34.456,8.403355
345,2018-01-09 09:25:34.555,9.20941
346,2018-01-09 09:25:34.656,9.20941
347,2018-01-09 09:25:34.756,9.20941
348,2018-01-09 09:25:34.855,9.20941
349,2018-01-09 09:25:34.955,9.20941
350,2018-01-09 09:25:35.055,9.20941
351,2018-01-09 09:25:35.155,9.20941
352,2018-01-09 09:25:35.255,9.20941
353,2018-01-09 09:25:35.355,9.20941
354,2018-01-09 09:25:35.455,9.20941
355,2018-01-09 09:25:35.555,9.290942
356,2018-01-09 09:25:35.655,9.290942
357,2018-01-09 09:25:35.755,9.290942
358,2018-01-09 09:25:35.855,9.290942
359,2018-01-09 09:25:35.955,9.290942
360,2018-01-09 09:25:36.055,9.290942
361,2018-01-09 09:25:36.154,9.290942
362,2018-01-09 09:25:36.254,9.290942
363,2018-01-09 09:25:36.355,9.290942
364,2018-01-09 09:25:36.454,9.290942
365,2018-01-09 09:25:36.555,9.285383
366,2018-01-09 09:25:36.655,9.285383
367,2018-01-09 09:25:36.754,9.285383
368,2018-01-09 09:25:36.854,9.285383
369,2018-01-09 09:25:36.954,9.285383
370,2018-01-09 09:25:37.054,9.285383
371,2018-01-09 09:25:37.154,9.285383
372,2018-01-09 09:25:37.255,9.285383
373,2018-01-09 09:25:37.355,9.285383
374,2018-01-09 09:25:37.455,9.285383
375,2018-01-09 09:25:37.555,9.174203
376,2018-01-09 09:25:37.655,9.174203
377,2018-01-09 09:25:37.756,9.174203
378,2018-01-09 09:25:37.856,9.174203
379,2018-01-09 09:25:37.956,9.174203
380,2018-01-09 09:25:38.056,9.174203
381,2018-01-09 09:25:38.155,9.174203
382,2018-01-09 09:25:38.255,9.174203
383,2018-01-09 09:25:38.355,9.174203
384,2018-01-09 09:25:38.455,9.174203
385,2018-01-09 09:25:38.555,9.129731
386,2018-01-09 09:25:38.655,9.129731
387,2018-01-09 09:25:38.755,9.129731
388,2018-01-09 09:25:38.855,9.129731
389,2018-01-09 09:25:38.955,9.129731
390,2018-01-09 09:25:39.055,9.129731
391,2018-01-09 09:25:39.155,9.129731
392,2018-01-09 09:25:39.255,9.129731
393,2018-01-09 09:25:39.355,9.129731
394,2018-01-09 09:25:39.455,9.129731
395,2018-01-09 09:25:39.555,9.200145
396,2018-01-09 09:25:39.655,9.200145
397,2018-01-09 09:25:39.755,9.200145
398,2018-01-09 09:25:39.855,9.200145
399,2018-01-09 09:25:39.955,9.200145
400,2018-01-09 09:25:40.055,9.200145
401,2018-01-09 09:25:40.155,9.200145
402,2018-01-09 09:25:40.256,9.200145
403,2018-01-09 09:25:40.356,9.200145
404,2018-01-09 09:25:40.456,9.200145
405,2018-01-09 09:25:40.556,9.328002
406,2018-01-09 09:25:40.656,9.328002
407,2018-01-09 09:25:40.756,9.328002
408,2018-01-09 09:25:40.856,9.328002
409,2018-01-09 09:25:40.954,9.328002
410,2018-01-09 09:25:41.054,9.328002
411,2018-01-09 09:25:41.154,9.328002
412,2018-01-09 09:25:41.254,9.328002
413,2018-01-09 09:25:41.354,9.328002
414,2018-01-09 09:25:41.454,9.328002
415,2018-01-09 09:25:41.554,9.416946
416,2018-01-09 09:25:41.654,9.416946
417,2018-01-09 09:25:41.755,9.416946
418,2018-01-09 09:25:41.854,9.416946
419,2018-01-09 09:25:41.954,9.416946
420,2018-01-09 09:25:42.054,9.416946
421,2018-01-09 09:25:42.155,9.416946
422,2018-01-09 09:25:42.254,9.416946
423,2018-01-09 09:25:42.354,9.416946
424,2018-01-09 09:25:42.454,9.416946
425,2018-01-09 09:25:42.554,9.346532
426,2018-01-09 09:25:42.655,9.346532
427,2018-01-09 09:25:42.755,9.346532
428,2018-01-09 09:25:42.854,9.346532
429,2018-01-09 09:25:42.954,9.346532
430,2018-01-09 09:25:43.054,9.346532
431,2018-01-09 09:25:43.154,9.346532
432,2018-01-09 09:25:43.254,9.346532
433,2018-01-09 09:25:43.354,9.346532
434,2018-01-09 09:25:43.454,9.346532
435,2018-01-09 09:25:43.555,9.151967
436,2018-01-09 09:25:43.655,9.151967
437,2018-01-09 09:25:43.755,9.151967
438,2018-01-09 09:25:43.855,9.151967
439,2018-01-09 09:25:43.956,9.151967
440,2018-01-09 09:25:44.056,9.151967
441,2018-01-09 09:25:44.155,9.151967
442,2018-01-09 09:25:44.255,9.151967
443,2018-01-09 09:25:44.355,9.151967
444,2018-01-09 09:25:44.456,9.151967
445,2018-01-09 09:25:44.556,8.927754
446,2018-01-09 09:25:44.656,8.927754
447,2018-01-09 09:25:44.756,8.927754
448,2018-01-09 09:25:44.855,8.927754
449,2018-01-09 09:25:44.955,8.927754
450,2018-01-09 09:25:45.055,8.927754
451,2018-01-09 09:25:45.155,8.927754
452,2018-01-09 09:25:45.255,8.927754
453,2018-01-09 09:25:45.355,8.927754
454,2018-01-09 09:25:45.455,8.927754
455,2018-01-09 09:25:45.555,8.760983999999999
456,2018-01-09 09:25:45.655,8.760983999999999
457,2018-01-09 09:25:45.756,8.760983999999999
458,2018-01-09 09:25:45.855,8.760983999999999
459,2018-01-09 09:25:45.954,8.760983999999999
460,2018-01-09 09:25:46.054,8.760983999999999
461,2018-01-09 09:25:46.154,8.760983999999999
462,2018-01-09 09:25:46.254,8.760983999999999
463,2018-01-09 09:25:46.355,8.760983999999999
464,2018-01-09 09:25:46.456,8.760983999999999
465,2018-01-09 09:25:46.555,8.736895
466,2018-01-09 09:25:46.655,8.736895
467,2018-01-09 09:25:46.755,8.736895
468,2018-01-09 09:25:46.855,8.736895
469,2018-01-09 09:25:46.955,8.736895
470,2018-01-09 09:25:47.055,8.736895
471,2018-01-09 09:25:47.155,8.736895
472,2018-01-09 09:25:47.255,8.736895
473,2018-01-09 09:25:47.355,8.736895
474,2018-01-09 09:25:47.455,8.736895
475,2018-01-09 09:25:47.555,8.80175
476,2018-01-09 09:25:47.655,8.80175
477,2018-01-09 09:25:47.755,8.80175
478,2018-01-09 09:25:47.855,8.80175
479,2018-01-09 09:25:47.955,8.80175
480,2018-01-09 09:25:48.055,8.80175
481,2018-01-09 09:25:48.155,8.80175
482,2018-01-09 09:25:48.256,8.80175
483,2018-01-09 09:25:48.355,8.80175
484,2018-01-09 09:25:48.456,8.80175
485,2018-01-09 09:25:48.555,8.912930000000003
486,2018-01-09 09:25:48.655,8.912930000000003
487,2018-01-09 09:25:48.755,8.912930000000003
488,2018-01-09 09:25:48.855,8.912930000000003
489,2018-01-09 09:25:48.955,8.912930000000003
490,2018-01-09 09:25:49.055,8.912930000000003
491,2018-01-09 09:25:49.155,8.912930000000003
492,2018-01-09 09:25:49.255,8.912930000000003
493,2018-01-09 09:25:49.355,8.912930000000003
494,2018-01-09 09:25:49.456,8.912930000000003
495,2018-01-09 09:25:49.556,9.083406
496,2018-01-09 09:25:49.656,9.083406
497,2018-01-09 09:25:49.756,9.083406
498,2018-01-09 09:25:49.857,9.083406
499,2018-01-09 09:25:49.956,9.083406
500,2018-01-09 09:25:50.057,9.083406
501,2018-01-09 09:25:50.156,9.083406
502,2018-01-09 09:25:50.257,9.083406
503,2018-01-09 09:25:50.356,9.083406
504,2018-01-09 09:25:50.456,9.083406
505,2018-01-09 09:25:50.556,8.318116999999999
506,2018-01-09 09:25:50.656,8.318116999999999
507,2018-01-09 09:25:50.756,8.318116999999999
508,2018-01-09 09:25:50.856,8.318116999999999
509,2018-01-09 09:25:50.954,8.318116999999999
510,2018-01-09 09:25:51.054,8.318116999999999
511,2018-01-09 09:25:51.154,8.318116999999999
512,2018-01-09 09:25:51.254,8.318116999999999
513,2018-01-09 09:25:51.354,8.318116999999999
514,2018-01-09 09:25:51.454,8.318116999999999
515,2018-01-09 09:25:51.555,8.416326
516,2018-01-09 09:25:51.654,8.416326
517,2018-01-09 09:25:51.754,8.416326
518,2018-01-09 09:25:51.855,8.416326
519,2018-01-09 09:25:51.955,8.416326
520,2018-01-09 09:25:52.054,8.416326
521,2018-01-09 09:25:52.155,8.416326
522,2018-01-09 09:25:52.254,8.416326
523,2018-01-09 09:25:52.355,8.416326
524,2018-01-09 09:25:52.455,8.416326
525,2018-01-09 09:25:52.556,8.414473
526,2018-01-09 09:25:52.655,8.414473
527,2018-01-09 09:25:52.755,8.414473
528,2018-01-09 09:25:52.855,8.414473
529,2018-01-09 09:25:52.955,8.414473
530,2018-01-09 09:25:53.056,8.414473
531,2018-01-09 09:25:53.155,8.414473
532,2018-01-09 09:25:53.255,8.414473
533,2018-01-09 09:25:53.355,8.414473
534,2018-01-09 09:25:53.455,8.414473
535,2018-01-09 09:25:53.555,8.310705
536,2018-01-09 09:25:53.655,8.310705
537,2018-01-09 09:25:53.755,8.310705
538,2018-01-09 09:25:53.855,8.310705
539,2018-01-09 09:25:53.955,8.310705
540,2018-01-09 09:25:54.055,8.310705
541,2018-01-09 09:25:54.155,8.310705
542,2018-01-09 09:25:54.255,8.310705
543,2018-01-09 09:25:54.356,8.310705
544,2018-01-09 09:25:54.455,8.310705
545,2018-01-09 09:25:54.555,8.258821000000001
546,2018-01-09 09:25:54.655,8.258821000000001
547,2018-01-09 09:25:54.755,8.258821000000001
548,2018-01-09 09:25:54.856,8.258821000000001
549,2018-01-09 09:25:54.956,8.258821000000001
550,2018-01-09 09:25:55.055,8.258821000000001
551,2018-01-09 09:25:55.155,8.258821000000001
552,2018-01-09 09:25:55.255,8.258821000000001
553,2018-01-09 09:25:55.356,8.258821000000001
554,2018-01-09 09:25:55.456,8.258821000000001
555,2018-01-09 09:25:55.556,8.279204
556,2018-01-09 09:25:55.656,8.279204
557,2018-01-09 09:25:55.756,8.279204
558,2018-01-09 09:25:55.856,8.279204
559,2018-01-09 09:25:55.955,8.279204
560,2018-01-09 09:25:56.056,8.279204
561,2018-01-09 09:25:56.156,8.279204
562,2018-01-09 09:25:56.256,8.279204
563,2018-01-09 09:25:56.356,8.279204
564,2018-01-09 09:25:56.455,8.279204
565,2018-01-09 09:25:56.556,8.458945
566,2018-01-09 09:25:56.656,8.458945
567,2018-01-09 09:25:56.755,8.458945
568,2018-01-09 09:25:56.855,8.458945
569,2018-01-09 09:25:56.955,8.458945
570,2018-01-09 09:25:57.055,8.458945
571,2018-01-09 09:25:57.155,8.458945
572,2018-01-09 09:25:57.255,8.458945
573,2018-01-09 09:25:57.355,8.458945
574,2018-01-09 09:25:57.455,8.458945
575,2018-01-09 09:25:57.555,8.655363000000001
576,2018-01-09 09:25:57.655,8.655363000000001
577,2018-01-09 09:25:57.755,8.655363000000001
578,2018-01-09 09:25:57.855,8.655363000000001
579,2018-01-09 09:25:57.955,8.655363000000001
580,2018-01-09 09:25:58.056,8.655363000000001
581,2018-01-09 09:25:58.155,8.655363000000001
582,2018-01-09 09:25:58.256,8.655363000000001
583,2018-01-09 09:25:58.356,8.655363000000001
584,2018-01-09 09:25:58.455,8.655363000000001
585,2018-01-09 09:25:58.557,8.794338
586,2018-01-09 09:25:58.656,8.794338
587,2018-01-09 09:25:58.756,8.794338
588,2018-01-09 09:25:58.856,8.794338
589,2018-01-09 09:25:58.956,8.794338
590,2018-01-09 09:25:59.056,8.794338
591,2018-01-09 09:25:59.156,8.794338
592,2018-01-09 09:25:59.256,8.794338
593,2018-01-09 09:25:59.356,8.794338
594,2018-01-09 09:25:59.456,8.794338
595,2018-01-09 09:25:59.556,8.78322
596,2018-01-09 09:25:59.656,8.78322
597,2018-01-09 09:25:59.756,8.78322
598,2018-01-09 09:25:59.857,8.78322
599,2018-01-09 09:25:59.957,8.78322
600,2018-01-09 09:26:00.057,8.78322
601,2018-01-09 09:26:00.156,8.78322
602,2018-01-09 09:26:00.256,8.78322
603,2018-01-09 09:26:00.357,8.78322
604,2018-01-09 09:26:00.457,8.78322
605,2018-01-09 09:26:00.557,8.63498
606,2018-01-09 09:26:00.656,8.63498
607,2018-01-09 09:26:00.756,8.63498
608,2018-01-09 09:26:00.856,8.63498
609,2018-01-09 09:26:00.954,8.63498
610,2018-01-09 09:26:01.054,8.63498
611,2018-01-09 09:26:01.154,8.63498
612,2018-01-09 09:26:01.254,8.63498
613,2018-01-09 09:26:01.354,8.63498
614,2018-01-09 09:26:01.454,8.63498
615,2018-01-09 09:26:01.555,8.458945
616,2018-01-09 09:26:01.655,8.458945
617,2018-01-09 09:26:01.755,8.458945
618,2018-01-09 09:26:01.856,8.458945
619,2018-01-09 09:26:01.955,8.458945
620,2018-01-09 09:26:02.055,8.458945
621,2018-01-09 09:26:02.156,8.458945
622,2018-01-09 09:26:02.255,8.458945
623,2018-01-09 09:26:02.356,8.458945
624,2018-01-09 09:26:02.455,8.458945
625,2018-01-09 09:26:02.555,9.370621
626,2018-01-09 09:26:02.656,9.370621
627,2018-01-09 09:26:02.756,9.370621
628,2018-01-09 09:26:02.855,9.370621
629,2018-01-09 09:26:02.955,9.370621
630,2018-01-09 09:26:03.055,9.370621
631,2018-01-09 09:26:03.155,9.370621
632,2018-01-09 09:26:03.255,9.370621
633,2018-01-09 09:26:03.355,9.370621
634,2018-01-09 09:26:03.455,9.370621
635,2018-01-09 09:26:03.555,9.402122
636,2018-01-09 09:26:03.655,9.402122
637,2018-01-09 09:26:03.756,9.402122
638,2018-01-09 09:26:03.855,9.402122
639,2018-01-09 09:26:03.955,9.402122
640,2018-01-09 09:26:04.056,9.402122
641,2018-01-09 09:26:04.155,9.402122
642,2018-01-09 09:26:04.255,9.402122
643,2018-01-09 09:26:04.355,9.402122
644,2018-01-09 09:26:04.456,9.402122
645,2018-01-09 09:26:04.556,9.604099
646,2018-01-09 09:26:04.656,9.604099
647,2018-01-09 09:26:04.757,9.604099
648,2018-01-09 09:26:04.856,9.604099
649,2018-01-09 09:26:04.956,9.604099
650,2018-01-09 09:26:05.056,9.604099
651,2018-01-09 09:26:05.156,9.604099
652,2018-01-09 09:26:05.256,9.604099
653,2018-01-09 09:26:05.356,9.604099
654,2018-01-09 09:26:05.456,9.604099
655,2018-01-09 09:26:05.556,9.907991
656,2018-01-09 09:26:05.656,9.907991
657,2018-01-09 09:26:05.757,9.907991
658,2018-01-09 09:26:05.856,9.907991
659,2018-01-09 09:26:05.956,9.907991
660,2018-01-09 09:26:06.055,9.907991
661,2018-01-09 09:26:06.155,9.907991
662,2018-01-09 09:26:06.255,9.907991
663,2018-01-09 09:26:06.355,9.907991
664,2018-01-09 09:26:06.455,9.907991
665,2018-01-09 09:26:06.555,10.13406
666,2018-01-09 09:26:06.656,10.13406
667,2018-01-09 09:26:06.755,10.13406
668,2018-01-09 09:26:06.855,10.13406
669,2018-01-09 09:26:06.955,10.13406
670,2018-01-09 09:26:07.055,10.13406
671,2018-01-09 09:26:07.155,10.13406
672,2018-01-09 09:26:07.255,10.13406
673,2018-01-09 09:26:07.355,10.13406
674,2018-01-09 09:26:07.455,10.13406
675,2018-01-09 09:26:07.555,10.16
676,2018-01-09 09:26:07.656,10.16
677,2018-01-09 09:26:07.756,10.16
678,2018-01-09 09:26:07.856,10.16
679,2018-01-09 09:26:07.956,10.16
680,2018-01-09 09:26:08.056,10.16
681,2018-01-09 09:26:08.157,10.16
682,2018-01-09 09:26:08.256,10.16
683,2018-01-09 09:26:08.356,10.16
684,2018-01-09 09:26:08.456,10.16
685,2018-01-09 09:26:08.557,8.851780999999997
686,2018-01-09 09:26:08.656,8.851780999999997
687,2018-01-09 09:26:08.756,8.851780999999997
688,2018-01-09 09:26:08.856,8.851780999999997
689,2018-01-09 09:26:08.956,8.851780999999997
690,2018-01-09 09:26:09.056,8.851780999999997
691,2018-01-09 09:26:09.156,8.851780999999997
692,2018-01-09 09:26:09.256,8.851780999999997
693,2018-01-09 09:26:09.356,8.851780999999997
694,2018-01-09 09:26:09.456,8.851780999999997
695,2018-01-09 09:26:09.556,9.687484
696,2018-01-09 09:26:09.656,9.687484
697,2018-01-09 09:26:09.756,9.687484
698,2018-01-09 09:26:09.856,9.687484
699,2018-01-09 09:26:09.956,9.687484
700,2018-01-09 09:26:10.056,9.687484
701,2018-01-09 09:26:10.156,9.687484
702,2018-01-09 09:26:10.257,9.687484
703,2018-01-09 09:26:10.356,9.687484
704,2018-01-09 09:26:10.456,9.687484
705,2018-01-09 09:26:10.556,9.48736
706,2018-01-09 09:26:10.656,9.48736
707,2018-01-09 09:26:10.757,9.48736
708,2018-01-09 09:26:10.857,9.48736
709,2018-01-09 09:26:10.955,9.48736
710,2018-01-09 09:26:11.055,9.48736
711,2018-01-09 09:26:11.155,9.48736
712,2018-01-09 09:26:11.255,9.48736
713,2018-01-09 09:26:11.355,9.48736
714,2018-01-09 09:26:11.455,9.48736
715,2018-01-09 09:26:11.555,9.485507
716,2018-01-09 09:26:11.655,9.485507
717,2018-01-09 09:26:11.755,9.485507
718,2018-01-09 09:26:11.855,9.485507
719,2018-01-09 09:26:11.955,9.485507
720,2018-01-09 09:26:12.055,9.485507
721,2018-01-09 09:26:12.155,9.485507
722,2018-01-09 09:26:12.255,9.485507
723,2018-01-09 09:26:12.356,9.485507
724,2018-01-09 09:26:12.456,9.485507
725,2018-01-09 09:26:12.555,9.253882
726,2018-01-09 09:26:12.656,9.253882
727,2018-01-09 09:26:12.755,9.253882
728,2018-01-09 09:26:12.855,9.253882
729,2018-01-09 09:26:12.955,9.253882
730,2018-01-09 09:26:13.055,9.253882
731,2018-01-09 09:26:13.155,9.253882
732,2018-01-09 09:26:13.255,9.253882
733,2018-01-09 09:26:13.355,9.253882
734,2018-01-09 09:26:13.455,9.253882
735,2018-01-09 09:26:13.556,9.15382
736,2018-01-09 09:26:13.656,9.15382
737,2018-01-09 09:26:13.756,9.15382
738,2018-01-09 09:26:13.856,9.15382
739,2018-01-09 09:26:13.956,9.15382
740,2018-01-09 09:26:14.057,9.15382
741,2018-01-09 09:26:14.157,9.15382
742,2018-01-09 09:26:14.256,9.15382
743,2018-01-09 09:26:14.356,9.15382
744,2018-01-09 09:26:14.456,9.15382
745,2018-01-09 09:26:14.556,9.055611
746,2018-01-09 09:26:14.656,9.055611
747,2018-01-09 09:26:14.757,9.055611
748,2018-01-09 09:26:14.856,9.055611
749,2018-01-09 09:26:14.956,9.055611
750,2018-01-09 09:26:15.056,9.055611
751,2018-01-09 09:26:15.156,9.055611
752,2018-01-09 09:26:15.256,9.055611
753,2018-01-09 09:26:15.356,9.055611
754,2018-01-09 09:26:15.456,9.055611
755,2018-01-09 09:26:15.556,8.916636
756,2018-01-09 09:26:15.656,8.916636
757,2018-01-09 09:26:15.756,8.916636
758,2018-01-09 09:26:15.856,8.916636
759,2018-01-09 09:26:15.956,8.916636
760,2018-01-09 09:26:16.055,8.916636
761,2018-01-09 09:26:16.155,8.916636
762,2018-01-09 09:26:16.256,8.916636
763,2018-01-09 09:26:16.355,8.916636
764,2018-01-09 09:26:16.455,8.916636
765,2018-01-09 09:26:16.555,9.159379
766,2018-01-09 09:26:16.656,9.159379
767,2018-01-09 09:26:16.757,9.159379
768,2018-01-09 09:26:16.856,9.159379
769,2018-01-09 09:26:16.956,9.159379
770,2018-01-09 09:26:17.056,9.159379
771,2018-01-09 09:26:17.156,9.159379
772,2018-01-09 09:26:17.256,9.159379
773,2018-01-09 09:26:17.356,9.159379
774,2018-01-09 09:26:17.456,9.159379
775,2018-01-09 09:26:17.556,9.151967
776,2018-01-09 09:26:17.656,9.151967
777,2018-01-09 09:26:17.756,9.151967
778,2018-01-09 09:26:17.856,9.151967
779,2018-01-09 09:26:17.957,9.151967
780,2018-01-09 09:26:18.056,9.151967
781,2018-01-09 09:26:18.157,9.151967
782,2018-01-09 09:26:18.257,9.151967
783,2018-01-09 09:26:18.356,9.151967
784,2018-01-09 09:26:18.456,9.151967
785,2018-01-09 09:26:18.557,9.352091
786,2018-01-09 09:26:18.656,9.352091
787,2018-01-09 09:26:18.756,9.352091
788,2018-01-09 09:26:18.856,9.352091
789,2018-01-09 09:26:18.956,9.352091
790,2018-01-09 09:26:19.056,9.352091
791,2018-01-09 09:26:19.156,9.352091
792,2018-01-09 09:26:19.256,9.352091
793,2018-01-09 09:26:19.356,9.352091
794,2018-01-09 09:26:19.456,9.352091
795,2018-01-09 09:26:19.556,9.609658
796,2018-01-09 09:26:19.657,9.609658
797,2018-01-09 09:26:19.757,9.609658
798,2018-01-09 09:26:19.857,9.609658
799,2018-01-09 09:26:19.957,9.609658
800,2018-01-09 09:26:20.057,9.609658
801,2018-01-09 09:26:20.157,9.609658
802,2018-01-09 09:26:20.257,9.609658
803,2018-01-09 09:26:20.358,9.609658
804,2018-01-09 09:26:20.458,9.609658
805,2018-01-09 09:26:20.557,9.967287
806,2018-01-09 09:26:20.658,9.967287
807,2018-01-09 09:26:20.757,9.967287
808,2018-01-09 09:26:20.857,9.967287
809,2018-01-09 09:26:20.955,9.967287
810,2018-01-09 09:26:21.055,9.967287
811,2018-01-09 09:26:21.155,9.967287
812,2018-01-09 09:26:21.255,9.967287
813,2018-01-09 09:26:21.355,9.967287
814,2018-01-09 09:26:21.455,9.967287
815,2018-01-09 09:26:21.555,9.920962
816,2018-01-09 09:26:21.655,9.920962
817,2018-01-09 09:26:21.755,9.920962
818,2018-01-09 09:26:21.855,9.920962
819,2018-01-09 09:26:21.955,9.920962
820,2018-01-09 09:26:22.055,9.920962
821,2018-01-09 09:26:22.156,9.920962
822,2018-01-09 09:26:22.255,9.920962
823,2018-01-09 09:26:22.355,9.920962
824,2018-01-09 09:26:22.456,9.920962
825,2018-01-09 09:26:22.555,10.09329
826,2018-01-09 09:26:22.656,10.09329
827,2018-01-09 09:26:22.757,10.09329
828,2018-01-09 09:26:22.856,10.09329
829,2018-01-09 09:26:22.956,10.09329
830,2018-01-09 09:26:23.056,10.09329
831,2018-01-09 09:26:23.156,10.09329
832,2018-01-09 09:26:23.256,10.09329
833,2018-01-09 09:26:23.356,10.09329
834,2018-01-09 09:26:23.456,10.09329
835,2018-01-09 09:26:23.556,10.03214
836,2018-01-09 09:26:23.656,10.03214
837,2018-01-09 09:26:23.756,10.03214
838,2018-01-09 09:26:23.856,10.03214
839,2018-01-09 09:26:23.957,10.03214
840,2018-01-09 09:26:24.056,10.03214
841,2018-01-09 09:26:24.156,10.03214
842,2018-01-09 09:26:24.257,10.03214
843,2018-01-09 09:26:24.356,10.03214
844,2018-01-09 09:26:24.457,10.03214
845,2018-01-09 09:26:24.556,9.830165
846,2018-01-09 09:26:24.656,9.830165
847,2018-01-09 09:26:24.757,9.830165
848,2018-01-09 09:26:24.856,9.830165
849,2018-01-09 09:26:24.956,9.830165
850,2018-01-09 09:26:25.056,9.830165
851,2018-01-09 09:26:25.156,9.830165
852,2018-01-09 09:26:25.256,9.830165
853,2018-01-09 09:26:25.356,9.830165
854,2018-01-09 09:26:25.456,9.830165
855,2018-01-09 09:26:25.556,9.748633
856,2018-01-09 09:26:25.657,9.748633
857,2018-01-09 09:26:25.757,9.748633
858,2018-01-09 09:26:25.857,9.748633
859,2018-01-09 09:26:25.956,9.748633
860,2018-01-09 09:26:26.056,9.748633
861,2018-01-09 09:26:26.156,9.748633
862,2018-01-09 09:26:26.256,9.748633
863,2018-01-09 09:26:26.356,9.748633
864,2018-01-09 09:26:26.456,9.748633
865,2018-01-09 09:26:26.557,9.181615
866,2018-01-09 09:26:26.656,9.181615
867,2018-01-09 09:26:26.756,9.181615
868,2018-01-09 09:26:26.856,9.181615
869,2018-01-09 09:26:26.956,9.181615
870,2018-01-09 09:26:27.056,9.181615
871,2018-01-09 09:26:27.156,9.181615
872,2018-01-09 09:26:27.256,9.181615
873,2018-01-09 09:26:27.356,9.181615
874,2018-01-09 09:26:27.456,9.181615
875,2018-01-09 09:26:27.556,8.145788
876,2018-01-09 09:26:27.656,8.145788
877,2018-01-09 09:26:27.756,8.145788
878,2018-01-09 09:26:27.856,8.145788
879,2018-01-09 09:26:27.956,8.145788
880,2018-01-09 09:26:28.056,8.145788
881,2018-01-09 09:26:28.156,8.145788
882,2018-01-09 09:26:28.256,8.145788
883,2018-01-09 09:26:28.356,8.145788
884,2018-01-09 09:26:28.456,8.145788
885,2018-01-09 09:26:28.557,9.203851
886,2018-01-09 09:26:28.657,9.203851
887,2018-01-09 09:26:28.757,9.203851
888,2018-01-09 09:26:28.857,9.203851
889,2018-01-09 09:26:28.957,9.203851
890,2018-01-09 09:26:29.057,9.203851
891,2018-01-09 09:26:29.157,9.203851
892,2018-01-09 09:26:29.257,9.203851
893,2018-01-09 09:26:29.357,9.203851
894,2018-01-09 09:26:29.457,9.203851
895,2018-01-09 09:26:29.557,9.415093
896,2018-01-09 09:26:29.657,9.415093
897,2018-01-09 09:26:29.757,9.415093
898,2018-01-09 09:26:29.857,9.415093
899,2018-01-09 09:26:29.957,9.415093
900,2018-01-09 09:26:30.057,9.415093
901,2018-01-09 09:26:30.157,9.415093
902,2018-01-09 09:26:30.257,9.415093
903,2018-01-09 09:26:30.357,9.415093
904,2018-01-09 09:26:30.457,9.415093
905,2018-01-09 09:26:30.557,9.696749
906,2018-01-09 09:26:30.657,9.696749
907,2018-01-09 09:26:30.757,9.696749
908,2018-01-09 09:26:30.857,9.696749
909,2018-01-09 09:26:30.955,9.696749
910,2018-01-09 09:26:31.055,9.696749
911,2018-01-09 09:26:31.155,9.696749
912,2018-01-09 09:26:31.255,9.696749
913,2018-01-09 09:26:31.355,9.696749
914,2018-01-09 09:26:31.455,9.696749
915,2018-01-09 09:26:31.555,9.826459
916,2018-01-09 09:26:31.655,9.826459
917,2018-01-09 09:26:31.756,9.826459
918,2018-01-09 09:26:31.856,9.826459
919,2018-01-09 09:26:31.956,9.826459
920,2018-01-09 09:26:32.056,9.826459
921,2018-01-09 09:26:32.157,9.826459
922,2018-01-09 09:26:32.256,9.826459
923,2018-01-09 09:26:32.356,9.826459
924,2018-01-09 09:26:32.456,9.826459
925,2018-01-09 09:26:32.556,10.09329
926,2018-01-09 09:26:32.656,10.09329
927,2018-01-09 09:26:32.756,10.09329
928,2018-01-09 09:26:32.856,10.09329
929,2018-01-09 09:26:32.956,10.09329
930,2018-01-09 09:26:33.056,10.09329
931,2018-01-09 09:26:33.156,10.09329
932,2018-01-09 09:26:33.256,10.09329
933,2018-01-09 09:26:33.356,10.09329
934,2018-01-09 09:26:33.456,10.09329
935,2018-01-09 09:26:33.556,10.08403
936,2018-01-09 09:26:33.656,10.08403
937,2018-01-09 09:26:33.756,10.08403
938,2018-01-09 09:26:33.856,10.08403
939,2018-01-09 09:26:33.956,10.08403
940,2018-01-09 09:26:34.056,10.08403
941,2018-01-09 09:26:34.156,10.08403
942,2018-01-09 09:26:34.256,10.08403
943,2018-01-09 09:26:34.356,10.08403
944,2018-01-09 09:26:34.456,10.08403
945,2018-01-09 09:26:34.556,8.258821000000001
946,2018-01-09 09:26:34.657,8.258821000000001
947,2018-01-09 09:26:34.757,8.258821000000001
948,2018-01-09 09:26:34.858,8.258821000000001
949,2018-01-09 09:26:34.957,8.258821000000001
950,2018-01-09 09:26:35.057,8.258821000000001
951,2018-01-09 09:26:35.157,8.258821000000001
952,2018-01-09 09:26:35.257,8.258821000000001
953,2018-01-09 09:26:35.357,8.258821000000001
954,2018-01-09 09:26:35.457,8.258821000000001
955,2018-01-09 09:26:35.557,8.053138
956,2018-01-09 09:26:35.657,8.053138
957,2018-01-09 09:26:35.757,8.053138
958,2018-01-09 09:26:35.857,8.053138
959,2018-01-09 09:26:35.956,8.053138
960,2018-01-09 09:26:36.056,8.053138
961,2018-01-09 09:26:36.156,8.053138
962,2018-01-09 09:26:36.256,8.053138
963,2018-01-09 09:26:36.356,8.053138
964,2018-01-09 09:26:36.456,8.053138
965,2018-01-09 09:26:36.556,7.886367999999999
966,2018-01-09 09:26:36.656,7.886367999999999
967,2018-01-09 09:26:36.756,7.886367999999999
968,2018-01-09 09:26:36.856,7.886367999999999
969,2018-01-09 09:26:36.956,7.886367999999999
970,2018-01-09 09:26:37.056,7.886367999999999
971,2018-01-09 09:26:37.156,7.886367999999999
972,2018-01-09 09:26:37.256,7.886367999999999
973,2018-01-09 09:26:37.356,7.886367999999999
974,2018-01-09 09:26:37.456,7.886367999999999
975,2018-01-09 09:26:37.556,7.806688999999999
976,2018-01-09 09:26:37.656,7.806688999999999
977,2018-01-09 09:26:37.757,7.806688999999999
978,2018-01-09 09:26:37.857,7.806688999999999
979,2018-01-09 09:26:37.957,7.806688999999999
980,2018-01-09 09:26:38.057,7.806688999999999
981,2018-01-09 09:26:38.157,7.806688999999999
982,2018-01-09 09:26:38.257,7.806688999999999
983,2018-01-09 09:26:38.357,7.806688999999999
984,2018-01-09 09:26:38.457,7.806688999999999
985,2018-01-09 09:26:38.557,8.027196
986,2018-01-09 09:26:38.657,8.027196
987,2018-01-09 09:26:38.757,8.027196
988,2018-01-09 09:26:38.857,8.027196
989,2018-01-09 09:26:38.957,8.027196
990,2018-01-09 09:26:39.057,8.027196
991,2018-01-09 09:26:39.157,8.027196
992,2018-01-09 09:26:39.257,8.027196
993,2018-01-09 09:26:39.357,8.027196
994,2018-01-09 09:26:39.457,8.027196
995,2018-01-09 09:26:39.557,8.388531
996,2018-01-09 09:26:39.657,8.388531
997,2018-01-09 09:26:39.757,8.388531
998,2018-01-09 09:26:39.857,8.388531
999,2018-01-09 09:26:39.957,8.388531
1000,2018-01-09 09:26:40.057,8.388531
1001,2018-01-09 09:26:40.157,8.388531
1002,2018-01-09 09:26:40.257,8.388531
1003,2018-01-09 09:26:40.357,8.388531
1004,2018-01-09 09:26:40.457,8.388531
1005,2018-01-09 09:26:40.557,8.722071000000001
1006,2018-01-09 09:26:40.657,8.722071000000001
1007,2018-01-09 09:26:40.757,8.722071000000001
1008,2018-01-09 09:26:40.858,8.722071000000001
1009,2018-01-09 09:26:40.956,8.722071000000001
1010,2018-01-09 09:26:41.056,8.722071000000001
1011,2018-01-09 09:26:41.156,8.722071000000001
1012,2018-01-09 09:26:41.256,8.722071000000001
1013,2018-01-09 09:26:41.356,8.722071000000001
1014,2018-01-09 09:26:41.456,8.722071000000001
1015,2018-01-09 09:26:41.556,8.82028
1016,2018-01-09 09:26:41.656,8.82028
1017,2018-01-09 09:26:41.756,8.82028
1018,2018-01-09 09:26:41.856,8.82028
1019,2018-01-09 09:26:41.956,8.82028
1020,2018-01-09 09:26:42.056,8.82028
1021,2018-01-09 09:26:42.157,8.82028
1022,2018-01-09 09:26:42.256,8.82028
1023,2018-01-09 09:26:42.356,8.82028
1024,2018-01-09 09:26:42.457,8.82028
1025,2018-01-09 09:26:42.556,8.723924
1026,2018-01-09 09:26:42.656,8.723924
1027,2018-01-09 09:26:42.756,8.723924
1028,2018-01-09 09:26:42.857,8.723924
1029,2018-01-09 09:26:42.956,8.723924
1030,2018-01-09 09:26:43.056,8.723924
1031,2018-01-09 09:26:43.156,8.723924
1032,2018-01-09 09:26:43.256,8.723924
1033,2018-01-09 09:26:43.356,8.723924
1034,2018-01-09 09:26:43.456,8.723924
1035,2018-01-09 09:26:43.556,8.382972
1036,2018-01-09 09:26:43.656,8.382972
1037,2018-01-09 09:26:43.757,8.382972
1038,2018-01-09 09:26:43.857,8.382972
1039,2018-01-09 09:26:43.957,8.382972
1040,2018-01-09 09:26:44.057,8.382972
1041,2018-01-09 09:26:44.157,8.382972
1042,2018-01-09 09:26:44.257,8.382972
1043,2018-01-09 09:26:44.357,8.382972
1044,2018-01-09 09:26:44.457,8.382972
1045,2018-01-09 09:26:44.557,7.8882210000000015
1046,2018-01-09 09:26:44.657,7.8882210000000015
1047,2018-01-09 09:26:44.758,7.8882210000000015
1048,2018-01-09 09:26:44.857,7.8882210000000015
1049,2018-01-09 09:26:44.957,7.8882210000000015
1050,2018-01-09 09:26:45.057,7.8882210000000015
1051,2018-01-09 09:26:45.157,7.8882210000000015
1052,2018-01-09 09:26:45.257,7.8882210000000015
1053,2018-01-09 09:26:45.357,7.8882210000000015
1054,2018-01-09 09:26:45.457,7.8882210000000015
1055,2018-01-09 09:26:45.557,7.476855
1056,2018-01-09 09:26:45.657,7.476855
1057,2018-01-09 09:26:45.757,7.476855
1058,2018-01-09 09:26:45.857,7.476855
1059,2018-01-09 09:26:45.957,7.476855
1060,2018-01-09 09:26:46.057,7.476855
1061,2018-01-09 09:26:46.156,7.476855
1062,2018-01-09 09:26:46.256,7.476855
1063,2018-01-09 09:26:46.357,7.476855
1064,2018-01-09 09:26:46.457,7.476855
1065,2018-01-09 09:26:46.556,7.2841429999999985
1066,2018-01-09 09:26:46.657,7.2841429999999985
1067,2018-01-09 09:26:46.756,7.2841429999999985
1068,2018-01-09 09:26:46.857,7.2841429999999985
1069,2018-01-09 09:26:46.957,7.2841429999999985
1070,2018-01-09 09:26:47.057,7.2841429999999985
1071,2018-01-09 09:26:47.157,7.2841429999999985
1072,2018-01-09 09:26:47.258,7.2841429999999985
1073,2018-01-09 09:26:47.357,7.2841429999999985
1074,2018-01-09 09:26:47.457,7.2841429999999985
1075,2018-01-09 09:26:47.557,7.291555000000002
1076,2018-01-09 09:26:47.657,7.291555000000002
1077,2018-01-09 09:26:47.757,7.291555000000002
1078,2018-01-09 09:26:47.857,7.291555000000002
1079,2018-01-09 09:26:47.957,7.291555000000002
1080,2018-01-09 09:26:48.058,7.291555000000002
1081,2018-01-09 09:26:48.158,7.291555000000002
1082,2018-01-09 09:26:48.257,7.291555000000002
1083,2018-01-09 09:26:48.357,7.291555000000002
1084,2018-01-09 09:26:48.457,7.291555000000002
1085,2018-01-09 09:26:48.557,7.387911
1086,2018-01-09 09:26:48.658,7.387911
1087,2018-01-09 09:26:48.757,7.387911
1088,2018-01-09 09:26:48.858,7.387911
1089,2018-01-09 09:26:48.957,7.387911
1090,2018-01-09 09:26:49.057,7.387911
1091,2018-01-09 09:26:49.157,7.387911
1092,2018-01-09 09:26:49.257,7.387911
1093,2018-01-09 09:26:49.357,7.387911
1094,2018-01-09 09:26:49.457,7.387911
1095,2018-01-09 09:26:49.557,7.525033
1096,2018-01-09 09:26:49.657,7.525033
1097,2018-01-09 09:26:49.758,7.525033
1098,2018-01-09 09:26:49.858,7.525033
1099,2018-01-09 09:26:49.958,7.525033
1100,2018-01-09 09:26:50.058,7.525033
1101,2018-01-09 09:26:50.158,7.525033
1102,2018-01-09 09:26:50.259,7.525033
1103,2018-01-09 09:26:50.358,7.525033
1104,2018-01-09 09:26:50.458,7.525033
1105,2018-01-09 09:26:50.558,7.662155
1106,2018-01-09 09:26:50.658,7.662155
1107,2018-01-09 09:26:50.758,7.662155
1108,2018-01-09 09:26:50.859,7.662155
1109,2018-01-09 09:26:50.956,7.662155
1110,2018-01-09 09:26:51.056,7.662155
1111,2018-01-09 09:26:51.156,7.662155
1112,2018-01-09 09:26:51.256,7.662155
1113,2018-01-09 09:26:51.356,7.662155
1114,2018-01-09 09:26:51.456,7.662155
1115,2018-01-09 09:26:51.556,7.699215
1116,2018-01-09 09:26:51.656,7.699215
1117,2018-01-09 09:26:51.756,7.699215
1118,2018-01-09 09:26:51.856,7.699215
1119,2018-01-09 09:26:51.956,7.699215
1120,2018-01-09 09:26:52.056,7.699215
1121,2018-01-09 09:26:52.156,7.699215
1122,2018-01-09 09:26:52.256,7.699215
1123,2018-01-09 09:26:52.356,7.699215
1124,2018-01-09 09:26:52.457,7.699215
1125,2018-01-09 09:26:52.557,7.588035
1126,2018-01-09 09:26:52.656,7.588035
1127,2018-01-09 09:26:52.757,7.588035
1128,2018-01-09 09:26:52.857,7.588035
1129,2018-01-09 09:26:52.957,7.588035
1130,2018-01-09 09:26:53.057,7.588035
1131,2018-01-09 09:26:53.157,7.588035
1132,2018-01-09 09:26:53.257,7.588035
1133,2018-01-09 09:26:53.357,7.588035
1134,2018-01-09 09:26:53.457,7.588035
1135,2018-01-09 09:26:53.557,7.3842050000000015
1136,2018-01-09 09:26:53.657,7.3842050000000015
1137,2018-01-09 09:26:53.757,7.3842050000000015
1138,2018-01-09 09:26:53.857,7.3842050000000015
1139,2018-01-09 09:26:53.957,7.3842050000000015
1140,2018-01-09 09:26:54.057,7.3842050000000015
1141,2018-01-09 09:26:54.157,7.3842050000000015
1142,2018-01-09 09:26:54.258,7.3842050000000015
1143,2018-01-09 09:26:54.357,7.3842050000000015
1144,2018-01-09 09:26:54.457,7.3842050000000015
1145,2018-01-09 09:26:54.557,7.117373
1146,2018-01-09 09:26:54.657,7.117373
1147,2018-01-09 09:26:54.757,7.117373
1148,2018-01-09 09:26:54.857,7.117373
1149,2018-01-09 09:26:54.957,7.117373
1150,2018-01-09 09:26:55.057,7.117373
1151,2018-01-09 09:26:55.157,7.117373
1152,2018-01-09 09:26:55.257,7.117373
1153,2018-01-09 09:26:55.357,7.117373
1154,2018-01-09 09:26:55.457,7.117373
1155,2018-01-09 09:26:55.557,6.865365
1156,2018-01-09 09:26:55.658,6.865365
1157,2018-01-09 09:26:55.757,6.865365
1158,2018-01-09 09:26:55.857,6.865365
1159,2018-01-09 09:26:55.957,6.865365
1160,2018-01-09 09:26:56.058,6.865365
1161,2018-01-09 09:26:56.157,6.865365
1162,2018-01-09 09:26:56.257,6.865365
1163,2018-01-09 09:26:56.358,6.865365
1164,2018-01-09 09:26:56.458,6.865365
1165,2018-01-09 09:26:56.558,6.728242999999999
1166,2018-01-09 09:26:56.658,6.728242999999999
1167,2018-01-09 09:26:56.758,6.728242999999999
1168,2018-01-09 09:26:56.857,6.728242999999999
1169,2018-01-09 09:26:56.957,6.728242999999999
1170,2018-01-09 09:26:57.057,6.728242999999999
1171,2018-01-09 09:26:57.157,6.728242999999999
1172,2018-01-09 09:26:57.257,6.728242999999999
1173,2018-01-09 09:26:57.357,6.728242999999999
1174,2018-01-09 09:26:57.457,6.728242999999999
1175,2018-01-09 09:26:57.557,6.78198
1176,2018-01-09 09:26:57.657,6.78198
1177,2018-01-09 09:26:57.757,6.78198
1178,2018-01-09 09:26:57.857,6.78198
1179,2018-01-09 09:26:57.957,6.78198
1180,2018-01-09 09:26:58.058,6.78198
1181,2018-01-09 09:26:58.157,6.78198
1182,2018-01-09 09:26:58.257,6.78198
1183,2018-01-09 09:26:58.357,6.78198
1184,2018-01-09 09:26:58.457,6.78198
1185,2018-01-09 09:26:58.557,7.009899000000001
1186,2018-01-09 09:26:58.658,7.009899000000001
1187,2018-01-09 09:26:58.758,7.009899000000001
1188,2018-01-09 09:26:58.858,7.009899000000001
1189,2018-01-09 09:26:58.957,7.009899000000001
1190,2018-01-09 09:26:59.058,7.009899000000001
1191,2018-01-09 09:26:59.158,7.009899000000001
1192,2018-01-09 09:26:59.258,7.009899000000001
1193,2018-01-09 09:26:59.358,7.009899000000001
1194,2018-01-09 09:26:59.458,7.009899000000001
1195,2018-01-09 09:26:59.558,7.656596
1196,2018-01-09 09:26:59.658,7.656596
1197,2018-01-09 09:26:59.758,7.656596
1198,2018-01-09 09:26:59.858,7.656596
1199,2018-01-09 09:26:59.958,7.656596
1200,2018-01-09 09:27:00.058,7.656596
1201,2018-01-09 09:27:00.158,7.656596
1202,2018-01-09 09:27:00.258,7.656596
1203,2018-01-09 09:27:00.358,7.656596
1204,2018-01-09 09:27:00.458,7.656596
1205,2018-01-09 09:27:00.558,7.688097
1206,2018-01-09 09:27:00.658,7.688097
1207,2018-01-09 09:27:00.759,7.688097
1208,2018-01-09 09:27:00.858,7.688097
1209,2018-01-09 09:27:00.957,7.688097
1210,2018-01-09 09:27:01.056,7.688097
1211,2018-01-09 09:27:01.156,7.688097
1212,2018-01-09 09:27:01.256,7.688097
1213,2018-01-09 09:27:01.356,7.688097
1214,2018-01-09 09:27:01.456,7.688097
1215,2018-01-09 09:27:01.556,7.61583
1216,2018-01-09 09:27:01.656,7.61583
1217,2018-01-09 09:27:01.756,7.61583
1218,2018-01-09 09:27:01.856,7.61583
1219,2018-01-09 09:27:01.957,7.61583
1220,2018-01-09 09:27:02.057,7.61583
1221,2018-01-09 09:27:02.157,7.61583
1222,2018-01-09 09:27:02.258,7.61583
1223,2018-01-09 09:27:02.357,7.61583
1224,2018-01-09 09:27:02.457,7.61583
1225,2018-01-09 09:27:02.558,7.539857
1226,2018-01-09 09:27:02.657,7.539857
1227,2018-01-09 09:27:02.758,7.539857
1228,2018-01-09 09:27:02.858,7.539857
1229,2018-01-09 09:27:02.958,7.539857
1230,2018-01-09 09:27:03.057,7.539857
1231,2018-01-09 09:27:03.157,7.539857
1232,2018-01-09 09:27:03.257,7.539857
1233,2018-01-09 09:27:03.357,7.539857
1234,2018-01-09 09:27:03.457,7.539857
1235,2018-01-09 09:27:03.557,7.089578
1236,2018-01-09 09:27:03.657,7.089578
1237,2018-01-09 09:27:03.757,7.089578
1238,2018-01-09 09:27:03.857,7.089578
1239,2018-01-09 09:27:03.957,7.089578
1240,2018-01-09 09:27:04.057,7.089578
1241,2018-01-09 09:27:04.158,7.089578
1242,2018-01-09 09:27:04.257,7.089578
1243,2018-01-09 09:27:04.358,7.089578
1244,2018-01-09 09:27:04.457,7.089578
1245,2018-01-09 09:27:04.558,7.250789
1246,2018-01-09 09:27:04.657,7.250789
1247,2018-01-09 09:27:04.758,7.250789
1248,2018-01-09 09:27:04.857,7.250789
1249,2018-01-09 09:27:04.957,7.250789
1250,2018-01-09 09:27:05.058,7.250789
1251,2018-01-09 09:27:05.158,7.250789
1252,2018-01-09 09:27:05.258,7.250789
1253,2018-01-09 09:27:05.358,7.250789
1254,2018-01-09 09:27:05.458,7.250789
1255,2018-01-09 09:27:05.558,7.43053
1256,2018-01-09 09:27:05.658,7.43053
1257,2018-01-09 09:27:05.758,7.43053
1258,2018-01-09 09:27:05.858,7.43053
1259,2018-01-09 09:27:05.957,7.43053
1260,2018-01-09 09:27:06.058,7.43053
1261,2018-01-09 09:27:06.157,7.43053
1262,2018-01-09 09:27:06.257,7.43053
1263,2018-01-09 09:27:06.357,7.43053
1264,2018-01-09 09:27:06.457,7.43053
1265,2018-01-09 09:27:06.557,7.591741000000002
1266,2018-01-09 09:27:06.657,7.591741000000002
1267,2018-01-09 09:27:06.758,7.591741000000002
1268,2018-01-09 09:27:06.857,7.591741000000002
1269,2018-01-09 09:27:06.957,7.591741000000002
1270,2018-01-09 09:27:07.057,7.591741000000002
1271,2018-01-09 09:27:07.157,7.591741000000002
1272,2018-01-09 09:27:07.257,7.591741000000002
1273,2018-01-09 09:27:07.357,7.591741000000002
1274,2018-01-09 09:27:07.457,7.591741000000002
1275,2018-01-09 09:27:07.557,7.675126
1276,2018-01-09 09:27:07.657,7.675126
1277,2018-01-09 09:27:07.757,7.675126
1278,2018-01-09 09:27:07.857,7.675126
1279,2018-01-09 09:27:07.958,7.675126
1280,2018-01-09 09:27:08.058,7.675126
1281,2018-01-09 09:27:08.159,7.675126
1282,2018-01-09 09:27:08.258,7.675126
1283,2018-01-09 09:27:08.358,7.675126
1284,2018-01-09 09:27:08.458,7.675126
1285,2018-01-09 09:27:08.558,7.682538
1286,2018-01-09 09:27:08.659,7.682538
1287,2018-01-09 09:27:08.758,7.682538
1288,2018-01-09 09:27:08.859,7.682538
1289,2018-01-09 09:27:08.958,7.682538
1290,2018-01-09 09:27:09.058,7.682538
1291,2018-01-09 09:27:09.158,7.682538
1292,2018-01-09 09:27:09.258,7.682538
1293,2018-01-09 09:27:09.358,7.682538
1294,2018-01-09 09:27:09.458,7.682538
1295,2018-01-09 09:27:09.558,7.747392999999999
1296,2018-01-09 09:27:09.658,7.747392999999999
1297,2018-01-09 09:27:09.758,7.747392999999999
1298,2018-01-09 09:27:09.858,7.747392999999999
1299,2018-01-09 09:27:09.958,7.747392999999999
1300,2018-01-09 09:27:10.059,7.747392999999999
1301,2018-01-09 09:27:10.159,7.747392999999999
1302,2018-01-09 09:27:10.258,7.747392999999999
1303,2018-01-09 09:27:10.358,7.747392999999999
1304,2018-01-09 09:27:10.458,7.747392999999999
1305,2018-01-09 09:27:10.559,7.834484
1306,2018-01-09 09:27:10.658,7.834484
1307,2018-01-09 09:27:10.758,7.834484
1308,2018-01-09 09:27:10.858,7.834484
1309,2018-01-09 09:27:10.957,7.834484
1310,2018-01-09 09:27:11.057,7.834484
1311,2018-01-09 09:27:11.157,7.834484
1312,2018-01-09 09:27:11.257,7.834484
1313,2018-01-09 09:27:11.357,7.834484
1314,2018-01-09 09:27:11.457,7.834484
1315,2018-01-09 09:27:11.557,7.810395
1316,2018-01-09 09:27:11.657,7.810395
1317,2018-01-09 09:27:11.757,7.810395
1318,2018-01-09 09:27:11.857,7.810395
1319,2018-01-09 09:27:11.957,7.810395
1320,2018-01-09 09:27:12.057,7.810395
1321,2018-01-09 09:27:12.157,7.810395
1322,2018-01-09 09:27:12.257,7.810395
1323,2018-01-09 09:27:12.358,7.810395
1324,2018-01-09 09:27:12.457,7.810395
1325,2018-01-09 09:27:12.557,7.719597999999999
1326,2018-01-09 09:27:12.657,7.719597999999999
1327,2018-01-09 09:27:12.758,7.719597999999999
1328,2018-01-09 09:27:12.857,7.719597999999999
1329,2018-01-09 09:27:12.957,7.719597999999999
1330,2018-01-09 09:27:13.057,7.719597999999999
1331,2018-01-09 09:27:13.157,7.719597999999999
1332,2018-01-09 09:27:13.257,7.719597999999999
1333,2018-01-09 09:27:13.357,7.719597999999999
1334,2018-01-09 09:27:13.457,7.719597999999999
1335,2018-01-09 09:27:13.557,7.549122
1336,2018-01-09 09:27:13.657,7.549122
1337,2018-01-09 09:27:13.757,7.549122
1338,2018-01-09 09:27:13.857,7.549122
1339,2018-01-09 09:27:13.958,7.549122
1340,2018-01-09 09:27:14.058,7.549122
1341,2018-01-09 09:27:14.158,7.549122
1342,2018-01-09 09:27:14.258,7.549122
1343,2018-01-09 09:27:14.358,7.549122
1344,2018-01-09 09:27:14.458,7.549122
1345,2018-01-09 09:27:14.558,7.437942
1346,2018-01-09 09:27:14.658,7.437942
1347,2018-01-09 09:27:14.758,7.437942
1348,2018-01-09 09:27:14.858,7.437942
1349,2018-01-09 09:27:14.958,7.437942
1350,2018-01-09 09:27:15.058,7.437942
1351,2018-01-09 09:27:15.158,7.437942
1352,2018-01-09 09:27:15.258,7.437942
1353,2018-01-09 09:27:15.358,7.437942
1354,2018-01-09 09:27:15.458,7.437942
1355,2018-01-09 09:27:15.558,7.480561
1356,2018-01-09 09:27:15.658,7.480561
1357,2018-01-09 09:27:15.758,7.480561
1358,2018-01-09 09:27:15.858,7.480561
1359,2018-01-09 09:27:15.957,7.480561
1360,2018-01-09 09:27:16.057,7.480561
1361,2018-01-09 09:27:16.157,7.480561
1362,2018-01-09 09:27:16.257,7.480561
1363,2018-01-09 09:27:16.357,7.480561
1364,2018-01-09 09:27:16.458,7.480561
1365,2018-01-09 09:27:16.557,7.610271000000001
1366,2018-01-09 09:27:16.658,7.610271000000001
1367,2018-01-09 09:27:16.757,7.610271000000001
1368,2018-01-09 09:27:16.858,7.610271000000001
1369,2018-01-09 09:27:16.958,7.610271000000001
1370,2018-01-09 09:27:17.058,7.610271000000001
1371,2018-01-09 09:27:17.158,7.610271000000001
1372,2018-01-09 09:27:17.258,7.610271000000001
1373,2018-01-09 09:27:17.358,7.610271000000001
1374,2018-01-09 09:27:17.458,7.610271000000001
1375,2018-01-09 09:27:17.558,7.799277
1376,2018-01-09 09:27:17.658,7.799277
1377,2018-01-09 09:27:17.758,7.799277
1378,2018-01-09 09:27:17.858,7.799277
1379,2018-01-09 09:27:17.958,7.799277
1380,2018-01-09 09:27:18.058,7.799277
1381,2018-01-09 09:27:18.158,7.799277
1382,2018-01-09 09:27:18.259,7.799277
1383,2018-01-09 09:27:18.358,7.799277
1384,2018-01-09 09:27:18.458,7.799277
1385,2018-01-09 09:27:18.558,7.817807000000001
1386,2018-01-09 09:27:18.658,7.817807000000001
1387,2018-01-09 09:27:18.758,7.817807000000001
1388,2018-01-09 09:27:18.859,7.817807000000001
1389,2018-01-09 09:27:18.958,7.817807000000001
1390,2018-01-09 09:27:19.058,7.817807000000001
1391,2018-01-09 09:27:19.158,7.817807000000001
1392,2018-01-09 09:27:19.258,7.817807000000001
1393,2018-01-09 09:27:19.358,7.817807000000001
1394,2018-01-09 09:27:19.458,7.817807000000001
1395,2018-01-09 09:27:19.558,7.678832000000001
1396,2018-01-09 09:27:19.658,7.678832000000001
1397,2018-01-09 09:27:19.758,7.678832000000001
1398,2018-01-09 09:27:19.859,7.678832000000001
1399,2018-01-09 09:27:19.958,7.678832000000001
1400,2018-01-09 09:27:20.059,7.678832000000001
1401,2018-01-09 09:27:20.159,7.678832000000001
1402,2018-01-09 09:27:20.259,7.678832000000001
1403,2018-01-09 09:27:20.360,7.678832000000001
1404,2018-01-09 09:27:20.459,7.678832000000001
1405,2018-01-09 09:27:20.559,7.391617
1406,2018-01-09 09:27:20.660,7.391617
1407,2018-01-09 09:27:20.760,7.391617
1408,2018-01-09 09:27:20.859,7.391617
1409,2018-01-09 09:27:20.956,7.391617
1410,2018-01-09 09:27:21.056,7.391617
1411,2018-01-09 09:27:21.156,7.391617
1412,2018-01-09 09:27:21.256,7.391617
1413,2018-01-09 09:27:21.356,7.391617
1414,2018-01-09 09:27:21.456,7.391617
1415,2018-01-09 09:27:21.556,7.074754
1416,2018-01-09 09:27:21.656,7.074754
1417,2018-01-09 09:27:21.756,7.074754
1418,2018-01-09 09:27:21.856,7.074754
1419,2018-01-09 09:27:21.956,7.074754
1420,2018-01-09 09:27:22.056,7.074754
1421,2018-01-09 09:27:22.156,7.074754
1422,2018-01-09 09:27:22.256,7.074754
1423,2018-01-09 09:27:22.356,7.074754
1424,2018-01-09 09:27:22.456,7.074754
1425,2018-01-09 09:27:22.556,6.882042
1426,2018-01-09 09:27:22.656,6.882042
1427,2018-01-09 09:27:22.756,6.882042
1428,2018-01-09 09:27:22.857,6.882042
1429,2018-01-09 09:27:22.957,6.882042
1430,2018-01-09 09:27:23.057,6.882042
1431,2018-01-09 09:27:23.157,6.882042
1432,2018-01-09 09:27:23.257,6.882042
1433,2018-01-09 09:27:23.357,6.882042
1434,2018-01-09 09:27:23.457,6.882042
1435,2018-01-09 09:27:23.557,6.830158
1436,2018-01-09 09:27:23.657,6.830158
1437,2018-01-09 09:27:23.757,6.830158
1438,2018-01-09 09:27:23.857,6.830158
1439,2018-01-09 09:27:23.957,6.830158
1440,2018-01-09 09:27:24.057,6.830158
1441,2018-01-09 09:27:24.157,6.830158
1442,2018-01-09 09:27:24.257,6.830158
1443,2018-01-09 09:27:24.357,6.830158
1444,2018-01-09 09:27:24.457,6.830158
1445,2018-01-09 09:27:24.557,6.928367
1446,2018-01-09 09:27:24.657,6.928367
1447,2018-01-09 09:27:24.757,6.928367
1448,2018-01-09 09:27:24.857,6.928367
1449,2018-01-09 09:27:24.957,6.928367
1450,2018-01-09 09:27:25.057,6.928367
1451,2018-01-09 09:27:25.157,6.928367
1452,2018-01-09 09:27:25.257,6.928367
1453,2018-01-09 09:27:25.357,6.928367
1454,2018-01-09 09:27:25.457,6.928367
1455,2018-01-09 09:27:25.557,7.217435000000001
1456,2018-01-09 09:27:25.657,7.217435000000001
1457,2018-01-09 09:27:25.757,7.217435000000001
1458,2018-01-09 09:27:25.857,7.217435000000001
1459,2018-01-09 09:27:25.956,7.217435000000001
1460,2018-01-09 09:27:26.057,7.217435000000001
1461,2018-01-09 09:27:26.157,7.217435000000001
1462,2018-01-09 09:27:26.257,7.217435000000001
1463,2018-01-09 09:27:26.358,7.217435000000001
1464,2018-01-09 09:27:26.457,7.217435000000001
1465,2018-01-09 09:27:26.558,7.4712960000000015
1466,2018-01-09 09:27:26.657,7.4712960000000015
1467,2018-01-09 09:27:26.758,7.4712960000000015
1468,2018-01-09 09:27:26.858,7.4712960000000015
1469,2018-01-09 09:27:26.958,7.4712960000000015
1470,2018-01-09 09:27:27.057,7.4712960000000015
1471,2018-01-09 09:27:27.157,7.4712960000000015
1472,2018-01-09 09:27:27.257,7.4712960000000015
1473,2018-01-09 09:27:27.357,7.4712960000000015
1474,2018-01-09 09:27:27.457,7.4712960000000015
1475,2018-01-09 09:27:27.557,7.541710000000001
1476,2018-01-09 09:27:27.657,7.541710000000001
1477,2018-01-09 09:27:27.757,7.541710000000001
1478,2018-01-09 09:27:27.857,7.541710000000001
1479,2018-01-09 09:27:27.957,7.541710000000001
1480,2018-01-09 09:27:28.057,7.541710000000001
1481,2018-01-09 09:27:28.157,7.541710000000001
1482,2018-01-09 09:27:28.258,7.541710000000001
1483,2018-01-09 09:27:28.358,7.541710000000001
1484,2018-01-09 09:27:28.457,7.541710000000001
1485,2018-01-09 09:27:28.557,7.497238
1486,2018-01-09 09:27:28.657,7.497238
1487,2018-01-09 09:27:28.758,7.497238
1488,2018-01-09 09:27:28.858,7.497238
1489,2018-01-09 09:27:28.957,7.497238
1490,2018-01-09 09:27:29.059,7.497238
1491,2018-01-09 09:27:29.158,7.497238
1492,2018-01-09 09:27:29.258,7.497238
1493,2018-01-09 09:27:29.358,7.497238
1494,2018-01-09 09:27:29.458,7.497238
1495,2018-01-09 09:27:29.558,7.415706
1496,2018-01-09 09:27:29.658,7.415706
1497,2018-01-09 09:27:29.758,7.415706
1498,2018-01-09 09:27:29.858,7.415706
1499,2018-01-09 09:27:29.958,7.415706
1500,2018-01-09 09:27:30.058,7.415706
1501,2018-01-09 09:27:30.159,7.415706
1502,2018-01-09 09:27:30.258,7.415706
1503,2018-01-09 09:27:30.358,7.415706
1504,2018-01-09 09:27:30.458,7.415706
1505,2018-01-09 09:27:30.558,7.33788
1506,2018-01-09 09:27:30.659,7.33788
1507,2018-01-09 09:27:30.758,7.33788
1508,2018-01-09 09:27:30.858,7.33788
1509,2018-01-09 09:27:30.956,7.33788
1510,2018-01-09 09:27:31.056,7.33788
1511,2018-01-09 09:27:31.156,7.33788
1512,2018-01-09 09:27:31.256,7.33788
1513,2018-01-09 09:27:31.356,7.33788
1514,2018-01-09 09:27:31.456,7.33788
1515,2018-01-09 09:27:31.556,7.276731
1516,2018-01-09 09:27:31.656,7.276731
1517,2018-01-09 09:27:31.756,7.276731
1518,2018-01-09 09:27:31.856,7.276731
1519,2018-01-09 09:27:31.956,7.276731
1520,2018-01-09 09:27:32.057,7.276731
1521,2018-01-09 09:27:32.157,7.276731
1522,2018-01-09 09:27:32.257,7.276731
1523,2018-01-09 09:27:32.357,7.276731
1524,2018-01-09 09:27:32.457,7.276731
1525,2018-01-09 09:27:32.557,7.158139
1526,2018-01-09 09:27:32.657,7.158139
1527,2018-01-09 09:27:32.757,7.158139
1528,2018-01-09 09:27:32.857,7.158139
1529,2018-01-09 09:27:32.958,7.158139
1530,2018-01-09 09:27:33.057,7.158139
1531,2018-01-09 09:27:33.157,7.158139
1532,2018-01-09 09:27:33.257,7.158139
1533,2018-01-09 09:27:33.357,7.158139
1534,2018-01-09 09:27:33.457,7.158139
1535,2018-01-09 09:27:33.557,6.9543089999999985
1536,2018-01-09 09:27:33.657,6.9543089999999985
1537,2018-01-09 09:27:33.757,6.9543089999999985
1538,2018-01-09 09:27:33.858,6.9543089999999985
1539,2018-01-09 09:27:33.957,6.9543089999999985
1540,2018-01-09 09:27:34.057,6.9543089999999985
1541,2018-01-09 09:27:34.157,6.9543089999999985
1542,2018-01-09 09:27:34.258,6.9543089999999985
1543,2018-01-09 09:27:34.357,6.9543089999999985
1544,2018-01-09 09:27:34.457,6.9543089999999985
1545,2018-01-09 09:27:34.557,6.8709240000000005
1546,2018-01-09 09:27:34.657,6.8709240000000005
1547,2018-01-09 09:27:34.757,6.8709240000000005
1548,2018-01-09 09:27:34.857,6.8709240000000005
1549,2018-01-09 09:27:34.957,6.8709240000000005
1550,2018-01-09 09:27:35.057,6.8709240000000005
1551,2018-01-09 09:27:35.158,6.8709240000000005
1552,2018-01-09 09:27:35.258,6.8709240000000005
1553,2018-01-09 09:27:35.358,6.8709240000000005
1554,2018-01-09 09:27:35.458,6.8709240000000005
1555,2018-01-09 09:27:35.558,7.526886
1556,2018-01-09 09:27:35.658,7.526886
1557,2018-01-09 09:27:35.758,7.526886
1558,2018-01-09 09:27:35.858,7.526886
1559,2018-01-09 09:27:35.957,7.526886
1560,2018-01-09 09:27:36.057,7.526886
1561,2018-01-09 09:27:36.157,7.526886
1562,2018-01-09 09:27:36.258,7.526886
1563,2018-01-09 09:27:36.358,7.526886
1564,2018-01-09 09:27:36.458,7.526886
1565,2018-01-09 09:27:36.557,7.741834
1566,2018-01-09 09:27:36.657,7.741834
1567,2018-01-09 09:27:36.758,7.741834
1568,2018-01-09 09:27:36.858,7.741834
1569,2018-01-09 09:27:36.957,7.741834
1570,2018-01-09 09:27:37.057,7.741834
1571,2018-01-09 09:27:37.157,7.741834
1572,2018-01-09 09:27:37.257,7.741834
1573,2018-01-09 09:27:37.357,7.741834
1574,2018-01-09 09:27:37.457,7.741834
1575,2018-01-09 09:27:37.557,8.021637
1576,2018-01-09 09:27:37.657,8.021637
1577,2018-01-09 09:27:37.757,8.021637
1578,2018-01-09 09:27:37.857,8.021637
1579,2018-01-09 09:27:37.957,8.021637
1580,2018-01-09 09:27:38.058,8.021637
1581,2018-01-09 09:27:38.158,8.021637
1582,2018-01-09 09:27:38.258,8.021637
1583,2018-01-09 09:27:38.359,8.021637
1584,2018-01-09 09:27:38.459,8.021637
1585,2018-01-09 09:27:38.559,8.321823
1586,2018-01-09 09:27:38.659,8.321823
1587,2018-01-09 09:27:38.759,8.321823
1588,2018-01-09 09:27:38.858,8.321823
1589,2018-01-09 09:27:38.959,8.321823
1590,2018-01-09 09:27:39.059,8.321823
1591,2018-01-09 09:27:39.158,8.321823
1592,2018-01-09 09:27:39.258,8.321823
1593,2018-01-09 09:27:39.358,8.321823
1594,2018-01-09 09:27:39.458,8.321823
1595,2018-01-09 09:27:39.558,7.943811
1596,2018-01-09 09:27:39.658,7.943811
1597,2018-01-09 09:27:39.758,7.943811
1598,2018-01-09 09:27:39.858,7.943811
1599,2018-01-09 09:27:39.958,7.943811
1600,2018-01-09 09:27:40.058,7.943811
1601,2018-01-09 09:27:40.158,7.943811
1602,2018-01-09 09:27:40.258,7.943811
1603,2018-01-09 09:27:40.358,7.943811
1604,2018-01-09 09:27:40.458,7.943811
1605,2018-01-09 09:27:40.559,7.8122479999999985
1606,2018-01-09 09:27:40.658,7.8122479999999985
1607,2018-01-09 09:27:40.758,7.8122479999999985
1608,2018-01-09 09:27:40.858,7.8122479999999985
1609,2018-01-09 09:27:40.956,7.8122479999999985
1610,2018-01-09 09:27:41.057,7.8122479999999985
1611,2018-01-09 09:27:41.156,7.8122479999999985
1612,2018-01-09 09:27:41.257,7.8122479999999985
1613,2018-01-09 09:27:41.357,7.8122479999999985
1614,2018-01-09 09:27:41.457,7.8122479999999985
1615,2018-01-09 09:27:41.557,8.099463
1616,2018-01-09 09:27:41.657,8.099463
1617,2018-01-09 09:27:41.757,8.099463
1618,2018-01-09 09:27:41.857,8.099463
1619,2018-01-09 09:27:41.957,8.099463
1620,2018-01-09 09:27:42.057,8.099463
1621,2018-01-09 09:27:42.157,8.099463
1622,2018-01-09 09:27:42.257,8.099463
1623,2018-01-09 09:27:42.357,8.099463
1624,2018-01-09 09:27:42.457,8.099463
1625,2018-01-09 09:27:42.558,7.671419999999999
1626,2018-01-09 09:27:42.658,7.671419999999999
1627,2018-01-09 09:27:42.757,7.671419999999999
1628,2018-01-09 09:27:42.857,7.671419999999999
1629,2018-01-09 09:27:42.958,7.671419999999999
1630,2018-01-09 09:27:43.057,7.671419999999999
1631,2018-01-09 09:27:43.157,7.671419999999999
1632,2018-01-09 09:27:43.257,7.671419999999999
1633,2018-01-09 09:27:43.357,7.671419999999999
1634,2018-01-09 09:27:43.457,7.671419999999999
1635,2018-01-09 09:27:43.557,7.552828
1636,2018-01-09 09:27:43.657,7.552828
1637,2018-01-09 09:27:43.757,7.552828
1638,2018-01-09 09:27:43.857,7.552828
1639,2018-01-09 09:27:43.957,7.552828
1640,2018-01-09 09:27:44.057,7.552828
1641,2018-01-09 09:27:44.158,7.552828
1642,2018-01-09 09:27:44.259,7.552828
1643,2018-01-09 09:27:44.359,7.552828
1644,2018-01-09 09:27:44.458,7.552828
1645,2018-01-09 09:27:44.558,7.554680999999999
1646,2018-01-09 09:27:44.659,7.554680999999999
1647,2018-01-09 09:27:44.758,7.554680999999999
1648,2018-01-09 09:27:44.858,7.554680999999999
1649,2018-01-09 09:27:44.958,7.554680999999999
1650,2018-01-09 09:27:45.058,7.554680999999999
1651,2018-01-09 09:27:45.158,7.554680999999999
1652,2018-01-09 09:27:45.258,7.554680999999999
1653,2018-01-09 09:27:45.358,7.554680999999999
1654,2018-01-09 09:27:45.458,7.554680999999999
1655,2018-01-09 09:27:45.558,7.886367999999999
1656,2018-01-09 09:27:45.658,7.886367999999999
1657,2018-01-09 09:27:45.758,7.886367999999999
1658,2018-01-09 09:27:45.858,7.886367999999999
1659,2018-01-09 09:27:45.957,7.886367999999999
1660,2018-01-09 09:27:46.057,7.886367999999999
1661,2018-01-09 09:27:46.157,7.886367999999999
1662,2018-01-09 09:27:46.257,7.886367999999999
1663,2018-01-09 09:27:46.358,7.886367999999999
1664,2018-01-09 09:27:46.457,7.886367999999999
1665,2018-01-09 09:27:46.557,9.933933
1666,2018-01-09 09:27:46.658,9.933933
1667,2018-01-09 09:27:46.757,9.933933
1668,2018-01-09 09:27:46.857,9.933933
1669,2018-01-09 09:27:46.957,9.933933
1670,2018-01-09 09:27:47.058,9.933933
1671,2018-01-09 09:27:47.158,9.933933
1672,2018-01-09 09:27:47.258,9.933933
1673,2018-01-09 09:27:47.358,9.933933
1674,2018-01-09 09:27:47.458,9.933933
1675,2018-01-09 09:27:47.558,7.563946
1676,2018-01-09 09:27:47.658,7.563946
1677,2018-01-09 09:27:47.758,7.563946
1678,2018-01-09 09:27:47.858,7.563946
1679,2018-01-09 09:27:47.958,7.563946
1680,2018-01-09 09:27:48.058,7.563946
1681,2018-01-09 09:27:48.158,7.563946
1682,2018-01-09 09:27:48.258,7.563946
1683,2018-01-09 09:27:48.358,7.563946
1684,2018-01-09 09:27:48.458,7.563946
1685,2018-01-09 09:27:48.558,9.303913
1686,2018-01-09 09:27:48.658,9.303913
1687,2018-01-09 09:27:48.759,9.303913
1688,2018-01-09 09:27:48.859,9.303913
1689,2018-01-09 09:27:48.959,9.303913
1690,2018-01-09 09:27:49.059,9.303913
1691,2018-01-09 09:27:49.158,9.303913
1692,2018-01-09 09:27:49.258,9.303913
1693,2018-01-09 09:27:49.358,9.303913
1694,2018-01-09 09:27:49.458,9.303913
1695,2018-01-09 09:27:49.558,8.720218
1696,2018-01-09 09:27:49.658,8.720218
1697,2018-01-09 09:27:49.758,8.720218
1698,2018-01-09 09:27:49.858,8.720218
1699,2018-01-09 09:27:49.958,8.720218
1700,2018-01-09 09:27:50.058,8.720218
1701,2018-01-09 09:27:50.159,8.720218
1702,2018-01-09 09:27:50.259,8.720218
1703,2018-01-09 09:27:50.359,8.720218
1704,2018-01-09 09:27:50.459,8.720218
1705,2018-01-09 09:27:50.559,7.104402
1706,2018-01-09 09:27:50.660,7.104402
1707,2018-01-09 09:27:50.759,7.104402
1708,2018-01-09 09:27:50.859,7.104402
1709,2018-01-09 09:27:50.958,7.104402
1710,2018-01-09 09:27:51.057,7.104402
1711,2018-01-09 09:27:51.157,7.104402
1712,2018-01-09 09:27:51.257,7.104402
1713,2018-01-09 09:27:51.357,7.104402
1714,2018-01-09 09:27:51.457,7.104402
1715,2018-01-09 09:27:51.557,7.187786999999998
1716,2018-01-09 09:27:51.657,7.187786999999998
1717,2018-01-09 09:27:51.757,7.187786999999998
1718,2018-01-09 09:27:51.857,7.187786999999998
1719,2018-01-09 09:27:51.957,7.187786999999998
1720,2018-01-09 09:27:52.057,7.187786999999998
1721,2018-01-09 09:27:52.157,7.187786999999998
1722,2018-01-09 09:27:52.257,7.187786999999998
1723,2018-01-09 09:27:52.357,7.187786999999998
1724,2018-01-09 09:27:52.457,7.187786999999998
1725,2018-01-09 09:27:52.557,6.9302199999999985
1726,2018-01-09 09:27:52.657,6.9302199999999985
1727,2018-01-09 09:27:52.757,6.9302199999999985
1728,2018-01-09 09:27:52.857,6.9302199999999985
1729,2018-01-09 09:27:52.958,6.9302199999999985
1730,2018-01-09 09:27:53.057,6.9302199999999985
1731,2018-01-09 09:27:53.158,6.9302199999999985
1732,2018-01-09 09:27:53.258,6.9302199999999985
1733,2018-01-09 09:27:53.358,6.9302199999999985
1734,2018-01-09 09:27:53.458,6.9302199999999985
1735,2018-01-09 09:27:53.558,7.234112
1736,2018-01-09 09:27:53.658,7.234112
1737,2018-01-09 09:27:53.758,7.234112
1738,2018-01-09 09:27:53.858,7.234112
1739,2018-01-09 09:27:53.958,7.234112
1740,2018-01-09 09:27:54.058,7.234112
1741,2018-01-09 09:27:54.158,7.234112
1742,2018-01-09 09:27:54.258,7.234112
1743,2018-01-09 09:27:54.358,7.234112
1744,2018-01-09 09:27:54.458,7.234112
1745,2018-01-09 09:27:54.558,7.121078999999999
1746,2018-01-09 09:27:54.658,7.121078999999999
1747,2018-01-09 09:27:54.758,7.121078999999999
1748,2018-01-09 09:27:54.858,7.121078999999999
1749,2018-01-09 09:27:54.958,7.121078999999999
1750,2018-01-09 09:27:55.058,7.121078999999999
1751,2018-01-09 09:27:55.158,7.121078999999999
1752,2018-01-09 09:27:55.258,7.121078999999999
1753,2018-01-09 09:27:55.358,7.121078999999999
1754,2018-01-09 09:27:55.458,7.121078999999999
1755,2018-01-09 09:27:55.558,7.009899000000001
1756,2018-01-09 09:27:55.658,7.009899000000001
1757,2018-01-09 09:27:55.758,7.009899000000001
1758,2018-01-09 09:27:55.858,7.009899000000001
1759,2018-01-09 09:27:55.957,7.009899000000001
1760,2018-01-09 09:27:56.057,7.009899000000001
1761,2018-01-09 09:27:56.158,7.009899000000001
1762,2018-01-09 09:27:56.258,7.009899000000001
1763,2018-01-09 09:27:56.358,7.009899000000001
1764,2018-01-09 09:27:56.459,7.009899000000001
1765,2018-01-09 09:27:56.558,6.835717
1766,2018-01-09 09:27:56.658,6.835717
1767,2018-01-09 09:27:56.759,6.835717
1768,2018-01-09 09:27:56.858,6.835717
1769,2018-01-09 09:27:56.958,6.835717
1770,2018-01-09 09:27:57.059,6.835717
1771,2018-01-09 09:27:57.159,6.835717
1772,2018-01-09 09:27:57.258,6.835717
1773,2018-01-09 09:27:57.358,6.835717
1774,2018-01-09 09:27:57.458,6.835717
1775,2018-01-09 09:27:57.558,6.76345
1776,2018-01-09 09:27:57.658,6.76345
1777,2018-01-09 09:27:57.758,6.76345
1778,2018-01-09 09:27:57.858,6.76345
1779,2018-01-09 09:27:57.958,6.76345
1780,2018-01-09 09:27:58.058,6.76345
1781,2018-01-09 09:27:58.158,6.76345
1782,2018-01-09 09:27:58.258,6.76345
1783,2018-01-09 09:27:58.358,6.76345
1784,2018-01-09 09:27:58.459,6.76345
1785,2018-01-09 09:27:58.559,6.865365
1786,2018-01-09 09:27:58.658,6.865365
1787,2018-01-09 09:27:58.758,6.865365
1788,2018-01-09 09:27:58.859,6.865365
1789,2018-01-09 09:27:58.958,6.865365
1790,2018-01-09 09:27:59.059,6.865365
1791,2018-01-09 09:27:59.158,6.865365
1792,2018-01-09 09:27:59.259,6.865365
1793,2018-01-09 09:27:59.359,6.865365
1794,2018-01-09 09:27:59.459,6.865365
1795,2018-01-09 09:27:59.559,8.303293
1796,2018-01-09 09:27:59.659,8.303293
1797,2018-01-09 09:27:59.759,8.303293
1798,2018-01-09 09:27:59.859,8.303293
1799,2018-01-09 09:27:59.959,8.303293
1800,2018-01-09 09:28:00.059,8.303293
1801,2018-01-09 09:28:00.159,8.303293
1802,2018-01-09 09:28:00.259,8.303293
1803,2018-01-09 09:28:00.359,8.303293
1804,2018-01-09 09:28:00.459,8.303293
1805,2018-01-09 09:28:00.559,8.516388000000001
1806,2018-01-09 09:28:00.659,8.516388000000001
1807,2018-01-09 09:28:00.760,8.516388000000001
1808,2018-01-09 09:28:00.859,8.516388000000001
1809,2018-01-09 09:28:00.957,8.516388000000001
1810,2018-01-09 09:28:01.057,8.516388000000001
1811,2018-01-09 09:28:01.157,8.516388000000001
1812,2018-01-09 09:28:01.257,8.516388000000001
1813,2018-01-09 09:28:01.357,8.516388000000001
1814,2018-01-09 09:28:01.457,8.516388000000001
1815,2018-01-09 09:28:01.557,8.614597
1816,2018-01-09 09:28:01.657,8.614597
1817,2018-01-09 09:28:01.757,8.614597
1818,2018-01-09 09:28:01.857,8.614597
1819,2018-01-09 09:28:01.957,8.614597
1820,2018-01-09 09:28:02.057,8.614597
1821,2018-01-09 09:28:02.157,8.614597
1822,2018-01-09 09:28:02.258,8.614597
1823,2018-01-09 09:28:02.357,8.614597
1824,2018-01-09 09:28:02.458,8.614597
1825,2018-01-09 09:28:02.558,8.623861999999999
1826,2018-01-09 09:28:02.658,8.623861999999999
1827,2018-01-09 09:28:02.758,8.623861999999999
1828,2018-01-09 09:28:02.858,8.623861999999999
1829,2018-01-09 09:28:02.958,8.623861999999999
1830,2018-01-09 09:28:03.058,8.623861999999999
1831,2018-01-09 09:28:03.158,8.623861999999999
1832,2018-01-09 09:28:03.258,8.623861999999999
1833,2018-01-09 09:28:03.358,8.623861999999999
1834,2018-01-09 09:28:03.458,8.623861999999999
1835,2018-01-09 09:28:03.558,8.527505999999999
1836,2018-01-09 09:28:03.658,8.527505999999999
1837,2018-01-09 09:28:03.758,8.527505999999999
1838,2018-01-09 09:28:03.858,8.527505999999999
1839,2018-01-09 09:28:03.958,8.527505999999999
1840,2018-01-09 09:28:04.058,8.527505999999999
1841,2018-01-09 09:28:04.158,8.527505999999999
1842,2018-01-09 09:28:04.258,8.527505999999999
1843,2018-01-09 09:28:04.358,8.527505999999999
1844,2018-01-09 09:28:04.458,8.527505999999999
1845,2018-01-09 09:28:04.558,8.483034
1846,2018-01-09 09:28:04.658,8.483034
1847,2018-01-09 09:28:04.758,8.483034
1848,2018-01-09 09:28:04.858,8.483034
1849,2018-01-09 09:28:04.958,8.483034
1850,2018-01-09 09:28:05.058,8.483034
1851,2018-01-09 09:28:05.158,8.483034
1852,2018-01-09 09:28:05.259,8.483034
1853,2018-01-09 09:28:05.359,8.483034
1854,2018-01-09 09:28:05.459,8.483034
1855,2018-01-09 09:28:05.559,8.501564
1856,2018-01-09 09:28:05.659,8.501564
1857,2018-01-09 09:28:05.759,8.501564
1858,2018-01-09 09:28:05.859,8.501564
1859,2018-01-09 09:28:05.958,8.501564
1860,2018-01-09 09:28:06.058,8.501564
1861,2018-01-09 09:28:06.158,8.501564
1862,2018-01-09 09:28:06.258,8.501564
1863,2018-01-09 09:28:06.358,8.501564
1864,2018-01-09 09:28:06.459,8.501564
1865,2018-01-09 09:28:06.558,8.657216
1866,2018-01-09 09:28:06.658,8.657216
1867,2018-01-09 09:28:06.758,8.657216
1868,2018-01-09 09:28:06.858,8.657216
1869,2018-01-09 09:28:06.958,8.657216
1870,2018-01-09 09:28:07.059,8.657216
1871,2018-01-09 09:28:07.159,8.657216
1872,2018-01-09 09:28:07.258,8.657216
1873,2018-01-09 09:28:07.358,8.657216
1874,2018-01-09 09:28:07.458,8.657216
1875,2018-01-09 09:28:07.558,8.946284
1876,2018-01-09 09:28:07.658,8.946284
1877,2018-01-09 09:28:07.758,8.946284
1878,2018-01-09 09:28:07.858,8.946284
1879,2018-01-09 09:28:07.958,8.946284
1880,2018-01-09 09:28:08.058,8.946284
1881,2018-01-09 09:28:08.158,8.946284
1882,2018-01-09 09:28:08.259,8.946284
1883,2018-01-09 09:28:08.359,8.946284
1884,2018-01-09 09:28:08.460,8.946284
1885,2018-01-09 09:28:08.559,9.255735
1886,2018-01-09 09:28:08.659,9.255735
1887,2018-01-09 09:28:08.759,9.255735
1888,2018-01-09 09:28:08.859,9.255735
1889,2018-01-09 09:28:08.959,9.255735
1890,2018-01-09 09:28:09.060,9.255735
1891,2018-01-09 09:28:09.159,9.255735
1892,2018-01-09 09:28:09.259,9.255735
1893,2018-01-09 09:28:09.359,9.255735
1894,2018-01-09 09:28:09.459,9.255735
1895,2018-01-09 09:28:09.559,9.509596
1896,2018-01-09 09:28:09.659,9.509596
1897,2018-01-09 09:28:09.759,9.509596
1898,2018-01-09 09:28:09.859,9.509596
1899,2018-01-09 09:28:09.959,9.509596
1900,2018-01-09 09:28:10.059,9.509596
1901,2018-01-09 09:28:10.159,9.509596
1902,2018-01-09 09:28:10.259,9.509596
1903,2018-01-09 09:28:10.360,9.509596
1904,2018-01-09 09:28:10.459,9.509596
1905,2018-01-09 09:28:10.559,9.707867
1906,2018-01-09 09:28:10.659,9.707867
1907,2018-01-09 09:28:10.760,9.707867
1908,2018-01-09 09:28:10.859,9.707867
1909,2018-01-09 09:28:10.957,9.707867
1910,2018-01-09 09:28:11.057,9.707867
1911,2018-01-09 09:28:11.157,9.707867
1912,2018-01-09 09:28:11.258,9.707867
1913,2018-01-09 09:28:11.357,9.707867
1914,2018-01-09 09:28:11.458,9.707867
1915,2018-01-09 09:28:11.558,9.731956
1916,2018-01-09 09:28:11.658,9.731956
1917,2018-01-09 09:28:11.758,9.731956
1918,2018-01-09 09:28:11.858,9.731956
1919,2018-01-09 09:28:11.958,9.731956
1920,2018-01-09 09:28:12.058,9.731956
1921,2018-01-09 09:28:12.158,9.731956
1922,2018-01-09 09:28:12.258,9.731956
1923,2018-01-09 09:28:12.358,9.731956
1924,2018-01-09 09:28:12.458,9.731956
1925,2018-01-09 09:28:12.558,9.300207
1926,2018-01-09 09:28:12.658,9.300207
1927,2018-01-09 09:28:12.758,9.300207
1928,2018-01-09 09:28:12.858,9.300207
1929,2018-01-09 09:28:12.959,9.300207
1930,2018-01-09 09:28:13.058,9.300207
1931,2018-01-09 09:28:13.158,9.300207
1932,2018-01-09 09:28:13.258,9.300207
1933,2018-01-09 09:28:13.358,9.300207
1934,2018-01-09 09:28:13.458,9.300207
1935,2018-01-09 09:28:13.558,8.649804
1936,2018-01-09 09:28:13.658,8.649804
1937,2018-01-09 09:28:13.758,8.649804
1938,2018-01-09 09:28:13.858,8.649804
1939,2018-01-09 09:28:13.958,8.649804
1940,2018-01-09 09:28:14.058,8.649804
1941,2018-01-09 09:28:14.158,8.649804
1942,2018-01-09 09:28:14.258,8.649804
1943,2018-01-09 09:28:14.359,8.649804
1944,2018-01-09 09:28:14.459,8.649804
1945,2018-01-09 09:28:14.559,8.173583
1946,2018-01-09 09:28:14.659,8.173583
1947,2018-01-09 09:28:14.759,8.173583
1948,2018-01-09 09:28:14.859,8.173583
1949,2018-01-09 09:28:14.959,8.173583
1950,2018-01-09 09:28:15.059,8.173583
1951,2018-01-09 09:28:15.159,8.173583
1952,2018-01-09 09:28:15.259,8.173583
1953,2018-01-09 09:28:15.359,8.173583
1954,2018-01-09 09:28:15.459,8.173583
1955,2018-01-09 09:28:15.559,7.1025490000000016
1956,2018-01-09 09:28:15.659,7.1025490000000016
1957,2018-01-09 09:28:15.759,7.1025490000000016
1958,2018-01-09 09:28:15.859,7.1025490000000016
1959,2018-01-09 09:28:15.958,7.1025490000000016
1960,2018-01-09 09:28:16.058,7.1025490000000016
1961,2018-01-09 09:28:16.158,7.1025490000000016
1962,2018-01-09 09:28:16.258,7.1025490000000016
1963,2018-01-09 09:28:16.358,7.1025490000000016
1964,2018-01-09 09:28:16.458,7.1025490000000016
1965,2018-01-09 09:28:16.558,7.211875999999998
1966,2018-01-09 09:28:16.658,7.211875999999998
1967,2018-01-09 09:28:16.758,7.211875999999998
1968,2018-01-09 09:28:16.858,7.211875999999998
1969,2018-01-09 09:28:16.958,7.211875999999998
1970,2018-01-09 09:28:17.058,7.211875999999998
1971,2018-01-09 09:28:17.158,7.211875999999998
1972,2018-01-09 09:28:17.258,7.211875999999998
1973,2018-01-09 09:28:17.359,7.211875999999998
1974,2018-01-09 09:28:17.459,7.211875999999998
1975,2018-01-09 09:28:17.559,8.388531
1976,2018-01-09 09:28:17.659,8.388531
1977,2018-01-09 09:28:17.759,8.388531
1978,2018-01-09 09:28:17.859,8.388531
1979,2018-01-09 09:28:17.959,8.388531
1980,2018-01-09 09:28:18.059,8.388531
1981,2018-01-09 09:28:18.159,8.388531
1982,2018-01-09 09:28:18.259,8.388531
1983,2018-01-09 09:28:18.359,8.388531
1984,2018-01-09 09:28:18.459,8.388531
1985,2018-01-09 09:28:18.559,8.594214000000001
1986,2018-01-09 09:28:18.659,8.594214000000001
1987,2018-01-09 09:28:18.759,8.594214000000001
1988,2018-01-09 09:28:18.859,8.594214000000001
1989,2018-01-09 09:28:18.959,8.594214000000001
1990,2018-01-09 09:28:19.059,8.594214000000001
1991,2018-01-09 09:28:19.159,8.594214000000001
1992,2018-01-09 09:28:19.259,8.594214000000001
1993,2018-01-09 09:28:19.359,8.594214000000001
1994,2018-01-09 09:28:19.459,8.594214000000001
1995,2018-01-09 09:28:19.559,8.57939
1996,2018-01-09 09:28:19.659,8.57939
1997,2018-01-09 09:28:19.759,8.57939
1998,2018-01-09 09:28:19.859,8.57939
1999,2018-01-09 09:28:19.959,8.57939
2000,2018-01-09 09:28:20.059,8.57939
2001,2018-01-09 09:28:20.159,8.57939
2002,2018-01-09 09:28:20.260,8.57939
2003,2018-01-09 09:28:20.359,8.57939
2004,2018-01-09 09:28:20.460,8.57939
2005,2018-01-09 09:28:20.560,8.268086
2006,2018-01-09 09:28:20.660,8.268086
2007,2018-01-09 09:28:20.760,8.268086
2008,2018-01-09 09:28:20.860,8.268086
2009,2018-01-09 09:28:20.958,8.268086
2010,2018-01-09 09:28:21.058,8.268086
2011,2018-01-09 09:28:21.158,8.268086
2012,2018-01-09 09:28:21.258,8.268086
2013,2018-01-09 09:28:21.358,8.268086
2014,2018-01-09 09:28:21.458,8.268086
2015,2018-01-09 09:28:21.558,6.5373839999999985
2016,2018-01-09 09:28:21.658,6.5373839999999985
2017,2018-01-09 09:28:21.758,6.5373839999999985
2018,2018-01-09 09:28:21.858,6.5373839999999985
2019,2018-01-09 09:28:21.958,6.5373839999999985
2020,2018-01-09 09:28:22.058,6.5373839999999985
2021,2018-01-09 09:28:22.158,6.5373839999999985
2022,2018-01-09 09:28:22.258,6.5373839999999985
2023,2018-01-09 09:28:22.358,6.5373839999999985
2024,2018-01-09 09:28:22.458,6.5373839999999985
2025,2018-01-09 09:28:22.558,7.467589999999999
2026,2018-01-09 09:28:22.658,7.467589999999999
2027,2018-01-09 09:28:22.758,7.467589999999999
2028,2018-01-09 09:28:22.858,7.467589999999999
2029,2018-01-09 09:28:22.959,7.467589999999999
2030,2018-01-09 09:28:23.058,7.467589999999999
2031,2018-01-09 09:28:23.158,7.467589999999999
2032,2018-01-09 09:28:23.258,7.467589999999999
2033,2018-01-09 09:28:23.359,7.467589999999999
2034,2018-01-09 09:28:23.459,7.467589999999999
2035,2018-01-09 09:28:23.559,7.424971
2036,2018-01-09 09:28:23.659,7.424971
2037,2018-01-09 09:28:23.759,7.424971
2038,2018-01-09 09:28:23.859,7.424971
2039,2018-01-09 09:28:23.959,7.424971
2040,2018-01-09 09:28:24.059,7.424971
2041,2018-01-09 09:28:24.159,7.424971
2042,2018-01-09 09:28:24.259,7.424971
2043,2018-01-09 09:28:24.359,7.424971
2044,2018-01-09 09:28:24.459,7.424971
2045,2018-01-09 09:28:24.559,7.530591999999999
2046,2018-01-09 09:28:24.659,7.530591999999999
2047,2018-01-09 09:28:24.759,7.530591999999999
2048,2018-01-09 09:28:24.859,7.530591999999999
2049,2018-01-09 09:28:24.959,7.530591999999999
2050,2018-01-09 09:28:25.059,7.530591999999999
2051,2018-01-09 09:28:25.159,7.530591999999999
2052,2018-01-09 09:28:25.259,7.530591999999999
2053,2018-01-09 09:28:25.359,7.530591999999999
2054,2018-01-09 09:28:25.459,7.530591999999999
2055,2018-01-09 09:28:25.559,7.634360000000001
2056,2018-01-09 09:28:25.659,7.634360000000001
2057,2018-01-09 09:28:25.759,7.634360000000001
2058,2018-01-09 09:28:25.859,7.634360000000001
2059,2018-01-09 09:28:25.958,7.634360000000001
2060,2018-01-09 09:28:26.058,7.634360000000001
2061,2018-01-09 09:28:26.159,7.634360000000001
2062,2018-01-09 09:28:26.258,7.634360000000001
2063,2018-01-09 09:28:26.358,7.634360000000001
2064,2018-01-09 09:28:26.459,7.634360000000001
2065,2018-01-09 09:28:26.559,6.7782740000000015
2066,2018-01-09 09:28:26.660,6.7782740000000015
2067,2018-01-09 09:28:26.759,6.7782740000000015
2068,2018-01-09 09:28:26.859,6.7782740000000015
2069,2018-01-09 09:28:26.960,6.7782740000000015
2070,2018-01-09 09:28:27.059,6.7782740000000015
2071,2018-01-09 09:28:27.159,6.7782740000000015
2072,2018-01-09 09:28:27.259,6.7782740000000015
2073,2018-01-09 09:28:27.359,6.7782740000000015
2074,2018-01-09 09:28:27.459,6.7782740000000015
2075,2018-01-09 09:28:27.559,6.772715
2076,2018-01-09 09:28:27.659,6.772715
2077,2018-01-09 09:28:27.759,6.772715
2078,2018-01-09 09:28:27.859,6.772715
2079,2018-01-09 09:28:27.959,6.772715
2080,2018-01-09 09:28:28.059,6.772715
2081,2018-01-09 09:28:28.159,6.772715
2082,2018-01-09 09:28:28.259,6.772715
2083,2018-01-09 09:28:28.359,6.772715
2084,2018-01-09 09:28:28.460,6.772715
2085,2018-01-09 09:28:28.559,6.704153999999999
2086,2018-01-09 09:28:28.660,6.704153999999999
2087,2018-01-09 09:28:28.759,6.704153999999999
2088,2018-01-09 09:28:28.859,6.704153999999999
2089,2018-01-09 09:28:28.959,6.704153999999999
2090,2018-01-09 09:28:29.059,6.704153999999999
2091,2018-01-09 09:28:29.160,6.704153999999999
2092,2018-01-09 09:28:29.259,6.704153999999999
2093,2018-01-09 09:28:29.359,6.704153999999999
2094,2018-01-09 09:28:29.460,6.704153999999999
2095,2018-01-09 09:28:29.560,6.415086
2096,2018-01-09 09:28:29.660,6.415086
2097,2018-01-09 09:28:29.760,6.415086
2098,2018-01-09 09:28:29.860,6.415086
2099,2018-01-09 09:28:29.960,6.415086
2100,2018-01-09 09:28:30.060,6.415086
2101,2018-01-09 09:28:30.160,6.415086
2102,2018-01-09 09:28:30.260,6.415086
2103,2018-01-09 09:28:30.360,6.415086
2104,2018-01-09 09:28:30.460,6.415086
2105,2018-01-09 09:28:30.560,7.643625
2106,2018-01-09 09:28:30.660,7.643625
2107,2018-01-09 09:28:30.760,7.643625
2108,2018-01-09 09:28:30.860,7.643625
2109,2018-01-09 09:28:30.958,7.643625
2110,2018-01-09 09:28:31.058,7.643625
2111,2018-01-09 09:28:31.158,7.643625
2112,2018-01-09 09:28:31.258,7.643625
2113,2018-01-09 09:28:31.358,7.643625
2114,2018-01-09 09:28:31.458,7.643625
2115,2018-01-09 09:28:31.558,7.727010000000001
2116,2018-01-09 09:28:31.658,7.727010000000001
2117,2018-01-09 09:28:31.758,7.727010000000001
2118,2018-01-09 09:28:31.858,7.727010000000001
2119,2018-01-09 09:28:31.958,7.727010000000001
2120,2018-01-09 09:28:32.058,7.727010000000001
2121,2018-01-09 09:28:32.158,7.727010000000001
2122,2018-01-09 09:28:32.258,7.727010000000001
2123,2018-01-09 09:28:32.359,7.727010000000001
2124,2018-01-09 09:28:32.458,7.727010000000001
2125,2018-01-09 09:28:32.558,7.841896
2126,2018-01-09 09:28:32.659,7.841896
2127,2018-01-09 09:28:32.759,7.841896
2128,2018-01-09 09:28:32.859,7.841896
2129,2018-01-09 09:28:32.959,7.841896
2130,2018-01-09 09:28:33.060,7.841896
2131,2018-01-09 09:28:33.159,7.841896
2132,2018-01-09 09:28:33.260,7.841896
2133,2018-01-09 09:28:33.359,7.841896
2134,2018-01-09 09:28:33.459,7.841896
2135,2018-01-09 09:28:33.559,7.9679
2136,2018-01-09 09:28:33.659,7.9679
2137,2018-01-09 09:28:33.759,7.9679
2138,2018-01-09 09:28:33.859,7.9679
2139,2018-01-09 09:28:33.959,7.9679
2140,2018-01-09 09:28:34.059,7.9679
2141,2018-01-09 09:28:34.159,7.9679
2142,2018-01-09 09:28:34.259,7.9679
2143,2018-01-09 09:28:34.359,7.9679
2144,2018-01-09 09:28:34.459,7.9679
2145,2018-01-09 09:28:34.559,8.042019999999999
2146,2018-01-09 09:28:34.659,8.042019999999999
2147,2018-01-09 09:28:34.759,8.042019999999999
2148,2018-01-09 09:28:34.859,8.042019999999999
2149,2018-01-09 09:28:34.959,8.042019999999999
2150,2018-01-09 09:28:35.059,8.042019999999999
2151,2018-01-09 09:28:35.160,8.042019999999999
2152,2018-01-09 09:28:35.259,8.042019999999999
2153,2018-01-09 09:28:35.360,8.042019999999999
2154,2018-01-09 09:28:35.460,8.042019999999999
2155,2018-01-09 09:28:35.560,8.06055
2156,2018-01-09 09:28:35.660,8.06055
2157,2018-01-09 09:28:35.760,8.06055
2158,2018-01-09 09:28:35.860,8.06055
2159,2018-01-09 09:28:35.959,8.06055
2160,2018-01-09 09:28:36.059,8.06055
2161,2018-01-09 09:28:36.159,8.06055
2162,2018-01-09 09:28:36.259,8.06055
2163,2018-01-09 09:28:36.359,8.06055
2164,2018-01-09 09:28:36.460,8.06055
2165,2018-01-09 09:28:36.559,8.123552
2166,2018-01-09 09:28:36.660,8.123552
2167,2018-01-09 09:28:36.760,8.123552
2168,2018-01-09 09:28:36.859,8.123552
2169,2018-01-09 09:28:36.959,8.123552
2170,2018-01-09 09:28:37.059,8.123552
2171,2018-01-09 09:28:37.159,8.123552
2172,2018-01-09 09:28:37.260,8.123552
2173,2018-01-09 09:28:37.359,8.123552
2174,2018-01-09 09:28:37.459,8.123552
2175,2018-01-09 09:28:37.559,8.282910000000001
2176,2018-01-09 09:28:37.659,8.282910000000001
2177,2018-01-09 09:28:37.759,8.282910000000001
2178,2018-01-09 09:28:37.859,8.282910000000001
2179,2018-01-09 09:28:37.959,8.282910000000001
2180,2018-01-09 09:28:38.059,8.282910000000001
2181,2018-01-09 09:28:38.159,8.282910000000001
2182,2018-01-09 09:28:38.259,8.282910000000001
2183,2018-01-09 09:28:38.359,8.282910000000001
2184,2018-01-09 09:28:38.459,8.282910000000001
2185,2018-01-09 09:28:38.560,8.553448
2186,2018-01-09 09:28:38.661,8.553448
2187,2018-01-09 09:28:38.760,8.553448
2188,2018-01-09 09:28:38.860,8.553448
2189,2018-01-09 09:28:38.960,8.553448
2190,2018-01-09 09:28:39.060,8.553448
2191,2018-01-09 09:28:39.160,8.553448
2192,2018-01-09 09:28:39.260,8.553448
2193,2018-01-09 09:28:39.360,8.553448
2194,2018-01-09 09:28:39.460,8.553448
2195,2018-01-09 09:28:39.560,8.809161999999997
2196,2018-01-09 09:28:39.660,8.809161999999997
2197,2018-01-09 09:28:39.760,8.809161999999997
2198,2018-01-09 09:28:39.860,8.809161999999997
2199,2018-01-09 09:28:39.960,8.809161999999997
2200,2018-01-09 09:28:40.060,8.809161999999997
2201,2018-01-09 09:28:40.160,8.809161999999997
2202,2018-01-09 09:28:40.260,8.809161999999997
2203,2018-01-09 09:28:40.360,8.809161999999997
2204,2018-01-09 09:28:40.461,8.809161999999997
2205,2018-01-09 09:28:40.560,8.979638000000003
2206,2018-01-09 09:28:40.660,8.979638000000003
2207,2018-01-09 09:28:40.761,8.979638000000003
2208,2018-01-09 09:28:40.860,8.979638000000003
2209,2018-01-09 09:28:40.958,8.979638000000003
2210,2018-01-09 09:28:41.058,8.979638000000003
2211,2018-01-09 09:28:41.158,8.979638000000003
2212,2018-01-09 09:28:41.258,8.979638000000003
2213,2018-01-09 09:28:41.358,8.979638000000003
2214,2018-01-09 09:28:41.458,8.979638000000003
2215,2018-01-09 09:28:41.559,8.98705
2216,2018-01-09 09:28:41.659,8.98705
2217,2018-01-09 09:28:41.759,8.98705
2218,2018-01-09 09:28:41.859,8.98705
2219,2018-01-09 09:28:41.959,8.98705
2220,2018-01-09 09:28:42.059,8.98705
2221,2018-01-09 09:28:42.159,8.98705
2222,2018-01-09 09:28:42.259,8.98705
2223,2018-01-09 09:28:42.359,8.98705
2224,2018-01-09 09:28:42.459,8.98705
2225,2018-01-09 09:28:42.559,9.392857
2226,2018-01-09 09:28:42.659,9.392857
2227,2018-01-09 09:28:42.759,9.392857
2228,2018-01-09 09:28:42.859,9.392857
2229,2018-01-09 09:28:42.959,9.392857
2230,2018-01-09 09:28:43.059,9.392857
2231,2018-01-09 09:28:43.159,9.392857
2232,2018-01-09 09:28:43.259,9.392857
2233,2018-01-09 09:28:43.359,9.392857
2234,2018-01-09 09:28:43.459,9.392857
2235,2018-01-09 09:28:43.559,9.353944
2236,2018-01-09 09:28:43.659,9.353944
2237,2018-01-09 09:28:43.759,9.353944
2238,2018-01-09 09:28:43.859,9.353944
2239,2018-01-09 09:28:43.959,9.353944
2240,2018-01-09 09:28:44.059,9.353944
2241,2018-01-09 09:28:44.159,9.353944
2242,2018-01-09 09:28:44.259,9.353944
2243,2018-01-09 09:28:44.359,9.353944
2244,2018-01-09 09:28:44.459,9.353944
2245,2018-01-09 09:28:44.559,9.761604
2246,2018-01-09 09:28:44.660,9.761604
2247,2018-01-09 09:28:44.760,9.761604
2248,2018-01-09 09:28:44.860,9.761604
2249,2018-01-09 09:28:44.960,9.761604
2250,2018-01-09 09:28:45.060,9.761604
2251,2018-01-09 09:28:45.160,9.761604
2252,2018-01-09 09:28:45.260,9.761604
2253,2018-01-09 09:28:45.360,9.761604
2254,2018-01-09 09:28:45.460,9.761604
2255,2018-01-09 09:28:45.560,9.735662
2256,2018-01-09 09:28:45.660,9.735662
2257,2018-01-09 09:28:45.760,9.735662
2258,2018-01-09 09:28:45.860,9.735662
2259,2018-01-09 09:28:45.959,9.735662
2260,2018-01-09 09:28:46.059,9.735662
2261,2018-01-09 09:28:46.159,9.735662
2262,2018-01-09 09:28:46.259,9.735662
2263,2018-01-09 09:28:46.359,9.735662
2264,2018-01-09 09:28:46.459,9.735662
2265,2018-01-09 09:28:46.559,9.613364
2266,2018-01-09 09:28:46.660,9.613364
2267,2018-01-09 09:28:46.760,9.613364
2268,2018-01-09 09:28:46.859,9.613364
2269,2018-01-09 09:28:46.959,9.613364
2270,2018-01-09 09:28:47.060,9.613364
2271,2018-01-09 09:28:47.159,9.613364
2272,2018-01-09 09:28:47.260,9.613364
2273,2018-01-09 09:28:47.359,9.613364
2274,2018-01-09 09:28:47.459,9.613364
2275,2018-01-09 09:28:47.560,9.681925
2276,2018-01-09 09:28:47.660,9.681925
2277,2018-01-09 09:28:47.760,9.681925
2278,2018-01-09 09:28:47.860,9.681925
2279,2018-01-09 09:28:47.960,9.681925
2280,2018-01-09 09:28:48.060,9.681925
2281,2018-01-09 09:28:48.160,9.681925
2282,2018-01-09 09:28:48.260,9.681925
2283,2018-01-09 09:28:48.360,9.681925
2284,2018-01-09 09:28:48.460,9.681925
2285,2018-01-09 09:28:48.560,9.828312
2286,2018-01-09 09:28:48.660,9.828312
2287,2018-01-09 09:28:48.761,9.828312
2288,2018-01-09 09:28:48.860,9.828312
2289,2018-01-09 09:28:48.960,9.828312
2290,2018-01-09 09:28:49.061,9.828312
2291,2018-01-09 09:28:49.160,9.828312
2292,2018-01-09 09:28:49.261,9.828312
2293,2018-01-09 09:28:49.360,9.828312
2294,2018-01-09 09:28:49.460,9.828312
2295,2018-01-09 09:28:49.560,9.850548
2296,2018-01-09 09:28:49.660,9.850548
2297,2018-01-09 09:28:49.760,9.850548
2298,2018-01-09 09:28:49.860,9.850548
2299,2018-01-09 09:28:49.960,9.850548
2300,2018-01-09 09:28:50.060,9.850548
2301,2018-01-09 09:28:50.161,9.850548
2302,2018-01-09 09:28:50.260,9.850548
2303,2018-01-09 09:28:50.360,9.850548
2304,2018-01-09 09:28:50.460,9.850548
2305,2018-01-09 09:28:50.561,8.629421
2306,2018-01-09 09:28:50.662,8.629421
2307,2018-01-09 09:28:50.761,8.629421
2308,2018-01-09 09:28:50.861,8.629421
2309,2018-01-09 09:28:50.959,8.629421
2310,2018-01-09 09:28:51.059,8.629421
2311,2018-01-09 09:28:51.159,8.629421
2312,2018-01-09 09:28:51.260,8.629421
2313,2018-01-09 09:28:51.359,8.629421
2314,2018-01-09 09:28:51.459,8.629421
2315,2018-01-09 09:28:51.559,8.501564
2316,2018-01-09 09:28:51.659,8.501564
2317,2018-01-09 09:28:51.759,8.501564
2318,2018-01-09 09:28:51.859,8.501564
2319,2018-01-09 09:28:51.959,8.501564
2320,2018-01-09 09:28:52.059,8.501564
2321,2018-01-09 09:28:52.159,8.501564
2322,2018-01-09 09:28:52.259,8.501564
2323,2018-01-09 09:28:52.359,8.501564
2324,2018-01-09 09:28:52.459,8.501564
2325,2018-01-09 09:28:52.559,8.601626
2326,2018-01-09 09:28:52.660,8.601626
2327,2018-01-09 09:28:52.759,8.601626
2328,2018-01-09 09:28:52.859,8.601626
2329,2018-01-09 09:28:52.960,8.601626
2330,2018-01-09 09:28:53.059,8.601626
2331,2018-01-09 09:28:53.160,8.601626
2332,2018-01-09 09:28:53.259,8.601626
2333,2018-01-09 09:28:53.359,8.601626
2334,2018-01-09 09:28:53.459,8.601626
2335,2018-01-09 09:28:53.559,8.638686
2336,2018-01-09 09:28:53.660,8.638686
2337,2018-01-09 09:28:53.760,8.638686
2338,2018-01-09 09:28:53.860,8.638686
2339,2018-01-09 09:28:53.960,8.638686
2340,2018-01-09 09:28:54.060,8.638686
2341,2018-01-09 09:28:54.160,8.638686
2342,2018-01-09 09:28:54.260,8.638686
2343,2018-01-09 09:28:54.360,8.638686
2344,2018-01-09 09:28:54.460,8.638686
2345,2018-01-09 09:28:54.560,8.714659
2346,2018-01-09 09:28:54.660,8.714659
2347,2018-01-09 09:28:54.760,8.714659
2348,2018-01-09 09:28:54.860,8.714659
2349,2018-01-09 09:28:54.960,8.714659
2350,2018-01-09 09:28:55.060,8.714659
2351,2018-01-09 09:28:55.161,8.714659
2352,2018-01-09 09:28:55.260,8.714659
2353,2018-01-09 09:28:55.360,8.714659
2354,2018-01-09 09:28:55.460,8.714659
2355,2018-01-09 09:28:55.560,8.673893
2356,2018-01-09 09:28:55.660,8.673893
2357,2018-01-09 09:28:55.760,8.673893
2358,2018-01-09 09:28:55.860,8.673893
2359,2018-01-09 09:28:55.959,8.673893
2360,2018-01-09 09:28:56.059,8.673893
2361,2018-01-09 09:28:56.159,8.673893
2362,2018-01-09 09:28:56.259,8.673893
2363,2018-01-09 09:28:56.359,8.673893
2364,2018-01-09 09:28:56.459,8.673893
2365,2018-01-09 09:28:56.559,8.11614
2366,2018-01-09 09:28:56.660,8.11614
2367,2018-01-09 09:28:56.760,8.11614
2368,2018-01-09 09:28:56.860,8.11614
2369,2018-01-09 09:28:56.960,8.11614
2370,2018-01-09 09:28:57.060,8.11614
2371,2018-01-09 09:28:57.160,8.11614
2372,2018-01-09 09:28:57.261,8.11614
2373,2018-01-09 09:28:57.360,8.11614
2374,2018-01-09 09:28:57.460,8.11614
2375,2018-01-09 09:28:57.560,8.531212
2376,2018-01-09 09:28:57.660,8.531212
2377,2018-01-09 09:28:57.760,8.531212
2378,2018-01-09 09:28:57.860,8.531212
2379,2018-01-09 09:28:57.960,8.531212
2380,2018-01-09 09:28:58.060,8.531212
2381,2018-01-09 09:28:58.160,8.531212
2382,2018-01-09 09:28:58.260,8.531212
2383,2018-01-09 09:28:58.360,8.531212
2384,2018-01-09 09:28:58.461,8.531212
2385,2018-01-09 09:28:58.560,8.5238
2386,2018-01-09 09:28:58.660,8.5238
2387,2018-01-09 09:28:58.761,8.5238
2388,2018-01-09 09:28:58.860,8.5238
2389,2018-01-09 09:28:58.960,8.5238
2390,2018-01-09 09:28:59.060,8.5238
2391,2018-01-09 09:28:59.161,8.5238
2392,2018-01-09 09:28:59.261,8.5238
2393,2018-01-09 09:28:59.361,8.5238
2394,2018-01-09 09:28:59.460,8.5238
2395,2018-01-09 09:28:59.561,8.488593
2396,2018-01-09 09:28:59.661,8.488593
2397,2018-01-09 09:28:59.761,8.488593
2398,2018-01-09 09:28:59.861,8.488593
2399,2018-01-09 09:28:59.961,8.488593
2400,2018-01-09 09:29:00.061,8.488593
2401,2018-01-09 09:29:00.161,8.488593
2402,2018-01-09 09:29:00.261,8.488593
2403,2018-01-09 09:29:00.361,8.488593
2404,2018-01-09 09:29:00.461,8.488593
2405,2018-01-09 09:29:00.561,8.353324
2406,2018-01-09 09:29:00.662,8.353324
2407,2018-01-09 09:29:00.762,8.353324
2408,2018-01-09 09:29:00.861,8.353324
2409,2018-01-09 09:29:00.959,8.353324
2410,2018-01-09 09:29:01.059,8.353324
2411,2018-01-09 09:29:01.159,8.353324
2412,2018-01-09 09:29:01.259,8.353324
2413,2018-01-09 09:29:01.359,8.353324
2414,2018-01-09 09:29:01.459,8.353324
2415,2018-01-09 09:29:01.559,8.353324
2416,2018-01-09 09:29:01.659,8.353324
2417,2018-01-09 09:29:01.759,8.353324
2418,2018-01-09 09:29:01.859,8.353324
2419,2018-01-09 09:29:01.959,8.353324
2420,2018-01-09 09:29:02.059,8.353324
2421,2018-01-09 09:29:02.159,8.353324
2422,2018-01-09 09:29:02.259,8.353324
2423,2018-01-09 09:29:02.359,8.353324
2424,2018-01-09 09:29:02.459,8.353324
2425,2018-01-09 09:29:02.559,8.527505999999999
2426,2018-01-09 09:29:02.659,8.527505999999999
2427,2018-01-09 09:29:02.760,8.527505999999999
2428,2018-01-09 09:29:02.860,8.527505999999999
2429,2018-01-09 09:29:02.960,8.527505999999999
2430,2018-01-09 09:29:03.060,8.527505999999999
2431,2018-01-09 09:29:03.160,8.527505999999999
2432,2018-01-09 09:29:03.260,8.527505999999999
2433,2018-01-09 09:29:03.360,8.527505999999999
2434,2018-01-09 09:29:03.460,8.527505999999999
2435,2018-01-09 09:29:03.560,8.41262
2436,2018-01-09 09:29:03.660,8.41262
2437,2018-01-09 09:29:03.760,8.41262
2438,2018-01-09 09:29:03.860,8.41262
2439,2018-01-09 09:29:03.960,8.41262
2440,2018-01-09 09:29:04.060,8.41262
2441,2018-01-09 09:29:04.160,8.41262
2442,2018-01-09 09:29:04.260,8.41262
2443,2018-01-09 09:29:04.360,8.41262
2444,2018-01-09 09:29:04.460,8.41262
2445,2018-01-09 09:29:04.560,8.770249
2446,2018-01-09 09:29:04.660,8.770249
2447,2018-01-09 09:29:04.760,8.770249
2448,2018-01-09 09:29:04.860,8.770249
2449,2018-01-09 09:29:04.960,8.770249
2450,2018-01-09 09:29:05.060,8.770249
2451,2018-01-09 09:29:05.160,8.770249
2452,2018-01-09 09:29:05.260,8.770249
2453,2018-01-09 09:29:05.360,8.770249
2454,2018-01-09 09:29:05.460,8.770249
2455,2018-01-09 09:29:05.560,9.328002
2456,2018-01-09 09:29:05.661,9.328002
2457,2018-01-09 09:29:05.761,9.328002
2458,2018-01-09 09:29:05.861,9.328002
2459,2018-01-09 09:29:05.960,9.328002
2460,2018-01-09 09:29:06.060,9.328002
2461,2018-01-09 09:29:06.160,9.328002
2462,2018-01-09 09:29:06.260,9.328002
2463,2018-01-09 09:29:06.360,9.328002
2464,2018-01-09 09:29:06.460,9.328002
2465,2018-01-09 09:29:06.560,9.292795
2466,2018-01-09 09:29:06.660,9.292795
2467,2018-01-09 09:29:06.760,9.292795
2468,2018-01-09 09:29:06.860,9.292795
2469,2018-01-09 09:29:06.960,9.292795
2470,2018-01-09 09:29:07.061,9.292795
2471,2018-01-09 09:29:07.160,9.292795
2472,2018-01-09 09:29:07.260,9.292795
2473,2018-01-09 09:29:07.361,9.292795
2474,2018-01-09 09:29:07.460,9.292795
2475,2018-01-09 09:29:07.560,8.998168
2476,2018-01-09 09:29:07.660,8.998168
2477,2018-01-09 09:29:07.760,8.998168
2478,2018-01-09 09:29:07.860,8.998168
2479,2018-01-09 09:29:07.960,8.998168
2480,2018-01-09 09:29:08.060,8.998168
2481,2018-01-09 09:29:08.160,8.998168
2482,2018-01-09 09:29:08.260,8.998168
2483,2018-01-09 09:29:08.360,8.998168
2484,2018-01-09 09:29:08.460,8.998168
2485,2018-01-09 09:29:08.561,8.603479
2486,2018-01-09 09:29:08.661,8.603479
2487,2018-01-09 09:29:08.761,8.603479
2488,2018-01-09 09:29:08.861,8.603479
2489,2018-01-09 09:29:08.961,8.603479
2490,2018-01-09 09:29:09.062,8.603479
2491,2018-01-09 09:29:09.161,8.603479
2492,2018-01-09 09:29:09.262,8.603479
2493,2018-01-09 09:29:09.362,8.603479
2494,2018-01-09 09:29:09.461,8.603479
2495,2018-01-09 09:29:09.561,8.297734
2496,2018-01-09 09:29:09.661,8.297734
2497,2018-01-09 09:29:09.761,8.297734
2498,2018-01-09 09:29:09.861,8.297734
2499,2018-01-09 09:29:09.961,8.297734
2500,2018-01-09 09:29:10.061,8.297734
2501,2018-01-09 09:29:10.161,8.297734
2502,2018-01-09 09:29:10.261,8.297734
2503,2018-01-09 09:29:10.361,8.297734
2504,2018-01-09 09:29:10.461,8.297734
2505,2018-01-09 09:29:10.561,8.256967999999999
2506,2018-01-09 09:29:10.662,8.256967999999999
2507,2018-01-09 09:29:10.761,8.256967999999999
2508,2018-01-09 09:29:10.861,8.256967999999999
2509,2018-01-09 09:29:10.960,8.256967999999999
2510,2018-01-09 09:29:11.059,8.256967999999999
2511,2018-01-09 09:29:11.159,8.256967999999999
2512,2018-01-09 09:29:11.259,8.256967999999999
2513,2018-01-09 09:29:11.359,8.256967999999999
2514,2018-01-09 09:29:11.459,8.256967999999999
2515,2018-01-09 09:29:11.559,8.464504
2516,2018-01-09 09:29:11.660,8.464504
2517,2018-01-09 09:29:11.760,8.464504
2518,2018-01-09 09:29:11.860,8.464504
2519,2018-01-09 09:29:11.960,8.464504
2520,2018-01-09 09:29:12.060,8.464504
2521,2018-01-09 09:29:12.160,8.464504
2522,2018-01-09 09:29:12.260,8.464504
2523,2018-01-09 09:29:12.360,8.464504
2524,2018-01-09 09:29:12.460,8.464504
2525,2018-01-09 09:29:12.560,8.862899
2526,2018-01-09 09:29:12.660,8.862899
2527,2018-01-09 09:29:12.761,8.862899
2528,2018-01-09 09:29:12.861,8.862899
2529,2018-01-09 09:29:12.960,8.862899
2530,2018-01-09 09:29:13.060,8.862899
2531,2018-01-09 09:29:13.160,8.862899
2532,2018-01-09 09:29:13.260,8.862899
2533,2018-01-09 09:29:13.360,8.862899
2534,2018-01-09 09:29:13.460,8.862899
2535,2018-01-09 09:29:13.560,9.285383
2536,2018-01-09 09:29:13.660,9.285383
2537,2018-01-09 09:29:13.760,9.285383
2538,2018-01-09 09:29:13.860,9.285383
2539,2018-01-09 09:29:13.960,9.285383
2540,2018-01-09 09:29:14.060,9.285383
2541,2018-01-09 09:29:14.160,9.285383
2542,2018-01-09 09:29:14.260,9.285383
2543,2018-01-09 09:29:14.360,9.285383
2544,2018-01-09 09:29:14.460,9.285383
2545,2018-01-09 09:29:14.560,9.513302
2546,2018-01-09 09:29:14.661,9.513302
2547,2018-01-09 09:29:14.761,9.513302
2548,2018-01-09 09:29:14.861,9.513302
2549,2018-01-09 09:29:14.961,9.513302
2550,2018-01-09 09:29:15.062,9.513302
2551,2018-01-09 09:29:15.161,9.513302
2552,2018-01-09 09:29:15.262,9.513302
2553,2018-01-09 09:29:15.361,9.513302
2554,2018-01-09 09:29:15.461,9.513302
2555,2018-01-09 09:29:15.561,9.604099
2556,2018-01-09 09:29:15.661,9.604099
2557,2018-01-09 09:29:15.761,9.604099
2558,2018-01-09 09:29:15.861,9.604099
2559,2018-01-09 09:29:15.959,9.604099
2560,2018-01-09 09:29:16.059,9.604099
2561,2018-01-09 09:29:16.159,9.604099
2562,2018-01-09 09:29:16.259,9.604099
2563,2018-01-09 09:29:16.359,9.604099
2564,2018-01-09 09:29:16.459,9.604099
2565,2018-01-09 09:29:16.559,9.565186
2566,2018-01-09 09:29:16.659,9.565186
2567,2018-01-09 09:29:16.759,9.565186
2568,2018-01-09 09:29:16.860,9.565186
2569,2018-01-09 09:29:16.959,9.565186
2570,2018-01-09 09:29:17.060,9.565186
2571,2018-01-09 09:29:17.160,9.565186
2572,2018-01-09 09:29:17.259,9.565186
2573,2018-01-09 09:29:17.359,9.565186
2574,2018-01-09 09:29:17.459,9.565186
2575,2018-01-09 09:29:17.559,9.446594
2576,2018-01-09 09:29:17.660,9.446594
2577,2018-01-09 09:29:17.760,9.446594
2578,2018-01-09 09:29:17.860,9.446594
2579,2018-01-09 09:29:17.960,9.446594
2580,2018-01-09 09:29:18.060,9.446594
2581,2018-01-09 09:29:18.160,9.446594
2582,2018-01-09 09:29:18.260,9.446594
2583,2018-01-09 09:29:18.360,9.446594
2584,2018-01-09 09:29:18.460,9.446594
2585,2018-01-09 09:29:18.560,9.326149
2586,2018-01-09 09:29:18.660,9.326149
2587,2018-01-09 09:29:18.760,9.326149
2588,2018-01-09 09:29:18.861,9.326149
2589,2018-01-09 09:29:18.961,9.326149
2590,2018-01-09 09:29:19.060,9.326149
2591,2018-01-09 09:29:19.160,9.326149
2592,2018-01-09 09:29:19.260,9.326149
2593,2018-01-09 09:29:19.360,9.326149
2594,2018-01-09 09:29:19.460,9.326149
2595,2018-01-09 09:29:19.560,9.30206
2596,2018-01-09 09:29:19.660,9.30206
2597,2018-01-09 09:29:19.760,9.30206
2598,2018-01-09 09:29:19.860,9.30206
2599,2018-01-09 09:29:19.960,9.30206
2600,2018-01-09 09:29:20.060,9.30206
2601,2018-01-09 09:29:20.160,9.30206
2602,2018-01-09 09:29:20.260,9.30206
2603,2018-01-09 09:29:20.360,9.30206
2604,2018-01-09 09:29:20.460,9.30206
2605,2018-01-09 09:29:20.560,9.28353
2606,2018-01-09 09:29:20.660,9.28353
2607,2018-01-09 09:29:20.761,9.28353
2608,2018-01-09 09:29:20.861,9.28353
2609,2018-01-09 09:29:20.959,9.28353
2610,2018-01-09 09:29:21.060,9.28353
2611,2018-01-09 09:29:21.159,9.28353
2612,2018-01-09 09:29:21.259,9.28353
2613,2018-01-09 09:29:21.360,9.28353
2614,2018-01-09 09:29:21.459,9.28353
2615,2018-01-09 09:29:21.559,9.252029
2616,2018-01-09 09:29:21.659,9.252029
2617,2018-01-09 09:29:21.759,9.252029
2618,2018-01-09 09:29:21.859,9.252029
2619,2018-01-09 09:29:21.959,9.252029
2620,2018-01-09 09:29:22.059,9.252029
2621,2018-01-09 09:29:22.159,9.252029
2622,2018-01-09 09:29:22.259,9.252029
2623,2018-01-09 09:29:22.359,9.252029
2624,2018-01-09 09:29:22.459,9.252029
2625,2018-01-09 09:29:22.559,9.240911
2626,2018-01-09 09:29:22.659,9.240911
2627,2018-01-09 09:29:22.760,9.240911
2628,2018-01-09 09:29:22.860,9.240911
2629,2018-01-09 09:29:22.959,9.240911
2630,2018-01-09 09:29:23.059,9.240911
2631,2018-01-09 09:29:23.159,9.240911
2632,2018-01-09 09:29:23.259,9.240911
2633,2018-01-09 09:29:23.360,9.240911
2634,2018-01-09 09:29:23.459,9.240911
2635,2018-01-09 09:29:23.559,9.224234
2636,2018-01-09 09:29:23.659,9.224234
2637,2018-01-09 09:29:23.760,9.224234
2638,2018-01-09 09:29:23.860,9.224234
2639,2018-01-09 09:29:23.960,9.224234
2640,2018-01-09 09:29:24.060,9.224234
2641,2018-01-09 09:29:24.160,9.224234
2642,2018-01-09 09:29:24.260,9.224234
2643,2018-01-09 09:29:24.360,9.224234
2644,2018-01-09 09:29:24.460,9.224234
2645,2018-01-09 09:29:24.560,9.213116
2646,2018-01-09 09:29:24.660,9.213116
2647,2018-01-09 09:29:24.760,9.213116
2648,2018-01-09 09:29:24.860,9.213116
2649,2018-01-09 09:29:24.960,9.213116
2650,2018-01-09 09:29:25.060,9.213116
2651,2018-01-09 09:29:25.160,9.213116
2652,2018-01-09 09:29:25.261,9.213116
2653,2018-01-09 09:29:25.360,9.213116
2654,2018-01-09 09:29:25.461,9.213116
2655,2018-01-09 09:29:25.560,9.252029
2656,2018-01-09 09:29:25.660,9.252029
2657,2018-01-09 09:29:25.760,9.252029
2658,2018-01-09 09:29:25.860,9.252029
2659,2018-01-09 09:29:25.958,9.252029
2660,2018-01-09 09:29:26.058,9.252029
2661,2018-01-09 09:29:26.158,9.252029
2662,2018-01-09 09:29:26.258,9.252029
2663,2018-01-09 09:29:26.358,9.252029
2664,2018-01-09 09:29:26.458,9.252029
2665,2018-01-09 09:29:26.558,9.164938
2666,2018-01-09 09:29:26.658,9.164938
2667,2018-01-09 09:29:26.760,9.164938
2668,2018-01-09 09:29:26.859,9.164938
2669,2018-01-09 09:29:26.959,9.164938
2670,2018-01-09 09:29:27.059,9.164938
2671,2018-01-09 09:29:27.159,9.164938
2672,2018-01-09 09:29:27.260,9.164938
2673,2018-01-09 09:29:27.359,9.164938
2674,2018-01-09 09:29:27.459,9.164938
2675,2018-01-09 09:29:27.559,9.040787
2676,2018-01-09 09:29:27.659,9.040787
2677,2018-01-09 09:29:27.759,9.040787
2678,2018-01-09 09:29:27.859,9.040787
2679,2018-01-09 09:29:27.959,9.040787
2680,2018-01-09 09:29:28.059,9.040787
2681,2018-01-09 09:29:28.159,9.040787
2682,2018-01-09 09:29:28.259,9.040787
2683,2018-01-09 09:29:28.359,9.040787
2684,2018-01-09 09:29:28.459,9.040787
2685,2018-01-09 09:29:28.560,9.016698
2686,2018-01-09 09:29:28.659,9.016698
2687,2018-01-09 09:29:28.760,9.016698
2688,2018-01-09 09:29:28.859,9.016698
2689,2018-01-09 09:29:28.959,9.016698
2690,2018-01-09 09:29:29.059,9.016698
2691,2018-01-09 09:29:29.160,9.016698
2692,2018-01-09 09:29:29.259,9.016698
2693,2018-01-09 09:29:29.359,9.016698
2694,2018-01-09 09:29:29.459,9.016698
2695,2018-01-09 09:29:29.559,9.064876
2696,2018-01-09 09:29:29.659,9.064876
2697,2018-01-09 09:29:29.760,9.064876
2698,2018-01-09 09:29:29.859,9.064876
2699,2018-01-09 09:29:29.960,9.064876
2700,2018-01-09 09:29:30.060,9.064876
2701,2018-01-09 09:29:30.160,9.064876
2702,2018-01-09 09:29:30.260,9.064876
2703,2018-01-09 09:29:30.360,9.064876
2704,2018-01-09 09:29:30.460,9.064876
2705,2018-01-09 09:29:30.560,9.226087
2706,2018-01-09 09:29:30.661,9.226087
2707,2018-01-09 09:29:30.760,9.226087
2708,2018-01-09 09:29:30.860,9.226087
2709,2018-01-09 09:29:30.958,9.226087
2710,2018-01-09 09:29:31.058,9.226087
2711,2018-01-09 09:29:31.158,9.226087
2712,2018-01-09 09:29:31.258,9.226087
2713,2018-01-09 09:29:31.358,9.226087
2714,2018-01-09 09:29:31.458,9.226087
2715,2018-01-09 09:29:31.558,9.350238
2716,2018-01-09 09:29:31.658,9.350238
2717,2018-01-09 09:29:31.758,9.350238
2718,2018-01-09 09:29:31.858,9.350238
2719,2018-01-09 09:29:31.958,9.350238
2720,2018-01-09 09:29:32.058,9.350238
2721,2018-01-09 09:29:32.158,9.350238
2722,2018-01-09 09:29:32.258,9.350238
2723,2018-01-09 09:29:32.358,9.350238
2724,2018-01-09 09:29:32.458,9.350238
2725,2018-01-09 09:29:32.558,9.446594
2726,2018-01-09 09:29:32.658,9.446594
2727,2018-01-09 09:29:32.759,9.446594
2728,2018-01-09 09:29:32.859,9.446594
2729,2018-01-09 09:29:32.959,9.446594
2730,2018-01-09 09:29:33.059,9.446594
2731,2018-01-09 09:29:33.159,9.446594
2732,2018-01-09 09:29:33.259,9.446594
2733,2018-01-09 09:29:33.359,9.446594
2734,2018-01-09 09:29:33.459,9.446594
2735,2018-01-09 09:29:33.559,9.552215
2736,2018-01-09 09:29:33.659,9.552215
2737,2018-01-09 09:29:33.759,9.552215
2738,2018-01-09 09:29:33.859,9.552215
2739,2018-01-09 09:29:33.959,9.552215
2740,2018-01-09 09:29:34.059,9.552215
2741,2018-01-09 09:29:34.159,9.552215
2742,2018-01-09 09:29:34.259,9.552215
2743,2018-01-09 09:29:34.359,9.552215
2744,2018-01-09 09:29:34.459,9.552215
2745,2018-01-09 09:29:34.559,9.581863
2746,2018-01-09 09:29:34.659,9.581863
2747,2018-01-09 09:29:34.759,9.581863
2748,2018-01-09 09:29:34.859,9.581863
2749,2018-01-09 09:29:34.960,9.581863
2750,2018-01-09 09:29:35.059,9.581863
2751,2018-01-09 09:29:35.159,9.581863
2752,2018-01-09 09:29:35.259,9.581863
2753,2018-01-09 09:29:35.359,9.581863
2754,2018-01-09 09:29:35.459,9.581863
2755,2018-01-09 09:29:35.559,9.428064
2756,2018-01-09 09:29:35.659,9.428064
2757,2018-01-09 09:29:35.760,9.428064
2758,2018-01-09 09:29:35.860,9.428064
2759,2018-01-09 09:29:35.958,9.428064
2760,2018-01-09 09:29:36.058,9.428064
2761,2018-01-09 09:29:36.158,9.428064
2762,2018-01-09 09:29:36.258,9.428064
2763,2018-01-09 09:29:36.358,9.428064
2764,2018-01-09 09:29:36.458,9.428064
2765,2018-01-09 09:29:36.558,9.174203
2766,2018-01-09 09:29:36.658,9.174203
2767,2018-01-09 09:29:36.758,9.174203
2768,2018-01-09 09:29:36.858,9.174203
2769,2018-01-09 09:29:36.958,9.174203
2770,2018-01-09 09:29:37.058,9.174203
2771,2018-01-09 09:29:37.159,9.174203
2772,2018-01-09 09:29:37.259,9.174203
2773,2018-01-09 09:29:37.358,9.174203
2774,2018-01-09 09:29:37.458,9.174203
2775,2018-01-09 09:29:37.558,8.056844
2776,2018-01-09 09:29:37.658,8.056844
2777,2018-01-09 09:29:37.758,8.056844
2778,2018-01-09 09:29:37.858,8.056844
2779,2018-01-09 09:29:37.958,8.056844
2780,2018-01-09 09:29:38.058,8.056844
2781,2018-01-09 09:29:38.158,8.056844
2782,2018-01-09 09:29:38.258,8.056844
2783,2018-01-09 09:29:38.358,8.056844
2784,2018-01-09 09:29:38.458,8.056844
2785,2018-01-09 09:29:38.558,7.710333
2786,2018-01-09 09:29:38.658,7.710333
2787,2018-01-09 09:29:38.758,7.710333
2788,2018-01-09 09:29:38.859,7.710333
2789,2018-01-09 09:29:38.959,7.710333
2790,2018-01-09 09:29:39.060,7.710333
2791,2018-01-09 09:29:39.160,7.710333
2792,2018-01-09 09:29:39.259,7.710333
2793,2018-01-09 09:29:39.360,7.710333
2794,2018-01-09 09:29:39.459,7.710333
2795,2018-01-09 09:29:39.559,8.282910000000001
2796,2018-01-09 09:29:39.659,8.282910000000001
2797,2018-01-09 09:29:39.759,8.282910000000001
2798,2018-01-09 09:29:39.859,8.282910000000001
2799,2018-01-09 09:29:39.959,8.282910000000001
2800,2018-01-09 09:29:40.059,8.282910000000001
2801,2018-01-09 09:29:40.159,8.282910000000001
2802,2018-01-09 09:29:40.259,8.282910000000001
2803,2018-01-09 09:29:40.359,8.282910000000001
2804,2018-01-09 09:29:40.459,8.282910000000001
2805,2018-01-09 09:29:40.559,8.670187
2806,2018-01-09 09:29:40.659,8.670187
2807,2018-01-09 09:29:40.759,8.670187
2808,2018-01-09 09:29:40.859,8.670187
2809,2018-01-09 09:29:40.957,8.670187
2810,2018-01-09 09:29:41.057,8.670187
2811,2018-01-09 09:29:41.157,8.670187
2812,2018-01-09 09:29:41.257,8.670187
2813,2018-01-09 09:29:41.357,8.670187
2814,2018-01-09 09:29:41.457,8.670187
2815,2018-01-09 09:29:41.557,8.981491
2816,2018-01-09 09:29:41.657,8.981491
2817,2018-01-09 09:29:41.758,8.981491
2818,2018-01-09 09:29:41.857,8.981491
2819,2018-01-09 09:29:41.958,8.981491
2820,2018-01-09 09:29:42.058,8.981491
2821,2018-01-09 09:29:42.158,8.981491
2822,2018-01-09 09:29:42.258,8.981491
2823,2018-01-09 09:29:42.358,8.981491
2824,2018-01-09 09:29:42.458,8.981491
2825,2018-01-09 09:29:42.558,9.101936
2826,2018-01-09 09:29:42.659,9.101936
2827,2018-01-09 09:29:42.758,9.101936
2828,2018-01-09 09:29:42.858,9.101936
2829,2018-01-09 09:29:42.958,9.101936
2830,2018-01-09 09:29:43.058,9.101936
2831,2018-01-09 09:29:43.159,9.101936
2832,2018-01-09 09:29:43.258,9.101936
2833,2018-01-09 09:29:43.358,9.101936
2834,2018-01-09 09:29:43.459,9.101936
2835,2018-01-09 09:29:43.558,9.009286
2836,2018-01-09 09:29:43.658,9.009286
2837,2018-01-09 09:29:43.758,9.009286
2838,2018-01-09 09:29:43.858,9.009286
2839,2018-01-09 09:29:43.958,9.009286
2840,2018-01-09 09:29:44.058,9.009286
2841,2018-01-09 09:29:44.158,9.009286
2842,2018-01-09 09:29:44.258,9.009286
2843,2018-01-09 09:29:44.358,9.009286
2844,2018-01-09 09:29:44.458,9.009286
2845,2018-01-09 09:29:44.558,8.805456
2846,2018-01-09 09:29:44.659,8.805456
2847,2018-01-09 09:29:44.759,8.805456
2848,2018-01-09 09:29:44.859,8.805456
2849,2018-01-09 09:29:44.959,8.805456
2850,2018-01-09 09:29:45.059,8.805456
2851,2018-01-09 09:29:45.159,8.805456
2852,2018-01-09 09:29:45.260,8.805456
2853,2018-01-09 09:29:45.359,8.805456
2854,2018-01-09 09:29:45.460,8.805456
2855,2018-01-09 09:29:45.559,8.562713
2856,2018-01-09 09:29:45.659,8.562713
2857,2018-01-09 09:29:45.759,8.562713
2858,2018-01-09 09:29:45.859,8.562713
2859,2018-01-09 09:29:45.957,8.562713
2860,2018-01-09 09:29:46.057,8.562713
2861,2018-01-09 09:29:46.157,8.562713
2862,2018-01-09 09:29:46.257,8.562713
2863,2018-01-09 09:29:46.357,8.562713
2864,2018-01-09 09:29:46.457,8.562713
2865,2018-01-09 09:29:46.557,8.35703
2866,2018-01-09 09:29:46.658,8.35703
2867,2018-01-09 09:29:46.757,8.35703
2868,2018-01-09 09:29:46.858,8.35703
2869,2018-01-09 09:29:46.957,8.35703
2870,2018-01-09 09:29:47.057,8.35703
2871,2018-01-09 09:29:47.158,8.35703
2872,2018-01-09 09:29:47.258,8.35703
2873,2018-01-09 09:29:47.357,8.35703
2874,2018-01-09 09:29:47.458,8.35703
2875,2018-01-09 09:29:47.557,8.232878999999999
2876,2018-01-09 09:29:47.657,8.232878999999999
2877,2018-01-09 09:29:47.757,8.232878999999999
2878,2018-01-09 09:29:47.857,8.232878999999999
2879,2018-01-09 09:29:47.958,8.232878999999999
2880,2018-01-09 09:29:48.058,8.232878999999999
2881,2018-01-09 09:29:48.158,8.232878999999999
2882,2018-01-09 09:29:48.258,8.232878999999999
2883,2018-01-09 09:29:48.358,8.232878999999999
2884,2018-01-09 09:29:48.458,8.232878999999999
2885,2018-01-09 09:29:48.558,8.016078
2886,2018-01-09 09:29:48.658,8.016078
2887,2018-01-09 09:29:48.758,8.016078
2888,2018-01-09 09:29:48.858,8.016078
2889,2018-01-09 09:29:48.958,8.016078
2890,2018-01-09 09:29:49.058,8.016078
2891,2018-01-09 09:29:49.158,8.016078
2892,2018-01-09 09:29:49.258,8.016078
2893,2018-01-09 09:29:49.358,8.016078
2894,2018-01-09 09:29:49.459,8.016078
2895,2018-01-09 09:29:49.558,7.85672
2896,2018-01-09 09:29:49.658,7.85672
2897,2018-01-09 09:29:49.758,7.85672
2898,2018-01-09 09:29:49.858,7.85672
2899,2018-01-09 09:29:49.958,7.85672
2900,2018-01-09 09:29:50.058,7.85672
2901,2018-01-09 09:29:50.158,7.85672
2902,2018-01-09 09:29:50.258,7.85672
2903,2018-01-09 09:29:50.358,7.85672
2904,2018-01-09 09:29:50.458,7.85672
2905,2018-01-09 09:29:50.558,7.671419999999999
2906,2018-01-09 09:29:50.658,7.671419999999999
2907,2018-01-09 09:29:50.758,7.671419999999999
2908,2018-01-09 09:29:50.857,7.671419999999999
2909,2018-01-09 09:29:50.957,7.671419999999999
2910,2018-01-09 09:29:51.058,7.671419999999999
2911,2018-01-09 09:29:51.157,7.671419999999999
2912,2018-01-09 09:29:51.257,7.671419999999999
2913,2018-01-09 09:29:51.358,7.671419999999999
2914,2018-01-09 09:29:51.458,7.671419999999999
2915,2018-01-09 09:29:51.557,7.665861
2916,2018-01-09 09:29:51.657,7.665861
2917,2018-01-09 09:29:51.757,7.665861
2918,2018-01-09 09:29:51.857,7.665861
2919,2018-01-09 09:29:51.957,7.665861
2920,2018-01-09 09:29:52.057,7.665861
2921,2018-01-09 09:29:52.157,7.665861
2922,2018-01-09 09:29:52.257,7.665861
2923,2018-01-09 09:29:52.357,7.665861
2924,2018-01-09 09:29:52.457,7.665861
2925,2018-01-09 09:29:52.557,7.797423999999999
2926,2018-01-09 09:29:52.657,7.797423999999999
2927,2018-01-09 09:29:52.757,7.797423999999999
2928,2018-01-09 09:29:52.857,7.797423999999999
2929,2018-01-09 09:29:52.957,7.797423999999999
2930,2018-01-09 09:29:53.057,7.797423999999999
2931,2018-01-09 09:29:53.158,7.797423999999999
2932,2018-01-09 09:29:53.258,7.797423999999999
2933,2018-01-09 09:29:53.358,7.797423999999999
2934,2018-01-09 09:29:53.457,7.797423999999999
2935,2018-01-09 09:29:53.558,7.847455
2936,2018-01-09 09:29:53.657,7.847455
2937,2018-01-09 09:29:53.757,7.847455
2938,2018-01-09 09:29:53.857,7.847455
2939,2018-01-09 09:29:53.957,7.847455
2940,2018-01-09 09:29:54.057,7.847455
2941,2018-01-09 09:29:54.158,7.847455
2942,2018-01-09 09:29:54.258,7.847455
2943,2018-01-09 09:29:54.358,7.847455
2944,2018-01-09 09:29:54.458,7.847455
2945,2018-01-09 09:29:54.558,7.802983
2946,2018-01-09 09:29:54.658,7.802983
2947,2018-01-09 09:29:54.759,7.802983
2948,2018-01-09 09:29:54.859,7.802983
2949,2018-01-09 09:29:54.958,7.802983
2950,2018-01-09 09:29:55.058,7.802983
2951,2018-01-09 09:29:55.159,7.802983
2952,2018-01-09 09:29:55.258,7.802983
2953,2018-01-09 09:29:55.358,7.802983
2954,2018-01-09 09:29:55.458,7.802983
2955,2018-01-09 09:29:55.558,7.641772
2956,2018-01-09 09:29:55.658,7.641772
2957,2018-01-09 09:29:55.758,7.641772
2958,2018-01-09 09:29:55.857,7.641772
2959,2018-01-09 09:29:55.956,7.641772
2960,2018-01-09 09:29:56.056,7.641772
2961,2018-01-09 09:29:56.156,7.641772
2962,2018-01-09 09:29:56.256,7.641772
2963,2018-01-09 09:29:56.356,7.641772
2964,2018-01-09 09:29:56.456,7.641772
2965,2018-01-09 09:29:56.556,7.310085000000001
2966,2018-01-09 09:29:56.657,7.310085000000001
2967,2018-01-09 09:29:56.756,7.310085000000001
2968,2018-01-09 09:29:56.856,7.310085000000001
2969,2018-01-09 09:29:56.957,7.310085000000001
2970,2018-01-09 09:29:57.057,7.310085000000001
2971,2018-01-09 09:29:57.157,7.310085000000001
2972,2018-01-09 09:29:57.257,7.310085000000001
2973,2018-01-09 09:29:57.357,7.310085000000001
2974,2018-01-09 09:29:57.458,7.310085000000001
2975,2018-01-09 09:29:57.558,6.889454
2976,2018-01-09 09:29:57.657,6.889454
2977,2018-01-09 09:29:57.757,6.889454
2978,2018-01-09 09:29:57.857,6.889454
2979,2018-01-09 09:29:57.957,6.889454
2980,2018-01-09 09:29:58.057,6.889454
2981,2018-01-09 09:29:58.157,6.889454
2982,2018-01-09 09:29:58.257,6.889454
2983,2018-01-09 09:29:58.357,6.889454
2984,2018-01-09 09:29:58.457,6.889454
2985,2018-01-09 09:29:58.557,6.635592999999999
2986,2018-01-09 09:29:58.658,6.635592999999999
2987,2018-01-09 09:29:58.757,6.635592999999999
2988,2018-01-09 09:29:58.857,6.635592999999999
2989,2018-01-09 09:29:58.957,6.635592999999999
2990,2018-01-09 09:29:59.058,6.635592999999999
2991,2018-01-09 09:29:59.158,6.635592999999999
2992,2018-01-09 09:29:59.257,6.635592999999999
2993,2018-01-09 09:29:59.358,6.635592999999999
2994,2018-01-09 09:29:59.457,6.635592999999999
2995,2018-01-09 09:29:59.557,6.622622
2996,2018-01-09 09:29:59.657,6.622622
2997,2018-01-09 09:29:59.757,6.622622
2998,2018-01-09 09:29:59.857,6.622622
2999,2018-01-09 09:29:59.957,6.622622
3000,2018-01-09 09:30:00.058,6.622622
3001,2018-01-09 09:30:00.158,6.622622
3002,2018-01-09 09:30:00.258,6.622622
3003,2018-01-09 09:30:00.358,6.622622
3004,2018-01-09 09:30:00.458,6.622622
3005,2018-01-09 09:30:00.558,6.728242999999999
3006,2018-01-09 09:30:00.659,6.728242999999999
3007,2018-01-09 09:30:00.758,6.728242999999999
3008,2018-01-09 09:30:00.856,6.728242999999999
3009,2018-01-09 09:30:00.956,6.728242999999999
3010,2018-01-09 09:30:01.056,6.728242999999999
3011,2018-01-09 09:30:01.157,6.728242999999999
3012,2018-01-09 09:30:01.256,6.728242999999999
3013,2018-01-09 09:30:01.356,6.728242999999999
3014,2018-01-09 09:30:01.457,6.728242999999999
3015,2018-01-09 09:30:01.556,6.963574
3016,2018-01-09 09:30:01.656,6.963574
3017,2018-01-09 09:30:01.756,6.963574
3018,2018-01-09 09:30:01.856,6.963574
3019,2018-01-09 09:30:01.956,6.963574
3020,2018-01-09 09:30:02.056,6.963574
3021,2018-01-09 09:30:02.156,6.963574
3022,2018-01-09 09:30:02.256,6.963574
3023,2018-01-09 09:30:02.356,6.963574
3024,2018-01-09 09:30:02.456,6.963574
3025,2018-01-09 09:30:02.556,7.082166
3026,2018-01-09 09:30:02.656,7.082166
3027,2018-01-09 09:30:02.757,7.082166
3028,2018-01-09 09:30:02.857,7.082166
3029,2018-01-09 09:30:02.957,7.082166
3030,2018-01-09 09:30:03.057,7.082166
3031,2018-01-09 09:30:03.157,7.082166
3032,2018-01-09 09:30:03.258,7.082166
3033,2018-01-09 09:30:03.357,7.082166
3034,2018-01-09 09:30:03.457,7.082166
3035,2018-01-09 09:30:03.557,7.0358410000000005
3036,2018-01-09 09:30:03.657,7.0358410000000005
3037,2018-01-09 09:30:03.757,7.0358410000000005
3038,2018-01-09 09:30:03.857,7.0358410000000005
3039,2018-01-09 09:30:03.957,7.0358410000000005
3040,2018-01-09 09:30:04.057,7.0358410000000005
3041,2018-01-09 09:30:04.157,7.0358410000000005
3042,2018-01-09 09:30:04.257,7.0358410000000005
3043,2018-01-09 09:30:04.357,7.0358410000000005
3044,2018-01-09 09:30:04.457,7.0358410000000005
3045,2018-01-09 09:30:04.557,6.819039999999998
3046,2018-01-09 09:30:04.657,6.819039999999998
3047,2018-01-09 09:30:04.757,6.819039999999998
3048,2018-01-09 09:30:04.857,6.819039999999998
3049,2018-01-09 09:30:04.957,6.819039999999998
3050,2018-01-09 09:30:05.057,6.819039999999998
3051,2018-01-09 09:30:05.157,6.819039999999998
3052,2018-01-09 09:30:05.257,6.819039999999998
3053,2018-01-09 09:30:05.357,6.819039999999998
3054,2018-01-09 09:30:05.457,6.819039999999998
3055,2018-01-09 09:30:05.557,6.617063000000001
3056,2018-01-09 09:30:05.657,6.617063000000001
3057,2018-01-09 09:30:05.757,6.617063000000001
3058,2018-01-09 09:30:05.855,6.617063000000001
3059,2018-01-09 09:30:05.956,6.617063000000001
3060,2018-01-09 09:30:06.056,6.617063000000001
3061,2018-01-09 09:30:06.156,6.617063000000001
3062,2018-01-09 09:30:06.256,6.617063000000001
3063,2018-01-09 09:30:06.356,6.617063000000001
3064,2018-01-09 09:30:06.456,6.617063000000001
3065,2018-01-09 09:30:06.556,6.418792
3066,2018-01-09 09:30:06.656,6.418792
3067,2018-01-09 09:30:06.757,6.418792
3068,2018-01-09 09:30:06.856,6.418792
3069,2018-01-09 09:30:06.956,6.418792
3070,2018-01-09 09:30:07.056,6.418792
3071,2018-01-09 09:30:07.156,6.418792
3072,2018-01-09 09:30:07.256,6.418792
3073,2018-01-09 09:30:07.356,6.418792
3074,2018-01-09 09:30:07.456,6.418792
3075,2018-01-09 09:30:07.556,6.378026
3076,2018-01-09 09:30:07.657,6.378026
3077,2018-01-09 09:30:07.756,6.378026
3078,2018-01-09 09:30:07.856,6.378026
3079,2018-01-09 09:30:07.956,6.378026
3080,2018-01-09 09:30:08.056,6.378026
3081,2018-01-09 09:30:08.156,6.378026
3082,2018-01-09 09:30:08.256,6.378026
3083,2018-01-09 09:30:08.356,6.378026
3084,2018-01-09 09:30:08.456,6.378026
3085,2018-01-09 09:30:08.556,6.394703
3086,2018-01-09 09:30:08.656,6.394703
3087,2018-01-09 09:30:08.756,6.394703
3088,2018-01-09 09:30:08.857,6.394703
3089,2018-01-09 09:30:08.956,6.394703
3090,2018-01-09 09:30:09.056,6.394703
3091,2018-01-09 09:30:09.157,6.394703
3092,2018-01-09 09:30:09.257,6.394703
3093,2018-01-09 09:30:09.357,6.394703
3094,2018-01-09 09:30:09.458,6.394703
3095,2018-01-09 09:30:09.557,6.7023009999999985
3096,2018-01-09 09:30:09.657,6.7023009999999985
3097,2018-01-09 09:30:09.757,6.7023009999999985
3098,2018-01-09 09:30:09.857,6.7023009999999985
3099,2018-01-09 09:30:09.957,6.7023009999999985
3100,2018-01-09 09:30:10.057,6.7023009999999985
3101,2018-01-09 09:30:10.157,6.7023009999999985
3102,2018-01-09 09:30:10.257,6.7023009999999985
3103,2018-01-09 09:30:10.357,6.7023009999999985
3104,2018-01-09 09:30:10.457,6.7023009999999985
3105,2018-01-09 09:30:10.557,7.009899000000001
3106,2018-01-09 09:30:10.657,7.009899000000001
3107,2018-01-09 09:30:10.757,7.009899000000001
3108,2018-01-09 09:30:10.855,7.009899000000001
3109,2018-01-09 09:30:10.956,7.009899000000001
3110,2018-01-09 09:30:11.055,7.009899000000001
3111,2018-01-09 09:30:11.155,7.009899000000001
3112,2018-01-09 09:30:11.255,7.009899000000001
3113,2018-01-09 09:30:11.356,7.009899000000001
3114,2018-01-09 09:30:11.456,7.009899000000001
3115,2018-01-09 09:30:11.555,7.237817999999999
3116,2018-01-09 09:30:11.655,7.237817999999999
3117,2018-01-09 09:30:11.755,7.237817999999999
3118,2018-01-09 09:30:11.855,7.237817999999999
3119,2018-01-09 09:30:11.955,7.237817999999999
3120,2018-01-09 09:30:12.055,7.237817999999999
3121,2018-01-09 09:30:12.156,7.237817999999999
3122,2018-01-09 09:30:12.256,7.237817999999999
3123,2018-01-09 09:30:12.356,7.237817999999999
3124,2018-01-09 09:30:12.456,7.237817999999999
3125,2018-01-09 09:30:12.556,7.360116
3126,2018-01-09 09:30:12.656,7.360116
3127,2018-01-09 09:30:12.756,7.360116
3128,2018-01-09 09:30:12.856,7.360116
3129,2018-01-09 09:30:12.957,7.360116
3130,2018-01-09 09:30:13.056,7.360116
3131,2018-01-09 09:30:13.157,7.360116
3132,2018-01-09 09:30:13.257,7.360116
3133,2018-01-09 09:30:13.356,7.360116
3134,2018-01-09 09:30:13.456,7.360116
3135,2018-01-09 09:30:13.556,7.311938
3136,2018-01-09 09:30:13.657,7.311938
3137,2018-01-09 09:30:13.756,7.311938
3138,2018-01-09 09:30:13.856,7.311938
3139,2018-01-09 09:30:13.956,7.311938
3140,2018-01-09 09:30:14.056,7.311938
3141,2018-01-09 09:30:14.156,7.311938
3142,2018-01-09 09:30:14.256,7.311938
3143,2018-01-09 09:30:14.356,7.311938
3144,2018-01-09 09:30:14.456,7.311938
3145,2018-01-09 09:30:14.556,7.172963
3146,2018-01-09 09:30:14.656,7.172963
3147,2018-01-09 09:30:14.756,7.172963
3148,2018-01-09 09:30:14.857,7.172963
3149,2018-01-09 09:30:14.956,7.172963
3150,2018-01-09 09:30:15.057,7.172963
3151,2018-01-09 09:30:15.157,7.172963
3152,2018-01-09 09:30:15.257,7.172963
3153,2018-01-09 09:30:15.358,7.172963
3154,2018-01-09 09:30:15.457,7.172963
3155,2018-01-09 09:30:15.558,7.061783
3156,2018-01-09 09:30:15.657,7.061783
3157,2018-01-09 09:30:15.757,7.061783
3158,2018-01-09 09:30:15.855,7.061783
3159,2018-01-09 09:30:15.955,7.061783
3160,2018-01-09 09:30:16.055,7.061783
3161,2018-01-09 09:30:16.155,7.061783
3162,2018-01-09 09:30:16.255,7.061783
3163,2018-01-09 09:30:16.355,7.061783
3164,2018-01-09 09:30:16.455,7.061783
3165,2018-01-09 09:30:16.555,6.907984
3166,2018-01-09 09:30:16.655,6.907984
3167,2018-01-09 09:30:16.755,6.907984
3168,2018-01-09 09:30:16.855,6.907984
3169,2018-01-09 09:30:16.955,6.907984
3170,2018-01-09 09:30:17.055,6.907984
3171,2018-01-09 09:30:17.155,6.907984
3172,2018-01-09 09:30:17.255,6.907984
3173,2018-01-09 09:30:17.355,6.907984
3174,2018-01-09 09:30:17.455,6.907984
3175,2018-01-09 09:30:17.555,6.958015
3176,2018-01-09 09:30:17.655,6.958015
3177,2018-01-09 09:30:17.755,6.958015
3178,2018-01-09 09:30:17.855,6.958015
3179,2018-01-09 09:30:17.955,6.958015
3180,2018-01-09 09:30:18.055,6.958015
3181,2018-01-09 09:30:18.155,6.958015
3182,2018-01-09 09:30:18.256,6.958015
3183,2018-01-09 09:30:18.356,6.958015
3184,2018-01-09 09:30:18.456,6.958015
3185,2018-01-09 09:30:18.556,6.9672800000000015
3186,2018-01-09 09:30:18.656,6.9672800000000015
3187,2018-01-09 09:30:18.756,6.9672800000000015
3188,2018-01-09 09:30:18.857,6.9672800000000015
3189,2018-01-09 09:30:18.956,6.9672800000000015
3190,2018-01-09 09:30:19.056,6.9672800000000015
3191,2018-01-09 09:30:19.156,6.9672800000000015
3192,2018-01-09 09:30:19.256,6.9672800000000015
3193,2018-01-09 09:30:19.356,6.9672800000000015
3194,2018-01-09 09:30:19.456,6.9672800000000015
3195,2018-01-09 09:30:19.556,7.011752
3196,2018-01-09 09:30:19.656,7.011752
3197,2018-01-09 09:30:19.756,7.011752
3198,2018-01-09 09:30:19.856,7.011752
3199,2018-01-09 09:30:19.956,7.011752
3200,2018-01-09 09:30:20.056,7.011752
3201,2018-01-09 09:30:20.156,7.011752
3202,2018-01-09 09:30:20.256,7.011752
3203,2018-01-09 09:30:20.356,7.011752
3204,2018-01-09 09:30:20.456,7.011752
3205,2018-01-09 09:30:20.556,7.365674999999999
3206,2018-01-09 09:30:20.656,7.365674999999999
3207,2018-01-09 09:30:20.756,7.365674999999999
3208,2018-01-09 09:30:20.855,7.365674999999999
3209,2018-01-09 09:30:20.955,7.365674999999999
3210,2018-01-09 09:30:21.055,7.365674999999999
3211,2018-01-09 09:30:21.154,7.365674999999999
3212,2018-01-09 09:30:21.255,7.365674999999999
3213,2018-01-09 09:30:21.355,7.365674999999999
3214,2018-01-09 09:30:21.455,7.365674999999999
3215,2018-01-09 09:30:21.556,7.463883999999998
3216,2018-01-09 09:30:21.655,7.463883999999998
3217,2018-01-09 09:30:21.755,7.463883999999998
3218,2018-01-09 09:30:21.855,7.463883999999998
3219,2018-01-09 09:30:21.955,7.463883999999998
3220,2018-01-09 09:30:22.055,7.463883999999998
3221,2018-01-09 09:30:22.155,7.463883999999998
3222,2018-01-09 09:30:22.255,7.463883999999998
3223,2018-01-09 09:30:22.355,7.463883999999998
3224,2018-01-09 09:30:22.455,7.463883999999998
3225,2018-01-09 09:30:22.555,7.508356
3226,2018-01-09 09:30:22.655,7.508356
3227,2018-01-09 09:30:22.756,7.508356
3228,2018-01-09 09:30:22.856,7.508356
3229,2018-01-09 09:30:22.955,7.508356
3230,2018-01-09 09:30:23.055,7.508356
3231,2018-01-09 09:30:23.155,7.508356
3232,2018-01-09 09:30:23.255,7.508356
3233,2018-01-09 09:30:23.356,7.508356
3234,2018-01-09 09:30:23.455,7.508356
3235,2018-01-09 09:30:23.555,7.5361509999999985
3236,2018-01-09 09:30:23.656,7.5361509999999985
3237,2018-01-09 09:30:23.755,7.5361509999999985
3238,2018-01-09 09:30:23.855,7.5361509999999985
3239,2018-01-09 09:30:23.955,7.5361509999999985
3240,2018-01-09 09:30:24.056,7.5361509999999985
3241,2018-01-09 09:30:24.155,7.5361509999999985
3242,2018-01-09 09:30:24.256,7.5361509999999985
3243,2018-01-09 09:30:24.356,7.5361509999999985
3244,2018-01-09 09:30:24.456,7.5361509999999985
3245,2018-01-09 09:30:24.556,7.482414
3246,2018-01-09 09:30:24.656,7.482414
3247,2018-01-09 09:30:24.756,7.482414
3248,2018-01-09 09:30:24.857,7.482414
3249,2018-01-09 09:30:24.956,7.482414
3250,2018-01-09 09:30:25.057,7.482414
3251,2018-01-09 09:30:25.156,7.482414
3252,2018-01-09 09:30:25.256,7.482414
3253,2018-01-09 09:30:25.356,7.482414
3254,2018-01-09 09:30:25.456,7.482414
3255,2018-01-09 09:30:25.556,7.469442999999999
3256,2018-01-09 09:30:25.656,7.469442999999999
3257,2018-01-09 09:30:25.756,7.469442999999999
3258,2018-01-09 09:30:25.854,7.469442999999999
3259,2018-01-09 09:30:25.954,7.469442999999999
3260,2018-01-09 09:30:26.054,7.469442999999999
3261,2018-01-09 09:30:26.154,7.469442999999999
3262,2018-01-09 09:30:26.254,7.469442999999999
3263,2018-01-09 09:30:26.354,7.469442999999999
3264,2018-01-09 09:30:26.454,7.469442999999999
3265,2018-01-09 09:30:26.554,7.339733
3266,2018-01-09 09:30:26.654,7.339733
3267,2018-01-09 09:30:26.754,7.339733
3268,2018-01-09 09:30:26.855,7.339733
3269,2018-01-09 09:30:26.954,7.339733
3270,2018-01-09 09:30:27.055,7.339733
3271,2018-01-09 09:30:27.155,7.339733
3272,2018-01-09 09:30:27.256,7.339733
3273,2018-01-09 09:30:27.355,7.339733
3274,2018-01-09 09:30:27.455,7.339733
3275,2018-01-09 09:30:27.555,7.1674039999999986
3276,2018-01-09 09:30:27.655,7.1674039999999986
3277,2018-01-09 09:30:27.755,7.1674039999999986
3278,2018-01-09 09:30:27.855,7.1674039999999986
3279,2018-01-09 09:30:27.955,7.1674039999999986
3280,2018-01-09 09:30:28.055,7.1674039999999986
3281,2018-01-09 09:30:28.155,7.1674039999999986
3282,2018-01-09 09:30:28.255,7.1674039999999986
3283,2018-01-09 09:30:28.355,7.1674039999999986
3284,2018-01-09 09:30:28.455,7.1674039999999986
3285,2018-01-09 09:30:28.555,6.937632000000002
3286,2018-01-09 09:30:28.655,6.937632000000002
3287,2018-01-09 09:30:28.755,6.937632000000002
3288,2018-01-09 09:30:28.856,6.937632000000002
3289,2018-01-09 09:30:28.956,6.937632000000002
3290,2018-01-09 09:30:29.055,6.937632000000002
3291,2018-01-09 09:30:29.156,6.937632000000002
3292,2018-01-09 09:30:29.255,6.937632000000002
3293,2018-01-09 09:30:29.355,6.937632000000002
3294,2018-01-09 09:30:29.455,6.937632000000002
3295,2018-01-09 09:30:29.555,6.713419
3296,2018-01-09 09:30:29.655,6.713419
3297,2018-01-09 09:30:29.755,6.713419
3298,2018-01-09 09:30:29.855,6.713419
3299,2018-01-09 09:30:29.955,6.713419
3300,2018-01-09 09:30:30.055,6.713419
3301,2018-01-09 09:30:30.155,6.713419
3302,2018-01-09 09:30:30.256,6.713419
3303,2018-01-09 09:30:30.356,6.713419
3304,2018-01-09 09:30:30.456,6.713419
3305,2018-01-09 09:30:30.556,6.655976
3306,2018-01-09 09:30:30.656,6.655976
3307,2018-01-09 09:30:30.756,6.655976
3308,2018-01-09 09:30:30.854,6.655976
3309,2018-01-09 09:30:30.954,6.655976
3310,2018-01-09 09:30:31.054,6.655976
3311,2018-01-09 09:30:31.154,6.655976
3312,2018-01-09 09:30:31.254,6.655976
3313,2018-01-09 09:30:31.354,6.655976
3314,2018-01-09 09:30:31.454,6.655976
3315,2018-01-09 09:30:31.554,6.839423
3316,2018-01-09 09:30:31.654,6.839423
3317,2018-01-09 09:30:31.754,6.839423
3318,2018-01-09 09:30:31.854,6.839423
3319,2018-01-09 09:30:31.954,6.839423
3320,2018-01-09 09:30:32.054,6.839423
3321,2018-01-09 09:30:32.154,6.839423
3322,2018-01-09 09:30:32.254,6.839423
3323,2018-01-09 09:30:32.354,6.839423
3324,2018-01-09 09:30:32.454,6.839423
3325,2018-01-09 09:30:32.554,7.1951990000000015
3326,2018-01-09 09:30:32.654,7.1951990000000015
3327,2018-01-09 09:30:32.754,7.1951990000000015
3328,2018-01-09 09:30:32.854,7.1951990000000015
3329,2018-01-09 09:30:32.954,7.1951990000000015
3330,2018-01-09 09:30:33.054,7.1951990000000015
3331,2018-01-09 09:30:33.155,7.1951990000000015
3332,2018-01-09 09:30:33.255,7.1951990000000015
3333,2018-01-09 09:30:33.355,7.1951990000000015
3334,2018-01-09 09:30:33.455,7.1951990000000015
3335,2018-01-09 09:30:33.555,7.454619
3336,2018-01-09 09:30:33.655,7.454619
3337,2018-01-09 09:30:33.755,7.454619
3338,2018-01-09 09:30:33.855,7.454619
3339,2018-01-09 09:30:33.955,7.454619
3340,2018-01-09 09:30:34.055,7.454619
3341,2018-01-09 09:30:34.155,7.454619
3342,2018-01-09 09:30:34.255,7.454619
3343,2018-01-09 09:30:34.355,7.454619
3344,2018-01-09 09:30:34.455,7.454619
3345,2018-01-09 09:30:34.555,7.641772
3346,2018-01-09 09:30:34.655,7.641772
3347,2018-01-09 09:30:34.755,7.641772
3348,2018-01-09 09:30:34.855,7.641772
3349,2018-01-09 09:30:34.955,7.641772
3350,2018-01-09 09:30:35.055,7.641772
3351,2018-01-09 09:30:35.155,7.641772
3352,2018-01-09 09:30:35.255,7.641772
3353,2018-01-09 09:30:35.355,7.641772
3354,2018-01-09 09:30:35.455,7.641772
3355,2018-01-09 09:30:35.555,7.601006
3356,2018-01-09 09:30:35.655,7.601006
3357,2018-01-09 09:30:35.755,7.601006
3358,2018-01-09 09:30:35.853,7.601006
3359,2018-01-09 09:30:35.953,7.601006
3360,2018-01-09 09:30:36.053,7.601006
3361,2018-01-09 09:30:36.153,7.601006
3362,2018-01-09 09:30:36.254,7.601006
3363,2018-01-09 09:30:36.354,7.601006
3364,2018-01-09 09:30:36.454,7.601006
3365,2018-01-09 09:30:36.554,7.285996000000001
3366,2018-01-09 09:30:36.654,7.285996000000001
3367,2018-01-09 09:30:36.754,7.285996000000001
3368,2018-01-09 09:30:36.855,7.285996000000001
3369,2018-01-09 09:30:36.954,7.285996000000001
3370,2018-01-09 09:30:37.054,7.285996000000001
3371,2018-01-09 09:30:37.154,7.285996000000001
3372,2018-01-09 09:30:37.254,7.285996000000001
3373,2018-01-09 09:30:37.355,7.285996000000001
3374,2018-01-09 09:30:37.454,7.285996000000001
3375,2018-01-09 09:30:37.554,7.061783
3376,2018-01-09 09:30:37.654,7.061783
3377,2018-01-09 09:30:37.754,7.061783
3378,2018-01-09 09:30:37.854,7.061783
3379,2018-01-09 09:30:37.954,7.061783
3380,2018-01-09 09:30:38.054,7.061783
3381,2018-01-09 09:30:38.154,7.061783
3382,2018-01-09 09:30:38.254,7.061783
3383,2018-01-09 09:30:38.354,7.061783
3384,2018-01-09 09:30:38.454,7.061783
3385,2018-01-09 09:30:38.554,6.917249000000001
3386,2018-01-09 09:30:38.654,6.917249000000001
3387,2018-01-09 09:30:38.754,6.917249000000001
3388,2018-01-09 09:30:38.855,6.917249000000001
3389,2018-01-09 09:30:38.954,6.917249000000001
3390,2018-01-09 09:30:39.054,6.917249000000001
3391,2018-01-09 09:30:39.155,6.917249000000001
3392,2018-01-09 09:30:39.255,6.917249000000001
3393,2018-01-09 09:30:39.354,6.917249000000001
3394,2018-01-09 09:30:39.455,6.917249000000001
3395,2018-01-09 09:30:39.555,6.956162
3396,2018-01-09 09:30:39.655,6.956162
3397,2018-01-09 09:30:39.755,6.956162
3398,2018-01-09 09:30:39.855,6.956162
3399,2018-01-09 09:30:39.955,6.956162
3400,2018-01-09 09:30:40.055,6.956162
3401,2018-01-09 09:30:40.155,6.956162
3402,2018-01-09 09:30:40.255,6.956162
3403,2018-01-09 09:30:40.355,6.956162
3404,2018-01-09 09:30:40.455,6.956162
3405,2018-01-09 09:30:40.555,7.074754
3406,2018-01-09 09:30:40.655,7.074754
3407,2018-01-09 09:30:40.755,7.074754
3408,2018-01-09 09:30:40.853,7.074754
3409,2018-01-09 09:30:40.953,7.074754
3410,2018-01-09 09:30:41.053,7.074754
3411,2018-01-09 09:30:41.153,7.074754
3412,2018-01-09 09:30:41.253,7.074754
3413,2018-01-09 09:30:41.354,7.074754
3414,2018-01-09 09:30:41.453,7.074754
3415,2018-01-09 09:30:41.553,7.193346000000001
3416,2018-01-09 09:30:41.654,7.193346000000001
3417,2018-01-09 09:30:41.753,7.193346000000001
3418,2018-01-09 09:30:41.853,7.193346000000001
3419,2018-01-09 09:30:41.953,7.193346000000001
3420,2018-01-09 09:30:42.053,7.193346000000001
3421,2018-01-09 09:30:42.153,7.193346000000001
3422,2018-01-09 09:30:42.253,7.193346000000001
3423,2018-01-09 09:30:42.353,7.193346000000001
3424,2018-01-09 09:30:42.454,7.193346000000001
3425,2018-01-09 09:30:42.554,7.293408
3426,2018-01-09 09:30:42.654,7.293408
3427,2018-01-09 09:30:42.754,7.293408
3428,2018-01-09 09:30:42.855,7.293408
3429,2018-01-09 09:30:42.954,7.293408
3430,2018-01-09 09:30:43.054,7.293408
3431,2018-01-09 09:30:43.154,7.293408
3432,2018-01-09 09:30:43.254,7.293408
3433,2018-01-09 09:30:43.354,7.293408
3434,2018-01-09 09:30:43.454,7.293408
3435,2018-01-09 09:30:43.554,7.334174000000001
3436,2018-01-09 09:30:43.654,7.334174000000001
3437,2018-01-09 09:30:43.754,7.334174000000001
3438,2018-01-09 09:30:43.855,7.334174000000001
3439,2018-01-09 09:30:43.954,7.334174000000001
3440,2018-01-09 09:30:44.054,7.334174000000001
3441,2018-01-09 09:30:44.154,7.334174000000001
3442,2018-01-09 09:30:44.254,7.334174000000001
3443,2018-01-09 09:30:44.354,7.334174000000001
3444,2018-01-09 09:30:44.454,7.334174000000001
3445,2018-01-09 09:30:44.554,7.278583999999999
3446,2018-01-09 09:30:44.654,7.278583999999999
3447,2018-01-09 09:30:44.754,7.278583999999999
3448,2018-01-09 09:30:44.854,7.278583999999999
3449,2018-01-09 09:30:44.954,7.278583999999999
3450,2018-01-09 09:30:45.054,7.278583999999999
3451,2018-01-09 09:30:45.154,7.278583999999999
3452,2018-01-09 09:30:45.256,7.278583999999999
3453,2018-01-09 09:30:45.354,7.278583999999999
3454,2018-01-09 09:30:45.455,7.278583999999999
3455,2018-01-09 09:30:45.555,7.096989999999999
3456,2018-01-09 09:30:45.655,7.096989999999999
3457,2018-01-09 09:30:45.755,7.096989999999999
3458,2018-01-09 09:30:45.852,7.096989999999999
3459,2018-01-09 09:30:45.952,7.096989999999999
3460,2018-01-09 09:30:46.052,7.096989999999999
3461,2018-01-09 09:30:46.152,7.096989999999999
3462,2018-01-09 09:30:46.252,7.096989999999999
3463,2018-01-09 09:30:46.352,7.096989999999999
3464,2018-01-09 09:30:46.452,7.096989999999999
3465,2018-01-09 09:30:46.552,6.913542999999999
3466,2018-01-09 09:30:46.653,6.913542999999999
3467,2018-01-09 09:30:46.752,6.913542999999999
3468,2018-01-09 09:30:46.853,6.913542999999999
3469,2018-01-09 09:30:46.953,6.913542999999999
3470,2018-01-09 09:30:47.053,6.913542999999999
3471,2018-01-09 09:30:47.152,6.913542999999999
3472,2018-01-09 09:30:47.253,6.913542999999999
3473,2018-01-09 09:30:47.353,6.913542999999999
3474,2018-01-09 09:30:47.453,6.913542999999999
3475,2018-01-09 09:30:47.553,6.922808
3476,2018-01-09 09:30:47.652,6.922808
3477,2018-01-09 09:30:47.753,6.922808
3478,2018-01-09 09:30:47.853,6.922808
3479,2018-01-09 09:30:47.952,6.922808
3480,2018-01-09 09:30:48.052,6.922808
3481,2018-01-09 09:30:48.152,6.922808
3482,2018-01-09 09:30:48.253,6.922808
3483,2018-01-09 09:30:48.353,6.922808
3484,2018-01-09 09:30:48.453,6.922808
3485,2018-01-09 09:30:48.553,7.0951369999999985
3486,2018-01-09 09:30:48.653,7.0951369999999985
3487,2018-01-09 09:30:48.753,7.0951369999999985
3488,2018-01-09 09:30:48.853,7.0951369999999985
3489,2018-01-09 09:30:48.954,7.0951369999999985
3490,2018-01-09 09:30:49.053,7.0951369999999985
3491,2018-01-09 09:30:49.154,7.0951369999999985
3492,2018-01-09 09:30:49.254,7.0951369999999985
3493,2018-01-09 09:30:49.354,7.0951369999999985
3494,2018-01-09 09:30:49.453,7.0951369999999985
3495,2018-01-09 09:30:49.553,7.352703999999999
3496,2018-01-09 09:30:49.654,7.352703999999999
3497,2018-01-09 09:30:49.753,7.352703999999999
3498,2018-01-09 09:30:49.854,7.352703999999999
3499,2018-01-09 09:30:49.953,7.352703999999999
3500,2018-01-09 09:30:50.053,7.352703999999999
3501,2018-01-09 09:30:50.153,7.352703999999999
3502,2018-01-09 09:30:50.253,7.352703999999999
3503,2018-01-09 09:30:50.353,7.352703999999999
3504,2018-01-09 09:30:50.453,7.352703999999999
3505,2018-01-09 09:30:50.553,7.482414
3506,2018-01-09 09:30:50.653,7.482414
3507,2018-01-09 09:30:50.753,7.482414
3508,2018-01-09 09:30:50.852,7.482414
3509,2018-01-09 09:30:50.951,7.482414
3510,2018-01-09 09:30:51.051,7.482414
3511,2018-01-09 09:30:51.152,7.482414
3512,2018-01-09 09:30:51.252,7.482414
3513,2018-01-09 09:30:51.353,7.482414
3514,2018-01-09 09:30:51.452,7.482414
3515,2018-01-09 09:30:51.553,7.484267
3516,2018-01-09 09:30:51.653,7.484267
3517,2018-01-09 09:30:51.752,7.484267
3518,2018-01-09 09:30:51.852,7.484267
3519,2018-01-09 09:30:51.952,7.484267
3520,2018-01-09 09:30:52.052,7.484267
3521,2018-01-09 09:30:52.152,7.484267
3522,2018-01-09 09:30:52.252,7.484267
3523,2018-01-09 09:30:52.352,7.484267
3524,2018-01-09 09:30:52.453,7.484267
3525,2018-01-09 09:30:52.552,7.2841429999999985
3526,2018-01-09 09:30:52.652,7.2841429999999985
3527,2018-01-09 09:30:52.752,7.2841429999999985
3528,2018-01-09 09:30:52.852,7.2841429999999985
3529,2018-01-09 09:30:52.952,7.2841429999999985
3530,2018-01-09 09:30:53.052,7.2841429999999985
3531,2018-01-09 09:30:53.153,7.2841429999999985
3532,2018-01-09 09:30:53.252,7.2841429999999985
3533,2018-01-09 09:30:53.352,7.2841429999999985
3534,2018-01-09 09:30:53.453,7.2841429999999985
3535,2018-01-09 09:30:53.552,6.959867999999998
3536,2018-01-09 09:30:53.653,6.959867999999998
3537,2018-01-09 09:30:53.753,6.959867999999998
3538,2018-01-09 09:30:53.853,6.959867999999998
3539,2018-01-09 09:30:53.952,6.959867999999998
3540,2018-01-09 09:30:54.052,6.959867999999998
3541,2018-01-09 09:30:54.153,6.959867999999998
3542,2018-01-09 09:30:54.253,6.959867999999998
3543,2018-01-09 09:30:54.353,6.959867999999998
3544,2018-01-09 09:30:54.453,6.959867999999998
3545,2018-01-09 09:30:54.553,6.737508
3546,2018-01-09 09:30:54.653,6.737508
3547,2018-01-09 09:30:54.753,6.737508
3548,2018-01-09 09:30:54.853,6.737508
3549,2018-01-09 09:30:54.953,6.737508
3550,2018-01-09 09:30:55.054,6.737508
3551,2018-01-09 09:30:55.154,6.737508
3552,2018-01-09 09:30:55.253,6.737508
3553,2018-01-09 09:30:55.353,6.737508
3554,2018-01-09 09:30:55.454,6.737508
3555,2018-01-09 09:30:55.553,6.7060070000000005
3556,2018-01-09 09:30:55.654,6.7060070000000005
3557,2018-01-09 09:30:55.753,6.7060070000000005
3558,2018-01-09 09:30:55.851,6.7060070000000005
3559,2018-01-09 09:30:55.951,6.7060070000000005
3560,2018-01-09 09:30:56.051,6.7060070000000005
3561,2018-01-09 09:30:56.151,6.7060070000000005
3562,2018-01-09 09:30:56.251,6.7060070000000005
3563,2018-01-09 09:30:56.351,6.7060070000000005
3564,2018-01-09 09:30:56.451,6.7060070000000005
3565,2018-01-09 09:30:56.551,6.798657
3566,2018-01-09 09:30:56.651,6.798657
3567,2018-01-09 09:30:56.751,6.798657
3568,2018-01-09 09:30:56.851,6.798657
3569,2018-01-09 09:30:56.952,6.798657
3570,2018-01-09 09:30:57.052,6.798657
3571,2018-01-09 09:30:57.151,6.798657
3572,2018-01-09 09:30:57.252,6.798657
3573,2018-01-09 09:30:57.352,6.798657
3574,2018-01-09 09:30:57.452,6.798657
3575,2018-01-09 09:30:57.553,7.019164
3576,2018-01-09 09:30:57.652,7.019164
3577,2018-01-09 09:30:57.752,7.019164
3578,2018-01-09 09:30:57.852,7.019164
3579,2018-01-09 09:30:57.952,7.019164
3580,2018-01-09 09:30:58.052,7.019164
3581,2018-01-09 09:30:58.152,7.019164
3582,2018-01-09 09:30:58.252,7.019164
3583,2018-01-09 09:30:58.352,7.019164
3584,2018-01-09 09:30:58.452,7.019164
3585,2018-01-09 09:30:58.552,7.235964999999998
3586,2018-01-09 09:30:58.652,7.235964999999998
3587,2018-01-09 09:30:58.752,7.235964999999998
3588,2018-01-09 09:30:58.852,7.235964999999998
3589,2018-01-09 09:30:58.952,7.235964999999998
3590,2018-01-09 09:30:59.053,7.235964999999998
3591,2018-01-09 09:30:59.153,7.235964999999998
3592,2018-01-09 09:30:59.253,7.235964999999998
3593,2018-01-09 09:30:59.352,7.235964999999998
3594,2018-01-09 09:30:59.453,7.235964999999998
3595,2018-01-09 09:30:59.553,7.311938
3596,2018-01-09 09:30:59.653,7.311938
3597,2018-01-09 09:30:59.753,7.311938
3598,2018-01-09 09:30:59.852,7.311938
3599,2018-01-09 09:30:59.952,7.311938
3600,2018-01-09 09:31:00.052,7.311938
3601,2018-01-09 09:31:00.152,7.311938
3602,2018-01-09 09:31:00.252,7.311938
3603,2018-01-09 09:31:00.353,7.311938
3604,2018-01-09 09:31:00.453,7.311938
3605,2018-01-09 09:31:00.553,7.343439
3606,2018-01-09 09:31:00.653,7.343439
3607,2018-01-09 09:31:00.753,7.343439
3608,2018-01-09 09:31:00.851,7.343439
3609,2018-01-09 09:31:00.952,7.343439
3610,2018-01-09 09:31:01.051,7.343439
3611,2018-01-09 09:31:01.151,7.343439
3612,2018-01-09 09:31:01.252,7.343439
3613,2018-01-09 09:31:01.352,7.343439
3614,2018-01-09 09:31:01.452,7.343439
3615,2018-01-09 09:31:01.551,7.178522
3616,2018-01-09 09:31:01.652,7.178522
3617,2018-01-09 09:31:01.751,7.178522
3618,2018-01-09 09:31:01.851,7.178522
3619,2018-01-09 09:31:01.951,7.178522
3620,2018-01-09 09:31:02.051,7.178522
3621,2018-01-09 09:31:02.151,7.178522
3622,2018-01-09 09:31:02.251,7.178522
3623,2018-01-09 09:31:02.351,7.178522
3624,2018-01-09 09:31:02.451,7.178522
3625,2018-01-09 09:31:02.551,7.0710479999999984
3626,2018-01-09 09:31:02.651,7.0710479999999984
3627,2018-01-09 09:31:02.751,7.0710479999999984
3628,2018-01-09 09:31:02.851,7.0710479999999984
3629,2018-01-09 09:31:02.952,7.0710479999999984
3630,2018-01-09 09:31:03.052,7.0710479999999984
3631,2018-01-09 09:31:03.151,7.0710479999999984
3632,2018-01-09 09:31:03.251,7.0710479999999984
3633,2018-01-09 09:31:03.353,7.0710479999999984
3634,2018-01-09 09:31:03.452,7.0710479999999984
3635,2018-01-09 09:31:03.553,7.0951369999999985
3636,2018-01-09 09:31:03.652,7.0951369999999985
3637,2018-01-09 09:31:03.752,7.0951369999999985
3638,2018-01-09 09:31:03.853,7.0951369999999985
3639,2018-01-09 09:31:03.952,7.0951369999999985
3640,2018-01-09 09:31:04.052,7.0951369999999985
3641,2018-01-09 09:31:04.152,7.0951369999999985
3642,2018-01-09 09:31:04.252,7.0951369999999985
3643,2018-01-09 09:31:04.352,7.0951369999999985
3644,2018-01-09 09:31:04.452,7.0951369999999985
3645,2018-01-09 09:31:04.552,7.178522
3646,2018-01-09 09:31:04.652,7.178522
3647,2018-01-09 09:31:04.752,7.178522
3648,2018-01-09 09:31:04.852,7.178522
3649,2018-01-09 09:31:04.953,7.178522
3650,2018-01-09 09:31:05.053,7.178522
3651,2018-01-09 09:31:05.152,7.178522
3652,2018-01-09 09:31:05.252,7.178522
3653,2018-01-09 09:31:05.352,7.178522
3654,2018-01-09 09:31:05.452,7.178522
3655,2018-01-09 09:31:05.553,7.365674999999999
3656,2018-01-09 09:31:05.652,7.365674999999999
3657,2018-01-09 09:31:05.752,7.365674999999999
3658,2018-01-09 09:31:05.850,7.365674999999999
3659,2018-01-09 09:31:05.950,7.365674999999999
3660,2018-01-09 09:31:06.050,7.365674999999999
3661,2018-01-09 09:31:06.150,7.365674999999999
3662,2018-01-09 09:31:06.251,7.365674999999999
3663,2018-01-09 09:31:06.351,7.365674999999999
3664,2018-01-09 09:31:06.451,7.365674999999999
3665,2018-01-09 09:31:06.551,7.463883999999998
3666,2018-01-09 09:31:06.651,7.463883999999998
3667,2018-01-09 09:31:06.751,7.463883999999998
3668,2018-01-09 09:31:06.851,7.463883999999998
3669,2018-01-09 09:31:06.951,7.463883999999998
3670,2018-01-09 09:31:07.051,7.463883999999998
3671,2018-01-09 09:31:07.151,7.463883999999998
3672,2018-01-09 09:31:07.251,7.463883999999998
3673,2018-01-09 09:31:07.351,7.463883999999998
3674,2018-01-09 09:31:07.451,7.463883999999998
3675,2018-01-09 09:31:07.551,7.460178
3676,2018-01-09 09:31:07.651,7.460178
3677,2018-01-09 09:31:07.751,7.460178
3678,2018-01-09 09:31:07.851,7.460178
3679,2018-01-09 09:31:07.951,7.460178
3680,2018-01-09 09:31:08.051,7.460178
3681,2018-01-09 09:31:08.151,7.460178
3682,2018-01-09 09:31:08.251,7.460178
3683,2018-01-09 09:31:08.351,7.460178
3684,2018-01-09 09:31:08.451,7.460178
3685,2018-01-09 09:31:08.551,7.31935
3686,2018-01-09 09:31:08.651,7.31935
3687,2018-01-09 09:31:08.751,7.31935
3688,2018-01-09 09:31:08.851,7.31935
3689,2018-01-09 09:31:08.951,7.31935
3690,2018-01-09 09:31:09.051,7.31935
3691,2018-01-09 09:31:09.151,7.31935
3692,2018-01-09 09:31:09.251,7.31935
3693,2018-01-09 09:31:09.351,7.31935
3694,2018-01-09 09:31:09.451,7.31935
3695,2018-01-09 09:31:09.551,7.130344
3696,2018-01-09 09:31:09.652,7.130344
3697,2018-01-09 09:31:09.752,7.130344
3698,2018-01-09 09:31:09.852,7.130344
3699,2018-01-09 09:31:09.952,7.130344
3700,2018-01-09 09:31:10.052,7.130344
3701,2018-01-09 09:31:10.152,7.130344
3702,2018-01-09 09:31:10.252,7.130344
3703,2018-01-09 09:31:10.352,7.130344
3704,2018-01-09 09:31:10.452,7.130344
3705,2018-01-09 09:31:10.552,6.9302199999999985
3706,2018-01-09 09:31:10.652,6.9302199999999985
3707,2018-01-09 09:31:10.752,6.9302199999999985
3708,2018-01-09 09:31:10.851,6.9302199999999985
3709,2018-01-09 09:31:10.951,6.9302199999999985
3710,2018-01-09 09:31:11.050,6.9302199999999985
3711,2018-01-09 09:31:11.151,6.9302199999999985
3712,2018-01-09 09:31:11.250,6.9302199999999985
3713,2018-01-09 09:31:11.350,6.9302199999999985
3714,2018-01-09 09:31:11.451,6.9302199999999985
3715,2018-01-09 09:31:11.551,6.872777
3716,2018-01-09 09:31:11.650,6.872777
3717,2018-01-09 09:31:11.751,6.872777
3718,2018-01-09 09:31:11.850,6.872777
3719,2018-01-09 09:31:11.950,6.872777
3720,2018-01-09 09:31:12.050,6.872777
3721,2018-01-09 09:31:12.150,6.872777
3722,2018-01-09 09:31:12.250,6.872777
3723,2018-01-09 09:31:12.350,6.872777
3724,2018-01-09 09:31:12.450,6.872777
3725,2018-01-09 09:31:12.551,6.9672800000000015
3726,2018-01-09 09:31:12.651,6.9672800000000015
3727,2018-01-09 09:31:12.751,6.9672800000000015
3728,2018-01-09 09:31:12.851,6.9672800000000015
3729,2018-01-09 09:31:12.951,6.9672800000000015
3730,2018-01-09 09:31:13.052,6.9672800000000015
3731,2018-01-09 09:31:13.151,6.9672800000000015
3732,2018-01-09 09:31:13.252,6.9672800000000015
3733,2018-01-09 09:31:13.351,6.9672800000000015
3734,2018-01-09 09:31:13.451,6.9672800000000015
3735,2018-01-09 09:31:13.552,7.1711100000000005
3736,2018-01-09 09:31:13.651,7.1711100000000005
3737,2018-01-09 09:31:13.752,7.1711100000000005
3738,2018-01-09 09:31:13.852,7.1711100000000005
3739,2018-01-09 09:31:13.951,7.1711100000000005
3740,2018-01-09 09:31:14.051,7.1711100000000005
3741,2018-01-09 09:31:14.151,7.1711100000000005
3742,2018-01-09 09:31:14.251,7.1711100000000005
3743,2018-01-09 09:31:14.351,7.1711100000000005
3744,2018-01-09 09:31:14.451,7.1711100000000005
3745,2018-01-09 09:31:14.551,7.378646000000002
3746,2018-01-09 09:31:14.651,7.378646000000002
3747,2018-01-09 09:31:14.751,7.378646000000002
3748,2018-01-09 09:31:14.851,7.378646000000002
3749,2018-01-09 09:31:14.952,7.378646000000002
3750,2018-01-09 09:31:15.051,7.378646000000002
3751,2018-01-09 09:31:15.151,7.378646000000002
3752,2018-01-09 09:31:15.251,7.378646000000002
3753,2018-01-09 09:31:15.351,7.378646000000002
3754,2018-01-09 09:31:15.452,7.378646000000002
3755,2018-01-09 09:31:15.551,7.48612
3756,2018-01-09 09:31:15.652,7.48612
3757,2018-01-09 09:31:15.752,7.48612
3758,2018-01-09 09:31:15.850,7.48612
3759,2018-01-09 09:31:15.950,7.48612
3760,2018-01-09 09:31:16.050,7.48612
3761,2018-01-09 09:31:16.150,7.48612
3762,2018-01-09 09:31:16.250,7.48612
3763,2018-01-09 09:31:16.350,7.48612
3764,2018-01-09 09:31:16.450,7.48612
3765,2018-01-09 09:31:16.550,7.538003999999999
3766,2018-01-09 09:31:16.650,7.538003999999999
3767,2018-01-09 09:31:16.750,7.538003999999999
3768,2018-01-09 09:31:16.850,7.538003999999999
3769,2018-01-09 09:31:16.950,7.538003999999999
3770,2018-01-09 09:31:17.050,7.538003999999999
3771,2018-01-09 09:31:17.150,7.538003999999999
3772,2018-01-09 09:31:17.250,7.538003999999999
3773,2018-01-09 09:31:17.350,7.538003999999999
3774,2018-01-09 09:31:17.450,7.538003999999999
3775,2018-01-09 09:31:17.550,7.500944
3776,2018-01-09 09:31:17.650,7.500944
3777,2018-01-09 09:31:17.750,7.500944
3778,2018-01-09 09:31:17.850,7.500944
3779,2018-01-09 09:31:17.950,7.500944
3780,2018-01-09 09:31:18.050,7.500944
3781,2018-01-09 09:31:18.150,7.500944
3782,2018-01-09 09:31:18.250,7.500944
3783,2018-01-09 09:31:18.350,7.500944
3784,2018-01-09 09:31:18.451,7.500944
3785,2018-01-09 09:31:18.551,7.358263000000001
3786,2018-01-09 09:31:18.651,7.358263000000001
3787,2018-01-09 09:31:18.751,7.358263000000001
3788,2018-01-09 09:31:18.851,7.358263000000001
3789,2018-01-09 09:31:18.951,7.358263000000001
3790,2018-01-09 09:31:19.051,7.358263000000001
3791,2018-01-09 09:31:19.151,7.358263000000001
3792,2018-01-09 09:31:19.251,7.358263000000001
3793,2018-01-09 09:31:19.351,7.358263000000001
3794,2018-01-09 09:31:19.451,7.358263000000001
3795,2018-01-09 09:31:19.551,7.165551
3796,2018-01-09 09:31:19.651,7.165551
3797,2018-01-09 09:31:19.751,7.165551
3798,2018-01-09 09:31:19.851,7.165551
3799,2018-01-09 09:31:19.951,7.165551
3800,2018-01-09 09:31:20.051,7.165551
3801,2018-01-09 09:31:20.151,7.165551
3802,2018-01-09 09:31:20.251,7.165551
3803,2018-01-09 09:31:20.351,7.165551
3804,2018-01-09 09:31:20.451,7.165551
3805,2018-01-09 09:31:20.551,7.022869999999998
3806,2018-01-09 09:31:20.651,7.022869999999998
3807,2018-01-09 09:31:20.751,7.022869999999998
3808,2018-01-09 09:31:20.849,7.022869999999998
3809,2018-01-09 09:31:20.949,7.022869999999998
3810,2018-01-09 09:31:21.049,7.022869999999998
3811,2018-01-09 09:31:21.149,7.022869999999998
3812,2018-01-09 09:31:21.249,7.022869999999998
3813,2018-01-09 09:31:21.349,7.022869999999998
3814,2018-01-09 09:31:21.450,7.022869999999998
3815,2018-01-09 09:31:21.550,6.974692
3816,2018-01-09 09:31:21.650,6.974692
3817,2018-01-09 09:31:21.750,6.974692
3818,2018-01-09 09:31:21.851,6.974692
3819,2018-01-09 09:31:21.950,6.974692
3820,2018-01-09 09:31:22.050,6.974692
3821,2018-01-09 09:31:22.150,6.974692
3822,2018-01-09 09:31:22.250,6.974692
3823,2018-01-09 09:31:22.350,6.974692
3824,2018-01-09 09:31:22.450,6.974692
3825,2018-01-09 09:31:22.550,7.184081
3826,2018-01-09 09:31:22.650,7.184081
3827,2018-01-09 09:31:22.750,7.184081
3828,2018-01-09 09:31:22.850,7.184081
3829,2018-01-09 09:31:22.950,7.184081
3830,2018-01-09 09:31:23.050,7.184081
3831,2018-01-09 09:31:23.150,7.184081
3832,2018-01-09 09:31:23.250,7.184081
3833,2018-01-09 09:31:23.350,7.184081
3834,2018-01-09 09:31:23.451,7.184081
3835,2018-01-09 09:31:23.551,7.571358
3836,2018-01-09 09:31:23.650,7.571358
3837,2018-01-09 09:31:23.750,7.571358
3838,2018-01-09 09:31:23.851,7.571358
3839,2018-01-09 09:31:23.950,7.571358
3840,2018-01-09 09:31:24.050,7.571358
3841,2018-01-09 09:31:24.150,7.571358
3842,2018-01-09 09:31:24.250,7.571358
3843,2018-01-09 09:31:24.350,7.571358
3844,2018-01-09 09:31:24.450,7.571358
3845,2018-01-09 09:31:24.551,7.790012
3846,2018-01-09 09:31:24.651,7.790012
3847,2018-01-09 09:31:24.751,7.790012
3848,2018-01-09 09:31:24.851,7.790012
3849,2018-01-09 09:31:24.951,7.790012
3850,2018-01-09 09:31:25.052,7.790012
3851,2018-01-09 09:31:25.151,7.790012
3852,2018-01-09 09:31:25.251,7.790012
3853,2018-01-09 09:31:25.352,7.790012
3854,2018-01-09 09:31:25.451,7.790012
3855,2018-01-09 09:31:25.551,7.938252
3856,2018-01-09 09:31:25.651,7.938252
3857,2018-01-09 09:31:25.751,7.938252
3858,2018-01-09 09:31:25.850,7.938252
3859,2018-01-09 09:31:25.949,7.938252
3860,2018-01-09 09:31:26.049,7.938252
3861,2018-01-09 09:31:26.149,7.938252
3862,2018-01-09 09:31:26.249,7.938252
3863,2018-01-09 09:31:26.349,7.938252
3864,2018-01-09 09:31:26.449,7.938252
3865,2018-01-09 09:31:26.549,7.873397
3866,2018-01-09 09:31:26.649,7.873397
3867,2018-01-09 09:31:26.749,7.873397
3868,2018-01-09 09:31:26.849,7.873397
3869,2018-01-09 09:31:26.949,7.873397
3870,2018-01-09 09:31:27.049,7.873397
3871,2018-01-09 09:31:27.150,7.873397
3872,2018-01-09 09:31:27.250,7.873397
3873,2018-01-09 09:31:27.349,7.873397
3874,2018-01-09 09:31:27.449,7.873397
3875,2018-01-09 09:31:27.550,7.808542
3876,2018-01-09 09:31:27.650,7.808542
3877,2018-01-09 09:31:27.750,7.808542
3878,2018-01-09 09:31:27.850,7.808542
3879,2018-01-09 09:31:27.950,7.808542
3880,2018-01-09 09:31:28.050,7.808542
3881,2018-01-09 09:31:28.150,7.808542
3882,2018-01-09 09:31:28.250,7.808542
3883,2018-01-09 09:31:28.350,7.808542
3884,2018-01-09 09:31:28.450,7.808542
3885,2018-01-09 09:31:28.550,7.458325
3886,2018-01-09 09:31:28.650,7.458325
3887,2018-01-09 09:31:28.750,7.458325
3888,2018-01-09 09:31:28.850,7.458325
3889,2018-01-09 09:31:28.950,7.458325
3890,2018-01-09 09:31:29.050,7.458325
3891,2018-01-09 09:31:29.151,7.458325
3892,2018-01-09 09:31:29.251,7.458325
3893,2018-01-09 09:31:29.350,7.458325
3894,2018-01-09 09:31:29.450,7.458325
3895,2018-01-09 09:31:29.550,7.297114
3896,2018-01-09 09:31:29.650,7.297114
3897,2018-01-09 09:31:29.750,7.297114
3898,2018-01-09 09:31:29.851,7.297114
3899,2018-01-09 09:31:29.950,7.297114
3900,2018-01-09 09:31:30.050,7.297114
3901,2018-01-09 09:31:30.150,7.297114
3902,2018-01-09 09:31:30.250,7.297114
3903,2018-01-09 09:31:30.350,7.297114
3904,2018-01-09 09:31:30.450,7.297114
3905,2018-01-09 09:31:30.551,7.354557000000002
3906,2018-01-09 09:31:30.651,7.354557000000002
3907,2018-01-09 09:31:30.751,7.354557000000002
3908,2018-01-09 09:31:30.849,7.354557000000002
3909,2018-01-09 09:31:30.949,7.354557000000002
3910,2018-01-09 09:31:31.050,7.354557000000002
3911,2018-01-09 09:31:31.149,7.354557000000002
3912,2018-01-09 09:31:31.249,7.354557000000002
3913,2018-01-09 09:31:31.350,7.354557000000002
3914,2018-01-09 09:31:31.449,7.354557000000002
3915,2018-01-09 09:31:31.549,7.565799
3916,2018-01-09 09:31:31.649,7.565799
3917,2018-01-09 09:31:31.750,7.565799
3918,2018-01-09 09:31:31.850,7.565799
3919,2018-01-09 09:31:31.950,7.565799
3920,2018-01-09 09:31:32.049,7.565799
3921,2018-01-09 09:31:32.149,7.565799
3922,2018-01-09 09:31:32.249,7.565799
3923,2018-01-09 09:31:32.349,7.565799
3924,2018-01-09 09:31:32.449,7.565799
3925,2018-01-09 09:31:32.549,7.956782
3926,2018-01-09 09:31:32.649,7.956782
3927,2018-01-09 09:31:32.749,7.956782
3928,2018-01-09 09:31:32.849,7.956782
3929,2018-01-09 09:31:32.949,7.956782
3930,2018-01-09 09:31:33.049,7.956782
3931,2018-01-09 09:31:33.149,7.956782
3932,2018-01-09 09:31:33.249,7.956782
3933,2018-01-09 09:31:33.349,7.956782
3934,2018-01-09 09:31:33.450,7.956782
3935,2018-01-09 09:31:33.550,8.182848
3936,2018-01-09 09:31:33.650,8.182848
3937,2018-01-09 09:31:33.750,8.182848
3938,2018-01-09 09:31:33.850,8.182848
3939,2018-01-09 09:31:33.950,8.182848
3940,2018-01-09 09:31:34.050,8.182848
3941,2018-01-09 09:31:34.150,8.182848
3942,2018-01-09 09:31:34.250,8.182848
3943,2018-01-09 09:31:34.350,8.182848
3944,2018-01-09 09:31:34.450,8.182848
3945,2018-01-09 09:31:34.550,8.234732000000001
3946,2018-01-09 09:31:34.650,8.234732000000001
3947,2018-01-09 09:31:34.750,8.234732000000001
3948,2018-01-09 09:31:34.850,8.234732000000001
3949,2018-01-09 09:31:34.950,8.234732000000001
3950,2018-01-09 09:31:35.050,8.234732000000001
3951,2018-01-09 09:31:35.150,8.234732000000001
3952,2018-01-09 09:31:35.251,8.234732000000001
3953,2018-01-09 09:31:35.350,8.234732000000001
3954,2018-01-09 09:31:35.450,8.234732000000001
3955,2018-01-09 09:31:35.550,8.238438
3956,2018-01-09 09:31:35.650,8.238438
3957,2018-01-09 09:31:35.750,8.238438
3958,2018-01-09 09:31:35.848,8.238438
3959,2018-01-09 09:31:35.948,8.238438
3960,2018-01-09 09:31:36.048,8.238438
3961,2018-01-09 09:31:36.148,8.238438
3962,2018-01-09 09:31:36.248,8.238438
3963,2018-01-09 09:31:36.348,8.238438
3964,2018-01-09 09:31:36.448,8.238438
3965,2018-01-09 09:31:36.548,8.097610000000001
3966,2018-01-09 09:31:36.649,8.097610000000001
3967,2018-01-09 09:31:36.749,8.097610000000001
3968,2018-01-09 09:31:36.849,8.097610000000001
3969,2018-01-09 09:31:36.949,8.097610000000001
3970,2018-01-09 09:31:37.049,8.097610000000001
3971,2018-01-09 09:31:37.149,8.097610000000001
3972,2018-01-09 09:31:37.249,8.097610000000001
3973,2018-01-09 09:31:37.349,8.097610000000001
3974,2018-01-09 09:31:37.449,8.097610000000001
3975,2018-01-09 09:31:37.549,7.927134
3976,2018-01-09 09:31:37.649,7.927134
3977,2018-01-09 09:31:37.749,7.927134
3978,2018-01-09 09:31:37.849,7.927134
3979,2018-01-09 09:31:37.949,7.927134
3980,2018-01-09 09:31:38.049,7.927134
3981,2018-01-09 09:31:38.149,7.927134
3982,2018-01-09 09:31:38.249,7.927134
3983,2018-01-09 09:31:38.349,7.927134
3984,2018-01-09 09:31:38.449,7.927134
3985,2018-01-09 09:31:38.549,7.795571000000002
3986,2018-01-09 09:31:38.649,7.795571000000002
3987,2018-01-09 09:31:38.749,7.795571000000002
3988,2018-01-09 09:31:38.849,7.795571000000002
3989,2018-01-09 09:31:38.949,7.795571000000002
3990,2018-01-09 09:31:39.049,7.795571000000002
3991,2018-01-09 09:31:39.149,7.795571000000002
3992,2018-01-09 09:31:39.249,7.795571000000002
3993,2018-01-09 09:31:39.349,7.795571000000002
3994,2018-01-09 09:31:39.449,7.795571000000002
3995,2018-01-09 09:31:39.549,7.728863
3996,2018-01-09 09:31:39.650,7.728863
3997,2018-01-09 09:31:39.750,7.728863
3998,2018-01-09 09:31:39.850,7.728863
3999,2018-01-09 09:31:39.950,7.728863
4000,2018-01-09 09:31:40.050,7.728863
4001,2018-01-09 09:31:40.150,7.728863
4002,2018-01-09 09:31:40.250,7.728863
4003,2018-01-09 09:31:40.350,7.728863
4004,2018-01-09 09:31:40.450,7.728863
4005,2018-01-09 09:31:40.550,7.943811
4006,2018-01-09 09:31:40.650,7.943811
4007,2018-01-09 09:31:40.750,7.943811
4008,2018-01-09 09:31:40.848,7.943811
4009,2018-01-09 09:31:40.948,7.943811
4010,2018-01-09 09:31:41.048,7.943811
4011,2018-01-09 09:31:41.149,7.943811
4012,2018-01-09 09:31:41.249,7.943811
4013,2018-01-09 09:31:41.348,7.943811
4014,2018-01-09 09:31:41.448,7.943811
4015,2018-01-09 09:31:41.549,8.186554
4016,2018-01-09 09:31:41.648,8.186554
4017,2018-01-09 09:31:41.749,8.186554
4018,2018-01-09 09:31:41.849,8.186554
4019,2018-01-09 09:31:41.948,8.186554
4020,2018-01-09 09:31:42.048,8.186554
4021,2018-01-09 09:31:42.148,8.186554
4022,2018-01-09 09:31:42.248,8.186554
4023,2018-01-09 09:31:42.348,8.186554
4024,2018-01-09 09:31:42.448,8.186554
4025,2018-01-09 09:31:42.549,8.403355
4026,2018-01-09 09:31:42.649,8.403355
4027,2018-01-09 09:31:42.749,8.403355
4028,2018-01-09 09:31:42.849,8.403355
4029,2018-01-09 09:31:42.950,8.403355
4030,2018-01-09 09:31:43.050,8.403355
4031,2018-01-09 09:31:43.150,8.403355
4032,2018-01-09 09:31:43.250,8.403355
4033,2018-01-09 09:31:43.350,8.403355
4034,2018-01-09 09:31:43.450,8.403355
4035,2018-01-09 09:31:43.550,8.325529
4036,2018-01-09 09:31:43.650,8.325529
4037,2018-01-09 09:31:43.750,8.325529
4038,2018-01-09 09:31:43.849,8.325529
4039,2018-01-09 09:31:43.949,8.325529
4040,2018-01-09 09:31:44.049,8.325529
4041,2018-01-09 09:31:44.149,8.325529
4042,2018-01-09 09:31:44.249,8.325529
4043,2018-01-09 09:31:44.349,8.325529
4044,2018-01-09 09:31:44.449,8.325529
4045,2018-01-09 09:31:44.549,8.049432000000001
4046,2018-01-09 09:31:44.649,8.049432000000001
4047,2018-01-09 09:31:44.749,8.049432000000001
4048,2018-01-09 09:31:44.849,8.049432000000001
4049,2018-01-09 09:31:44.949,8.049432000000001
4050,2018-01-09 09:31:45.049,8.049432000000001
4051,2018-01-09 09:31:45.150,8.049432000000001
4052,2018-01-09 09:31:45.250,8.049432000000001
4053,2018-01-09 09:31:45.349,8.049432000000001
4054,2018-01-09 09:31:45.449,8.049432000000001
4055,2018-01-09 09:31:45.550,7.695508999999999
4056,2018-01-09 09:31:45.650,7.695508999999999
4057,2018-01-09 09:31:45.750,7.695508999999999
4058,2018-01-09 09:31:45.848,7.695508999999999
4059,2018-01-09 09:31:45.949,7.695508999999999
4060,2018-01-09 09:31:46.048,7.695508999999999
4061,2018-01-09 09:31:46.148,7.695508999999999
4062,2018-01-09 09:31:46.248,7.695508999999999
4063,2018-01-09 09:31:46.348,7.695508999999999
4064,2018-01-09 09:31:46.448,7.695508999999999
4065,2018-01-09 09:31:46.548,7.482414
4066,2018-01-09 09:31:46.648,7.482414
4067,2018-01-09 09:31:46.748,7.482414
4068,2018-01-09 09:31:46.848,7.482414
4069,2018-01-09 09:31:46.948,7.482414
4070,2018-01-09 09:31:47.048,7.482414
4071,2018-01-09 09:31:47.148,7.482414
4072,2018-01-09 09:31:47.249,7.482414
4073,2018-01-09 09:31:47.348,7.482414
4074,2018-01-09 09:31:47.449,7.482414
4075,2018-01-09 09:31:47.548,7.415706
4076,2018-01-09 09:31:47.649,7.415706
4077,2018-01-09 09:31:47.748,7.415706
4078,2018-01-09 09:31:47.848,7.415706
4079,2018-01-09 09:31:47.948,7.415706
4080,2018-01-09 09:31:48.048,7.415706
4081,2018-01-09 09:31:48.148,7.415706
4082,2018-01-09 09:31:48.248,7.415706
4083,2018-01-09 09:31:48.348,7.415706
4084,2018-01-09 09:31:48.448,7.415706
4085,2018-01-09 09:31:48.548,7.515768
4086,2018-01-09 09:31:48.649,7.515768
4087,2018-01-09 09:31:48.749,7.515768
4088,2018-01-09 09:31:48.849,7.515768
4089,2018-01-09 09:31:48.949,7.515768
4090,2018-01-09 09:31:49.049,7.515768
4091,2018-01-09 09:31:49.149,7.515768
4092,2018-01-09 09:31:49.249,7.515768
4093,2018-01-09 09:31:49.349,7.515768
4094,2018-01-09 09:31:49.449,7.515768
4095,2018-01-09 09:31:49.549,7.6473309999999985
4096,2018-01-09 09:31:49.649,7.6473309999999985
4097,2018-01-09 09:31:49.749,7.6473309999999985
4098,2018-01-09 09:31:49.849,7.6473309999999985
4099,2018-01-09 09:31:49.949,7.6473309999999985
4100,2018-01-09 09:31:50.049,7.6473309999999985
4101,2018-01-09 09:31:50.149,7.6473309999999985
4102,2018-01-09 09:31:50.249,7.6473309999999985
4103,2018-01-09 09:31:50.349,7.6473309999999985
4104,2018-01-09 09:31:50.449,7.6473309999999985
4105,2018-01-09 09:31:50.549,7.676978999999998
4106,2018-01-09 09:31:50.649,7.676978999999998
4107,2018-01-09 09:31:50.749,7.676978999999998
4108,2018-01-09 09:31:50.847,7.676978999999998
4109,2018-01-09 09:31:50.947,7.676978999999998
4110,2018-01-09 09:31:51.047,7.676978999999998
4111,2018-01-09 09:31:51.148,7.676978999999998
4112,2018-01-09 09:31:51.248,7.676978999999998
4113,2018-01-09 09:31:51.347,7.676978999999998
4114,2018-01-09 09:31:51.447,7.676978999999998
4115,2018-01-09 09:31:51.548,7.664008
4116,2018-01-09 09:31:51.648,7.664008
4117,2018-01-09 09:31:51.748,7.664008
4118,2018-01-09 09:31:51.848,7.664008
4119,2018-01-09 09:31:51.949,7.664008
4120,2018-01-09 09:31:52.048,7.664008
4121,2018-01-09 09:31:52.148,7.664008
4122,2018-01-09 09:31:52.248,7.664008
4123,2018-01-09 09:31:52.348,7.664008
4124,2018-01-09 09:31:52.448,7.664008
4125,2018-01-09 09:31:52.548,7.714039
4126,2018-01-09 09:31:52.648,7.714039
4127,2018-01-09 09:31:52.748,7.714039
4128,2018-01-09 09:31:52.848,7.714039
4129,2018-01-09 09:31:52.949,7.714039
4130,2018-01-09 09:31:53.048,7.714039
4131,2018-01-09 09:31:53.148,7.714039
4132,2018-01-09 09:31:53.248,7.714039
4133,2018-01-09 09:31:53.348,7.714039
4134,2018-01-09 09:31:53.449,7.714039
4135,2018-01-09 09:31:53.548,7.943811
4136,2018-01-09 09:31:53.649,7.943811
4137,2018-01-09 09:31:53.748,7.943811
4138,2018-01-09 09:31:53.849,7.943811
4139,2018-01-09 09:31:53.948,7.943811
4140,2018-01-09 09:31:54.048,7.943811
4141,2018-01-09 09:31:54.148,7.943811
4142,2018-01-09 09:31:54.248,7.943811
4143,2018-01-09 09:31:54.348,7.943811
4144,2018-01-09 09:31:54.448,7.943811
4145,2018-01-09 09:31:54.548,8.295881
4146,2018-01-09 09:31:54.648,8.295881
4147,2018-01-09 09:31:54.749,8.295881
4148,2018-01-09 09:31:54.849,8.295881
4149,2018-01-09 09:31:54.950,8.295881
4150,2018-01-09 09:31:55.049,8.295881
4151,2018-01-09 09:31:55.149,8.295881
4152,2018-01-09 09:31:55.249,8.295881
4153,2018-01-09 09:31:55.349,8.295881
4154,2018-01-09 09:31:55.450,8.295881
4155,2018-01-09 09:31:55.549,8.525653
4156,2018-01-09 09:31:55.650,8.525653
4157,2018-01-09 09:31:55.749,8.525653
4158,2018-01-09 09:31:55.847,8.525653
4159,2018-01-09 09:31:55.947,8.525653
4160,2018-01-09 09:31:56.047,8.525653
4161,2018-01-09 09:31:56.147,8.525653
4162,2018-01-09 09:31:56.247,8.525653
4163,2018-01-09 09:31:56.347,8.525653
4164,2018-01-09 09:31:56.447,8.525653
4165,2018-01-09 09:31:56.547,8.479328
4166,2018-01-09 09:31:56.647,8.479328
4167,2018-01-09 09:31:56.747,8.479328
4168,2018-01-09 09:31:56.847,8.479328
4169,2018-01-09 09:31:56.947,8.479328
4170,2018-01-09 09:31:57.047,8.479328
4171,2018-01-09 09:31:57.147,8.479328
4172,2018-01-09 09:31:57.248,8.479328
4173,2018-01-09 09:31:57.347,8.479328
4174,2018-01-09 09:31:57.447,8.479328
4175,2018-01-09 09:31:57.547,8.125405
4176,2018-01-09 09:31:57.647,8.125405
4177,2018-01-09 09:31:57.749,8.125405
4178,2018-01-09 09:31:57.848,8.125405
4179,2018-01-09 09:31:57.949,8.125405
4180,2018-01-09 09:31:58.049,8.125405
4181,2018-01-09 09:31:58.148,8.125405
4182,2018-01-09 09:31:58.248,8.125405
4183,2018-01-09 09:31:58.348,8.125405
4184,2018-01-09 09:31:58.448,8.125405
4185,2018-01-09 09:31:58.548,7.860425999999999
4186,2018-01-09 09:31:58.648,7.860425999999999
4187,2018-01-09 09:31:58.748,7.860425999999999
4188,2018-01-09 09:31:58.848,7.860425999999999
4189,2018-01-09 09:31:58.948,7.860425999999999
4190,2018-01-09 09:31:59.048,7.860425999999999
4191,2018-01-09 09:31:59.148,7.860425999999999
4192,2018-01-09 09:31:59.248,7.860425999999999
4193,2018-01-09 09:31:59.348,7.860425999999999
4194,2018-01-09 09:31:59.448,7.860425999999999
4195,2018-01-09 09:31:59.548,7.532445
4196,2018-01-09 09:31:59.648,7.532445
4197,2018-01-09 09:31:59.748,7.532445
4198,2018-01-09 09:31:59.849,7.532445
4199,2018-01-09 09:31:59.948,7.532445
4200,2018-01-09 09:32:00.048,7.532445
4201,2018-01-09 09:32:00.148,7.532445
4202,2018-01-09 09:32:00.248,7.532445
4203,2018-01-09 09:32:00.348,7.532445
4204,2018-01-09 09:32:00.448,7.532445
4205,2018-01-09 09:32:00.548,7.4472070000000015
4206,2018-01-09 09:32:00.648,7.4472070000000015
4207,2018-01-09 09:32:00.749,7.4472070000000015
4208,2018-01-09 09:32:00.847,7.4472070000000015
4209,2018-01-09 09:32:00.947,7.4472070000000015
4210,2018-01-09 09:32:01.047,7.4472070000000015
4211,2018-01-09 09:32:01.148,7.4472070000000015
4212,2018-01-09 09:32:01.247,7.4472070000000015
4213,2018-01-09 09:32:01.347,7.4472070000000015
4214,2018-01-09 09:32:01.448,7.4472070000000015
4215,2018-01-09 09:32:01.547,7.639919
4216,2018-01-09 09:32:01.647,7.639919
4217,2018-01-09 09:32:01.747,7.639919
4218,2018-01-09 09:32:01.847,7.639919
4219,2018-01-09 09:32:01.948,7.639919
4220,2018-01-09 09:32:02.047,7.639919
4221,2018-01-09 09:32:02.147,7.639919
4222,2018-01-09 09:32:02.247,7.639919
4223,2018-01-09 09:32:02.347,7.639919
4224,2018-01-09 09:32:02.447,7.639919
4225,2018-01-09 09:32:02.547,8.164318
4226,2018-01-09 09:32:02.647,8.164318
4227,2018-01-09 09:32:02.747,8.164318
4228,2018-01-09 09:32:02.847,8.164318
4229,2018-01-09 09:32:02.947,8.164318
4230,2018-01-09 09:32:03.047,8.164318
4231,2018-01-09 09:32:03.148,8.164318
4232,2018-01-09 09:32:03.247,8.164318
4233,2018-01-09 09:32:03.348,8.164318
4234,2018-01-09 09:32:03.448,8.164318
4235,2018-01-09 09:32:03.547,8.699835
4236,2018-01-09 09:32:03.649,8.699835
4237,2018-01-09 09:32:03.749,8.699835
4238,2018-01-09 09:32:03.849,8.699835
4239,2018-01-09 09:32:03.948,8.699835
4240,2018-01-09 09:32:04.049,8.699835
4241,2018-01-09 09:32:04.148,8.699835
4242,2018-01-09 09:32:04.248,8.699835
4243,2018-01-09 09:32:04.348,8.699835
4244,2018-01-09 09:32:04.448,8.699835
4245,2018-01-09 09:32:04.548,8.925901
4246,2018-01-09 09:32:04.648,8.925901
4247,2018-01-09 09:32:04.748,8.925901
4248,2018-01-09 09:32:04.848,8.925901
4249,2018-01-09 09:32:04.948,8.925901
4250,2018-01-09 09:32:05.048,8.925901
4251,2018-01-09 09:32:05.149,8.925901
4252,2018-01-09 09:32:05.248,8.925901
4253,2018-01-09 09:32:05.348,8.925901
4254,2018-01-09 09:32:05.448,8.925901
4255,2018-01-09 09:32:05.548,8.864752000000003
4256,2018-01-09 09:32:05.648,8.864752000000003
4257,2018-01-09 09:32:05.748,8.864752000000003
4258,2018-01-09 09:32:05.846,8.864752000000003
4259,2018-01-09 09:32:05.946,8.864752000000003
4260,2018-01-09 09:32:06.046,8.864752000000003
4261,2018-01-09 09:32:06.146,8.864752000000003
4262,2018-01-09 09:32:06.246,8.864752000000003
4263,2018-01-09 09:32:06.346,8.864752000000003
4264,2018-01-09 09:32:06.446,8.864752000000003
4265,2018-01-09 09:32:06.546,8.659069
4266,2018-01-09 09:32:06.647,8.659069
4267,2018-01-09 09:32:06.747,8.659069
4268,2018-01-09 09:32:06.846,8.659069
4269,2018-01-09 09:32:06.947,8.659069
4270,2018-01-09 09:32:07.047,8.659069
4271,2018-01-09 09:32:07.147,8.659069
4272,2018-01-09 09:32:07.247,8.659069
4273,2018-01-09 09:32:07.347,8.659069
4274,2018-01-09 09:32:07.447,8.659069
4275,2018-01-09 09:32:07.547,8.475622
4276,2018-01-09 09:32:07.647,8.475622
4277,2018-01-09 09:32:07.747,8.475622
4278,2018-01-09 09:32:07.847,8.475622
4279,2018-01-09 09:32:07.947,8.475622
4280,2018-01-09 09:32:08.047,8.475622
4281,2018-01-09 09:32:08.147,8.475622
4282,2018-01-09 09:32:08.247,8.475622
4283,2018-01-09 09:32:08.347,8.475622
4284,2018-01-09 09:32:08.447,8.475622
4285,2018-01-09 09:32:08.547,8.436709
4286,2018-01-09 09:32:08.647,8.436709
4287,2018-01-09 09:32:08.747,8.436709
4288,2018-01-09 09:32:08.847,8.436709
4289,2018-01-09 09:32:08.947,8.436709
4290,2018-01-09 09:32:09.047,8.436709
4291,2018-01-09 09:32:09.147,8.436709
4292,2018-01-09 09:32:09.247,8.436709
4293,2018-01-09 09:32:09.347,8.436709
4294,2018-01-09 09:32:09.447,8.436709
4295,2018-01-09 09:32:09.547,8.425591
4296,2018-01-09 09:32:09.647,8.425591
4297,2018-01-09 09:32:09.748,8.425591
4298,2018-01-09 09:32:09.848,8.425591
4299,2018-01-09 09:32:09.948,8.425591
4300,2018-01-09 09:32:10.048,8.425591
4301,2018-01-09 09:32:10.148,8.425591
4302,2018-01-09 09:32:10.248,8.425591
4303,2018-01-09 09:32:10.348,8.425591
4304,2018-01-09 09:32:10.448,8.425591
4305,2018-01-09 09:32:10.548,8.477475
4306,2018-01-09 09:32:10.648,8.477475
4307,2018-01-09 09:32:10.748,8.477475
4308,2018-01-09 09:32:10.846,8.477475
4309,2018-01-09 09:32:10.946,8.477475
4310,2018-01-09 09:32:11.046,8.477475
4311,2018-01-09 09:32:11.146,8.477475
4312,2018-01-09 09:32:11.246,8.477475
4313,2018-01-09 09:32:11.346,8.477475
4314,2018-01-09 09:32:11.446,8.477475
4315,2018-01-09 09:32:11.546,8.364442
4316,2018-01-09 09:32:11.646,8.364442
4317,2018-01-09 09:32:11.746,8.364442
4318,2018-01-09 09:32:11.846,8.364442
4319,2018-01-09 09:32:11.947,8.364442
4320,2018-01-09 09:32:12.046,8.364442
4321,2018-01-09 09:32:12.146,8.364442
4322,2018-01-09 09:32:12.246,8.364442
4323,2018-01-09 09:32:12.346,8.364442
4324,2018-01-09 09:32:12.446,8.364442
4325,2018-01-09 09:32:12.546,8.386678
4326,2018-01-09 09:32:12.647,8.386678
4327,2018-01-09 09:32:12.747,8.386678
4328,2018-01-09 09:32:12.847,8.386678
4329,2018-01-09 09:32:12.947,8.386678
4330,2018-01-09 09:32:13.047,8.386678
4331,2018-01-09 09:32:13.147,8.386678
4332,2018-01-09 09:32:13.247,8.386678
4333,2018-01-09 09:32:13.347,8.386678
4334,2018-01-09 09:32:13.447,8.386678
4335,2018-01-09 09:32:13.548,8.427444
4336,2018-01-09 09:32:13.647,8.427444
4337,2018-01-09 09:32:13.747,8.427444
4338,2018-01-09 09:32:13.848,8.427444
4339,2018-01-09 09:32:13.947,8.427444
4340,2018-01-09 09:32:14.047,8.427444
4341,2018-01-09 09:32:14.147,8.427444
4342,2018-01-09 09:32:14.247,8.427444
4343,2018-01-09 09:32:14.347,8.427444
4344,2018-01-09 09:32:14.447,8.427444
4345,2018-01-09 09:32:14.547,8.334794
4346,2018-01-09 09:32:14.647,8.334794
4347,2018-01-09 09:32:14.747,8.334794
4348,2018-01-09 09:32:14.847,8.334794
4349,2018-01-09 09:32:14.947,8.334794
4350,2018-01-09 09:32:15.047,8.334794
4351,2018-01-09 09:32:15.147,8.334794
4352,2018-01-09 09:32:15.247,8.334794
4353,2018-01-09 09:32:15.347,8.334794
4354,2018-01-09 09:32:15.448,8.334794
4355,2018-01-09 09:32:15.547,8.240291000000001
4356,2018-01-09 09:32:15.647,8.240291000000001
4357,2018-01-09 09:32:15.747,8.240291000000001
4358,2018-01-09 09:32:15.846,8.240291000000001
4359,2018-01-09 09:32:15.946,8.240291000000001
4360,2018-01-09 09:32:16.046,8.240291000000001
4361,2018-01-09 09:32:16.146,8.240291000000001
4362,2018-01-09 09:32:16.246,8.240291000000001
4363,2018-01-09 09:32:16.346,8.240291000000001
4364,2018-01-09 09:32:16.446,8.240291000000001
4365,2018-01-09 09:32:16.546,8.180995
4366,2018-01-09 09:32:16.646,8.180995
4367,2018-01-09 09:32:16.746,8.180995
4368,2018-01-09 09:32:16.846,8.180995
4369,2018-01-09 09:32:16.946,8.180995
4370,2018-01-09 09:32:17.046,8.180995
4371,2018-01-09 09:32:17.146,8.180995
4372,2018-01-09 09:32:17.247,8.180995
4373,2018-01-09 09:32:17.346,8.180995
4374,2018-01-09 09:32:17.446,8.180995
4375,2018-01-09 09:32:17.546,8.053138
4376,2018-01-09 09:32:17.646,8.053138
4377,2018-01-09 09:32:17.746,8.053138
4378,2018-01-09 09:32:17.846,8.053138
4379,2018-01-09 09:32:17.946,8.053138
4380,2018-01-09 09:32:18.046,8.053138
4381,2018-01-09 09:32:18.146,8.053138
4382,2018-01-09 09:32:18.246,8.053138
4383,2018-01-09 09:32:18.346,8.053138
4384,2018-01-09 09:32:18.446,8.053138
4385,2018-01-09 09:32:18.546,7.991989
4386,2018-01-09 09:32:18.646,7.991989
4387,2018-01-09 09:32:18.747,7.991989
4388,2018-01-09 09:32:18.846,7.991989
4389,2018-01-09 09:32:18.947,7.991989
4390,2018-01-09 09:32:19.047,7.991989
4391,2018-01-09 09:32:19.147,7.991989
4392,2018-01-09 09:32:19.247,7.991989
4393,2018-01-09 09:32:19.347,7.991989
4394,2018-01-09 09:32:19.447,7.991989
4395,2018-01-09 09:32:19.547,7.917869
4396,2018-01-09 09:32:19.647,7.917869
4397,2018-01-09 09:32:19.747,7.917869
4398,2018-01-09 09:32:19.848,7.917869
4399,2018-01-09 09:32:19.947,7.917869
4400,2018-01-09 09:32:20.047,7.917869
4401,2018-01-09 09:32:20.147,7.917869
4402,2018-01-09 09:32:20.247,7.917869
4403,2018-01-09 09:32:20.347,7.917869
4404,2018-01-09 09:32:20.447,7.917869
4405,2018-01-09 09:32:20.547,7.736275
4406,2018-01-09 09:32:20.647,7.736275
4407,2018-01-09 09:32:20.747,7.736275
4408,2018-01-09 09:32:20.845,7.736275
4409,2018-01-09 09:32:20.945,7.736275
4410,2018-01-09 09:32:21.045,7.736275
4411,2018-01-09 09:32:21.146,7.736275
4412,2018-01-09 09:32:21.245,7.736275
4413,2018-01-09 09:32:21.346,7.736275
4414,2018-01-09 09:32:21.446,7.736275
4415,2018-01-09 09:32:21.545,7.808542
4416,2018-01-09 09:32:21.645,7.808542
4417,2018-01-09 09:32:21.747,7.808542
4418,2018-01-09 09:32:21.845,7.808542
4419,2018-01-09 09:32:21.946,7.808542
4420,2018-01-09 09:32:22.046,7.808542
4421,2018-01-09 09:32:22.146,7.808542
4422,2018-01-09 09:32:22.246,7.808542
4423,2018-01-09 09:32:22.346,7.808542
4424,2018-01-09 09:32:22.446,7.808542
4425,2018-01-09 09:32:22.546,7.815954
4426,2018-01-09 09:32:22.646,7.815954
4427,2018-01-09 09:32:22.746,7.815954
4428,2018-01-09 09:32:22.846,7.815954
4429,2018-01-09 09:32:22.946,7.815954
4430,2018-01-09 09:32:23.046,7.815954
4431,2018-01-09 09:32:23.146,7.815954
4432,2018-01-09 09:32:23.246,7.815954
4433,2018-01-09 09:32:23.346,7.815954
4434,2018-01-09 09:32:23.446,7.815954
4435,2018-01-09 09:32:23.546,7.923427999999999
4436,2018-01-09 09:32:23.647,7.923427999999999
4437,2018-01-09 09:32:23.746,7.923427999999999
4438,2018-01-09 09:32:23.846,7.923427999999999
4439,2018-01-09 09:32:23.946,7.923427999999999
4440,2018-01-09 09:32:24.047,7.923427999999999
4441,2018-01-09 09:32:24.146,7.923427999999999
4442,2018-01-09 09:32:24.246,7.923427999999999
4443,2018-01-09 09:32:24.346,7.923427999999999
4444,2018-01-09 09:32:24.446,7.923427999999999
4445,2018-01-09 09:32:24.546,8.067962
4446,2018-01-09 09:32:24.646,8.067962
4447,2018-01-09 09:32:24.747,8.067962
4448,2018-01-09 09:32:24.846,8.067962
4449,2018-01-09 09:32:24.947,8.067962
4450,2018-01-09 09:32:25.047,8.067962
4451,2018-01-09 09:32:25.147,8.067962
4452,2018-01-09 09:32:25.248,8.067962
4453,2018-01-09 09:32:25.348,8.067962
4454,2018-01-09 09:32:25.448,8.067962
4455,2018-01-09 09:32:25.547,8.112434
4456,2018-01-09 09:32:25.647,8.112434
4457,2018-01-09 09:32:25.747,8.112434
4458,2018-01-09 09:32:25.846,8.112434
4459,2018-01-09 09:32:25.946,8.112434
4460,2018-01-09 09:32:26.046,8.112434
4461,2018-01-09 09:32:26.145,8.112434
4462,2018-01-09 09:32:26.245,8.112434
4463,2018-01-09 09:32:26.345,8.112434
4464,2018-01-09 09:32:26.445,8.112434
4465,2018-01-09 09:32:26.545,8.054991000000001
4466,2018-01-09 09:32:26.645,8.054991000000001
4467,2018-01-09 09:32:26.745,8.054991000000001
4468,2018-01-09 09:32:26.845,8.054991000000001
4469,2018-01-09 09:32:26.945,8.054991000000001
4470,2018-01-09 09:32:27.045,8.054991000000001
4471,2018-01-09 09:32:27.145,8.054991000000001
4472,2018-01-09 09:32:27.245,8.054991000000001
4473,2018-01-09 09:32:27.345,8.054991000000001
4474,2018-01-09 09:32:27.445,8.054991000000001
4475,2018-01-09 09:32:27.545,7.9679
4476,2018-01-09 09:32:27.646,7.9679
4477,2018-01-09 09:32:27.746,7.9679
4478,2018-01-09 09:32:27.847,7.9679
4479,2018-01-09 09:32:27.947,7.9679
4480,2018-01-09 09:32:28.046,7.9679
4481,2018-01-09 09:32:28.146,7.9679
4482,2018-01-09 09:32:28.246,7.9679
4483,2018-01-09 09:32:28.346,7.9679
4484,2018-01-09 09:32:28.446,7.9679
4485,2018-01-09 09:32:28.546,7.828925
4486,2018-01-09 09:32:28.646,7.828925
4487,2018-01-09 09:32:28.746,7.828925
4488,2018-01-09 09:32:28.846,7.828925
4489,2018-01-09 09:32:28.946,7.828925
4490,2018-01-09 09:32:29.046,7.828925
4491,2018-01-09 09:32:29.146,7.828925
4492,2018-01-09 09:32:29.246,7.828925
4493,2018-01-09 09:32:29.346,7.828925
4494,2018-01-09 09:32:29.446,7.828925
4495,2018-01-09 09:32:29.547,7.665861
4496,2018-01-09 09:32:29.646,7.665861
4497,2018-01-09 09:32:29.746,7.665861
4498,2018-01-09 09:32:29.846,7.665861
4499,2018-01-09 09:32:29.946,7.665861
4500,2018-01-09 09:32:30.047,7.665861
4501,2018-01-09 09:32:30.146,7.665861
4502,2018-01-09 09:32:30.246,7.665861
4503,2018-01-09 09:32:30.346,7.665861
4504,2018-01-09 09:32:30.446,7.665861
4505,2018-01-09 09:32:30.546,7.528739
4506,2018-01-09 09:32:30.646,7.528739
4507,2018-01-09 09:32:30.746,7.528739
4508,2018-01-09 09:32:30.844,7.528739
4509,2018-01-09 09:32:30.945,7.528739
4510,2018-01-09 09:32:31.045,7.528739
4511,2018-01-09 09:32:31.145,7.528739
4512,2018-01-09 09:32:31.245,7.528739
4513,2018-01-09 09:32:31.346,7.528739
4514,2018-01-09 09:32:31.446,7.528739
4515,2018-01-09 09:32:31.545,7.517621000000001
4516,2018-01-09 09:32:31.645,7.517621000000001
4517,2018-01-09 09:32:31.746,7.517621000000001
4518,2018-01-09 09:32:31.845,7.517621000000001
4519,2018-01-09 09:32:31.945,7.517621000000001
4520,2018-01-09 09:32:32.045,7.517621000000001
4521,2018-01-09 09:32:32.145,7.517621000000001
4522,2018-01-09 09:32:32.245,7.517621000000001
4523,2018-01-09 09:32:32.345,7.517621000000001
4524,2018-01-09 09:32:32.445,7.517621000000001
4525,2018-01-09 09:32:32.545,7.832631
4526,2018-01-09 09:32:32.645,7.832631
4527,2018-01-09 09:32:32.745,7.832631
4528,2018-01-09 09:32:32.845,7.832631
4529,2018-01-09 09:32:32.945,7.832631
4530,2018-01-09 09:32:33.045,7.832631
4531,2018-01-09 09:32:33.145,7.832631
4532,2018-01-09 09:32:33.246,7.832631
4533,2018-01-09 09:32:33.345,7.832631
4534,2018-01-09 09:32:33.445,7.832631
4535,2018-01-09 09:32:33.545,8.316264
4536,2018-01-09 09:32:33.646,8.316264
4537,2018-01-09 09:32:33.747,8.316264
4538,2018-01-09 09:32:33.845,8.316264
4539,2018-01-09 09:32:33.945,8.316264
4540,2018-01-09 09:32:34.047,8.316264
4541,2018-01-09 09:32:34.146,8.316264
4542,2018-01-09 09:32:34.246,8.316264
4543,2018-01-09 09:32:34.346,8.316264
4544,2018-01-09 09:32:34.446,8.316264
4545,2018-01-09 09:32:34.546,8.722071000000001
4546,2018-01-09 09:32:34.646,8.722071000000001
4547,2018-01-09 09:32:34.746,8.722071000000001
4548,2018-01-09 09:32:34.846,8.722071000000001
4549,2018-01-09 09:32:34.946,8.722071000000001
4550,2018-01-09 09:32:35.046,8.722071000000001
4551,2018-01-09 09:32:35.146,8.722071000000001
4552,2018-01-09 09:32:35.246,8.722071000000001
4553,2018-01-09 09:32:35.346,8.722071000000001
4554,2018-01-09 09:32:35.446,8.722071000000001
4555,2018-01-09 09:32:35.546,8.851780999999997
4556,2018-01-09 09:32:35.646,8.851780999999997
4557,2018-01-09 09:32:35.746,8.851780999999997
4558,2018-01-09 09:32:35.844,8.851780999999997
4559,2018-01-09 09:32:35.944,8.851780999999997
4560,2018-01-09 09:32:36.044,8.851780999999997
4561,2018-01-09 09:32:36.144,8.851780999999997
4562,2018-01-09 09:32:36.244,8.851780999999997
4563,2018-01-09 09:32:36.344,8.851780999999997
4564,2018-01-09 09:32:36.444,8.851780999999997
4565,2018-01-09 09:32:36.544,8.772102
4566,2018-01-09 09:32:36.644,8.772102
4567,2018-01-09 09:32:36.744,8.772102
4568,2018-01-09 09:32:36.844,8.772102
4569,2018-01-09 09:32:36.945,8.772102
4570,2018-01-09 09:32:37.045,8.772102
4571,2018-01-09 09:32:37.145,8.772102
4572,2018-01-09 09:32:37.246,8.772102
4573,2018-01-09 09:32:37.345,8.772102
4574,2018-01-09 09:32:37.446,8.772102
4575,2018-01-09 09:32:37.545,8.625715
4576,2018-01-09 09:32:37.646,8.625715
4577,2018-01-09 09:32:37.746,8.625715
4578,2018-01-09 09:32:37.845,8.625715
4579,2018-01-09 09:32:37.945,8.625715
4580,2018-01-09 09:32:38.046,8.625715
4581,2018-01-09 09:32:38.145,8.625715
4582,2018-01-09 09:32:38.245,8.625715
4583,2018-01-09 09:32:38.345,8.625715
4584,2018-01-09 09:32:38.445,8.625715
4585,2018-01-09 09:32:38.545,8.455239
4586,2018-01-09 09:32:38.645,8.455239
4587,2018-01-09 09:32:38.745,8.455239
4588,2018-01-09 09:32:38.845,8.455239
4589,2018-01-09 09:32:38.945,8.455239
4590,2018-01-09 09:32:39.045,8.455239
4591,2018-01-09 09:32:39.145,8.455239
4592,2018-01-09 09:32:39.245,8.455239
4593,2018-01-09 09:32:39.345,8.455239
4594,2018-01-09 09:32:39.446,8.455239
4595,2018-01-09 09:32:39.545,8.596067
4596,2018-01-09 09:32:39.645,8.596067
4597,2018-01-09 09:32:39.747,8.596067
4598,2018-01-09 09:32:39.845,8.596067
4599,2018-01-09 09:32:39.945,8.596067
4600,2018-01-09 09:32:40.046,8.596067
4601,2018-01-09 09:32:40.146,8.596067
4602,2018-01-09 09:32:40.246,8.596067
4603,2018-01-09 09:32:40.346,8.596067
4604,2018-01-09 09:32:40.446,8.596067
4605,2018-01-09 09:32:40.546,8.646098
4606,2018-01-09 09:32:40.646,8.646098
4607,2018-01-09 09:32:40.746,8.646098
4608,2018-01-09 09:32:40.844,8.646098
4609,2018-01-09 09:32:40.944,8.646098
4610,2018-01-09 09:32:41.044,8.646098
4611,2018-01-09 09:32:41.144,8.646098
4612,2018-01-09 09:32:41.245,8.646098
4613,2018-01-09 09:32:41.344,8.646098
4614,2018-01-09 09:32:41.444,8.646098
4615,2018-01-09 09:32:41.544,8.881428999999997
4616,2018-01-09 09:32:41.644,8.881428999999997
4617,2018-01-09 09:32:41.744,8.881428999999997
4618,2018-01-09 09:32:41.844,8.881428999999997
4619,2018-01-09 09:32:41.944,8.881428999999997
4620,2018-01-09 09:32:42.044,8.881428999999997
4621,2018-01-09 09:32:42.144,8.881428999999997
4622,2018-01-09 09:32:42.244,8.881428999999997
4623,2018-01-09 09:32:42.344,8.881428999999997
4624,2018-01-09 09:32:42.444,8.881428999999997
4625,2018-01-09 09:32:42.544,9.06117
4626,2018-01-09 09:32:42.644,9.06117
4627,2018-01-09 09:32:42.744,9.06117
4628,2018-01-09 09:32:42.844,9.06117
4629,2018-01-09 09:32:42.945,9.06117
4630,2018-01-09 09:32:43.045,9.06117
4631,2018-01-09 09:32:43.145,9.06117
4632,2018-01-09 09:32:43.245,9.06117
4633,2018-01-09 09:32:43.345,9.06117
4634,2018-01-09 09:32:43.445,9.06117
4635,2018-01-09 09:32:43.546,9.200145
4636,2018-01-09 09:32:43.645,9.200145
4637,2018-01-09 09:32:43.745,9.200145
4638,2018-01-09 09:32:43.846,9.200145
4639,2018-01-09 09:32:43.945,9.200145
4640,2018-01-09 09:32:44.045,9.200145
4641,2018-01-09 09:32:44.146,9.200145
4642,2018-01-09 09:32:44.245,9.200145
4643,2018-01-09 09:32:44.345,9.200145
4644,2018-01-09 09:32:44.445,9.200145
4645,2018-01-09 09:32:44.545,9.244617
4646,2018-01-09 09:32:44.645,9.244617
4647,2018-01-09 09:32:44.745,9.244617
4648,2018-01-09 09:32:44.845,9.244617
4649,2018-01-09 09:32:44.945,9.244617
4650,2018-01-09 09:32:45.045,9.244617
4651,2018-01-09 09:32:45.145,9.244617
4652,2018-01-09 09:32:45.245,9.244617
4653,2018-01-09 09:32:45.345,9.244617
4654,2018-01-09 09:32:45.445,9.244617
4655,2018-01-09 09:32:45.546,9.176055999999999
4656,2018-01-09 09:32:45.645,9.176055999999999
4657,2018-01-09 09:32:45.746,9.176055999999999
4658,2018-01-09 09:32:45.843,9.176055999999999
4659,2018-01-09 09:32:45.944,9.176055999999999
4660,2018-01-09 09:32:46.043,9.176055999999999
4661,2018-01-09 09:32:46.144,9.176055999999999
4662,2018-01-09 09:32:46.244,9.176055999999999
4663,2018-01-09 09:32:46.344,9.176055999999999
4664,2018-01-09 09:32:46.444,9.176055999999999
4665,2018-01-09 09:32:46.544,8.929607
4666,2018-01-09 09:32:46.644,8.929607
4667,2018-01-09 09:32:46.744,8.929607
4668,2018-01-09 09:32:46.844,8.929607
4669,2018-01-09 09:32:46.944,8.929607
4670,2018-01-09 09:32:47.044,8.929607
4671,2018-01-09 09:32:47.144,8.929607
4672,2018-01-09 09:32:47.244,8.929607
4673,2018-01-09 09:32:47.344,8.929607
4674,2018-01-09 09:32:47.445,8.929607
4675,2018-01-09 09:32:47.544,8.581242999999999
4676,2018-01-09 09:32:47.644,8.581242999999999
4677,2018-01-09 09:32:47.744,8.581242999999999
4678,2018-01-09 09:32:47.845,8.581242999999999
4679,2018-01-09 09:32:47.945,8.581242999999999
4680,2018-01-09 09:32:48.045,8.581242999999999
4681,2018-01-09 09:32:48.145,8.581242999999999
4682,2018-01-09 09:32:48.244,8.581242999999999
4683,2018-01-09 09:32:48.344,8.581242999999999
4684,2018-01-09 09:32:48.444,8.581242999999999
4685,2018-01-09 09:32:48.544,8.358883
4686,2018-01-09 09:32:48.644,8.358883
4687,2018-01-09 09:32:48.744,8.358883
4688,2018-01-09 09:32:48.844,8.358883
4689,2018-01-09 09:32:48.944,8.358883
4690,2018-01-09 09:32:49.044,8.358883
4691,2018-01-09 09:32:49.145,8.358883
4692,2018-01-09 09:32:49.245,8.358883
4693,2018-01-09 09:32:49.345,8.358883
4694,2018-01-09 09:32:49.446,8.358883
4695,2018-01-09 09:32:49.546,8.414473
4696,2018-01-09 09:32:49.645,8.414473
4697,2018-01-09 09:32:49.745,8.414473
4698,2018-01-09 09:32:49.845,8.414473
4699,2018-01-09 09:32:49.945,8.414473
4700,2018-01-09 09:32:50.045,8.414473
4701,2018-01-09 09:32:50.145,8.414473
4702,2018-01-09 09:32:50.245,8.414473
4703,2018-01-09 09:32:50.345,8.414473
4704,2018-01-09 09:32:50.445,8.414473
4705,2018-01-09 09:32:50.545,8.516388000000001
4706,2018-01-09 09:32:50.645,8.516388000000001
4707,2018-01-09 09:32:50.745,8.516388000000001
4708,2018-01-09 09:32:50.843,8.516388000000001
4709,2018-01-09 09:32:50.943,8.516388000000001
4710,2018-01-09 09:32:51.043,8.516388000000001
4711,2018-01-09 09:32:51.143,8.516388000000001
4712,2018-01-09 09:32:51.243,8.516388000000001
4713,2018-01-09 09:32:51.343,8.516388000000001
4714,2018-01-09 09:32:51.444,8.516388000000001
4715,2018-01-09 09:32:51.543,8.716512
4716,2018-01-09 09:32:51.643,8.716512
4717,2018-01-09 09:32:51.743,8.716512
4718,2018-01-09 09:32:51.843,8.716512
4719,2018-01-09 09:32:51.943,8.716512
4720,2018-01-09 09:32:52.044,8.716512
4721,2018-01-09 09:32:52.144,8.716512
4722,2018-01-09 09:32:52.244,8.716512
4723,2018-01-09 09:32:52.344,8.716512
4724,2018-01-09 09:32:52.444,8.716512
4725,2018-01-09 09:32:52.544,8.892547
4726,2018-01-09 09:32:52.644,8.892547
4727,2018-01-09 09:32:52.744,8.892547
4728,2018-01-09 09:32:52.844,8.892547
4729,2018-01-09 09:32:52.944,8.892547
4730,2018-01-09 09:32:53.045,8.892547
4731,2018-01-09 09:32:53.144,8.892547
4732,2018-01-09 09:32:53.244,8.892547
4733,2018-01-09 09:32:53.344,8.892547
4734,2018-01-09 09:32:53.445,8.892547
4735,2018-01-09 09:32:53.544,8.994462
4736,2018-01-09 09:32:53.645,8.994462
4737,2018-01-09 09:32:53.745,8.994462
4738,2018-01-09 09:32:53.845,8.994462
4739,2018-01-09 09:32:53.944,8.994462
4740,2018-01-09 09:32:54.044,8.994462
4741,2018-01-09 09:32:54.145,8.994462
4742,2018-01-09 09:32:54.244,8.994462
4743,2018-01-09 09:32:54.344,8.994462
4744,2018-01-09 09:32:54.444,8.994462
4745,2018-01-09 09:32:54.544,8.955549000000003
4746,2018-01-09 09:32:54.644,8.955549000000003
4747,2018-01-09 09:32:54.744,8.955549000000003
4748,2018-01-09 09:32:54.844,8.955549000000003
4749,2018-01-09 09:32:54.944,8.955549000000003
4750,2018-01-09 09:32:55.044,8.955549000000003
4751,2018-01-09 09:32:55.145,8.955549000000003
4752,2018-01-09 09:32:55.245,8.955549000000003
4753,2018-01-09 09:32:55.345,8.955549000000003
4754,2018-01-09 09:32:55.446,8.955549000000003
4755,2018-01-09 09:32:55.545,8.938872
4756,2018-01-09 09:32:55.645,8.938872
4757,2018-01-09 09:32:55.746,8.938872
4758,2018-01-09 09:32:55.843,8.938872
4759,2018-01-09 09:32:55.944,8.938872
4760,2018-01-09 09:32:56.044,8.938872
4761,2018-01-09 09:32:56.144,8.938872
4762,2018-01-09 09:32:56.243,8.938872
4763,2018-01-09 09:32:56.343,8.938872
4764,2018-01-09 09:32:56.443,8.938872
4765,2018-01-09 09:32:56.543,8.896253
4766,2018-01-09 09:32:56.643,8.896253
4767,2018-01-09 09:32:56.743,8.896253
4768,2018-01-09 09:32:56.843,8.896253
4769,2018-01-09 09:32:56.943,8.896253
4770,2018-01-09 09:32:57.043,8.896253
4771,2018-01-09 09:32:57.143,8.896253
4772,2018-01-09 09:32:57.243,8.896253
4773,2018-01-09 09:32:57.343,8.896253
4774,2018-01-09 09:32:57.444,8.896253
4775,2018-01-09 09:32:57.543,8.799897
4776,2018-01-09 09:32:57.643,8.799897
4777,2018-01-09 09:32:57.744,8.799897
4778,2018-01-09 09:32:57.844,8.799897
4779,2018-01-09 09:32:57.943,8.799897
4780,2018-01-09 09:32:58.044,8.799897
4781,2018-01-09 09:32:58.144,8.799897
4782,2018-01-09 09:32:58.244,8.799897
4783,2018-01-09 09:32:58.344,8.799897
4784,2018-01-09 09:32:58.444,8.799897
4785,2018-01-09 09:32:58.544,8.710953
4786,2018-01-09 09:32:58.644,8.710953
4787,2018-01-09 09:32:58.744,8.710953
4788,2018-01-09 09:32:58.844,8.710953
4789,2018-01-09 09:32:58.944,8.710953
4790,2018-01-09 09:32:59.044,8.710953
4791,2018-01-09 09:32:59.144,8.710953
4792,2018-01-09 09:32:59.244,8.710953
4793,2018-01-09 09:32:59.344,8.710953
4794,2018-01-09 09:32:59.444,8.710953
4795,2018-01-09 09:32:59.545,8.234732000000001
4796,2018-01-09 09:32:59.645,8.234732000000001
4797,2018-01-09 09:32:59.745,8.234732000000001
4798,2018-01-09 09:32:59.845,8.234732000000001
4799,2018-01-09 09:32:59.944,8.234732000000001
4800,2018-01-09 09:33:00.045,8.234732000000001
4801,2018-01-09 09:33:00.144,8.234732000000001
4802,2018-01-09 09:33:00.244,8.234732000000001
4803,2018-01-09 09:33:00.344,8.234732000000001
4804,2018-01-09 09:33:00.444,8.234732000000001
4805,2018-01-09 09:33:00.544,8.255115
4806,2018-01-09 09:33:00.644,8.255115
4807,2018-01-09 09:33:00.744,8.255115
4808,2018-01-09 09:33:00.842,8.255115
4809,2018-01-09 09:33:00.942,8.255115
4810,2018-01-09 09:33:01.042,8.255115
4811,2018-01-09 09:33:01.143,8.255115
4812,2018-01-09 09:33:01.243,8.255115
4813,2018-01-09 09:33:01.343,8.255115
4814,2018-01-09 09:33:01.443,8.255115
4815,2018-01-09 09:33:01.543,8.145788
4816,2018-01-09 09:33:01.643,8.145788
4817,2018-01-09 09:33:01.743,8.145788
4818,2018-01-09 09:33:01.843,8.145788
4819,2018-01-09 09:33:01.943,8.145788
4820,2018-01-09 09:33:02.044,8.145788
4821,2018-01-09 09:33:02.144,8.145788
4822,2018-01-09 09:33:02.243,8.145788
4823,2018-01-09 09:33:02.343,8.145788
4824,2018-01-09 09:33:02.443,8.145788
4825,2018-01-09 09:33:02.543,8.349618
4826,2018-01-09 09:33:02.643,8.349618
4827,2018-01-09 09:33:02.743,8.349618
4828,2018-01-09 09:33:02.843,8.349618
4829,2018-01-09 09:33:02.943,8.349618
4830,2018-01-09 09:33:03.043,8.349618
4831,2018-01-09 09:33:03.143,8.349618
4832,2018-01-09 09:33:03.243,8.349618
4833,2018-01-09 09:33:03.343,8.349618
4834,2018-01-09 09:33:03.444,8.349618
4835,2018-01-09 09:33:03.543,8.672039999999999
4836,2018-01-09 09:33:03.643,8.672039999999999
4837,2018-01-09 09:33:03.744,8.672039999999999
4838,2018-01-09 09:33:03.843,8.672039999999999
4839,2018-01-09 09:33:03.943,8.672039999999999
4840,2018-01-09 09:33:04.044,8.672039999999999
4841,2018-01-09 09:33:04.144,8.672039999999999
4842,2018-01-09 09:33:04.244,8.672039999999999
4843,2018-01-09 09:33:04.344,8.672039999999999
4844,2018-01-09 09:33:04.444,8.672039999999999
4845,2018-01-09 09:33:04.544,9.00558
4846,2018-01-09 09:33:04.644,9.00558
4847,2018-01-09 09:33:04.744,9.00558
4848,2018-01-09 09:33:04.844,9.00558
4849,2018-01-09 09:33:04.944,9.00558
4850,2018-01-09 09:33:05.044,9.00558
4851,2018-01-09 09:33:05.144,9.00558
4852,2018-01-09 09:33:05.244,9.00558
4853,2018-01-09 09:33:05.345,9.00558
4854,2018-01-09 09:33:05.444,9.00558
4855,2018-01-09 09:33:05.544,9.107495
4856,2018-01-09 09:33:05.645,9.107495
4857,2018-01-09 09:33:05.744,9.107495
4858,2018-01-09 09:33:05.842,9.107495
4859,2018-01-09 09:33:05.942,9.107495
4860,2018-01-09 09:33:06.042,9.107495
4861,2018-01-09 09:33:06.142,9.107495
4862,2018-01-09 09:33:06.242,9.107495
4863,2018-01-09 09:33:06.342,9.107495
4864,2018-01-09 09:33:06.442,9.107495
4865,2018-01-09 09:33:06.542,9.253882
4866,2018-01-09 09:33:06.642,9.253882
4867,2018-01-09 09:33:06.742,9.253882
4868,2018-01-09 09:33:06.842,9.253882
4869,2018-01-09 09:33:06.942,9.253882
4870,2018-01-09 09:33:07.042,9.253882
4871,2018-01-09 09:33:07.143,9.253882
4872,2018-01-09 09:33:07.243,9.253882
4873,2018-01-09 09:33:07.343,9.253882
4874,2018-01-09 09:33:07.443,9.253882
4875,2018-01-09 09:33:07.543,9.41324
4876,2018-01-09 09:33:07.643,9.41324
4877,2018-01-09 09:33:07.743,9.41324
4878,2018-01-09 09:33:07.843,9.41324
4879,2018-01-09 09:33:07.943,9.41324
4880,2018-01-09 09:33:08.043,9.41324
4881,2018-01-09 09:33:08.143,9.41324
4882,2018-01-09 09:33:08.243,9.41324
4883,2018-01-09 09:33:08.343,9.41324
4884,2018-01-09 09:33:08.443,9.41324
4885,2018-01-09 09:33:08.543,9.515155
4886,2018-01-09 09:33:08.643,9.515155
4887,2018-01-09 09:33:08.743,9.515155
4888,2018-01-09 09:33:08.843,9.515155
4889,2018-01-09 09:33:08.943,9.515155
4890,2018-01-09 09:33:09.043,9.515155
4891,2018-01-09 09:33:09.143,9.515155
4892,2018-01-09 09:33:09.243,9.515155
4893,2018-01-09 09:33:09.343,9.515155
4894,2018-01-09 09:33:09.443,9.515155
4895,2018-01-09 09:33:09.543,9.433623
4896,2018-01-09 09:33:09.643,9.433623
4897,2018-01-09 09:33:09.744,9.433623
4898,2018-01-09 09:33:09.843,9.433623
4899,2018-01-09 09:33:09.943,9.433623
4900,2018-01-09 09:33:10.044,9.433623
4901,2018-01-09 09:33:10.144,9.433623
4902,2018-01-09 09:33:10.244,9.433623
4903,2018-01-09 09:33:10.344,9.433623
4904,2018-01-09 09:33:10.444,9.433623
4905,2018-01-09 09:33:10.544,9.240911
4906,2018-01-09 09:33:10.644,9.240911
4907,2018-01-09 09:33:10.744,9.240911
4908,2018-01-09 09:33:10.842,9.240911
4909,2018-01-09 09:33:10.942,9.240911
4910,2018-01-09 09:33:11.042,9.240911
4911,2018-01-09 09:33:11.142,9.240911
4912,2018-01-09 09:33:11.242,9.240911
4913,2018-01-09 09:33:11.342,9.240911
4914,2018-01-09 09:33:11.442,9.240911
4915,2018-01-09 09:33:11.542,9.189027
4916,2018-01-09 09:33:11.643,9.189027
4917,2018-01-09 09:33:11.743,9.189027
4918,2018-01-09 09:33:11.843,9.189027
4919,2018-01-09 09:33:11.943,9.189027
4920,2018-01-09 09:33:12.043,9.189027
4921,2018-01-09 09:33:12.143,9.189027
4922,2018-01-09 09:33:12.243,9.189027
4923,2018-01-09 09:33:12.342,9.189027
4924,2018-01-09 09:33:12.442,9.189027
4925,2018-01-09 09:33:12.542,9.305766
4926,2018-01-09 09:33:12.642,9.305766
4927,2018-01-09 09:33:12.742,9.305766
4928,2018-01-09 09:33:12.842,9.305766
4929,2018-01-09 09:33:12.942,9.305766
4930,2018-01-09 09:33:13.042,9.305766
4931,2018-01-09 09:33:13.142,9.305766
4932,2018-01-09 09:33:13.243,9.305766
4933,2018-01-09 09:33:13.343,9.305766
4934,2018-01-09 09:33:13.443,9.305766
4935,2018-01-09 09:33:13.543,9.594834
4936,2018-01-09 09:33:13.643,9.594834
4937,2018-01-09 09:33:13.743,9.594834
4938,2018-01-09 09:33:13.843,9.594834
4939,2018-01-09 09:33:13.943,9.594834
4940,2018-01-09 09:33:14.043,9.594834
4941,2018-01-09 09:33:14.143,9.594834
4942,2018-01-09 09:33:14.243,9.594834
4943,2018-01-09 09:33:14.343,9.594834
4944,2018-01-09 09:33:14.443,9.594834
4945,2018-01-09 09:33:14.543,9.793105
4946,2018-01-09 09:33:14.643,9.793105
4947,2018-01-09 09:33:14.743,9.793105
4948,2018-01-09 09:33:14.843,9.793105
4949,2018-01-09 09:33:14.943,9.793105
4950,2018-01-09 09:33:15.043,9.793105
4951,2018-01-09 09:33:15.143,9.793105
4952,2018-01-09 09:33:15.243,9.793105
4953,2018-01-09 09:33:15.343,9.793105
4954,2018-01-09 09:33:15.443,9.793105
4955,2018-01-09 09:33:15.543,9.785692999999998
4956,2018-01-09 09:33:15.644,9.785692999999998
4957,2018-01-09 09:33:15.743,9.785692999999998
4958,2018-01-09 09:33:15.841,9.785692999999998
4959,2018-01-09 09:33:15.941,9.785692999999998
4960,2018-01-09 09:33:16.042,9.785692999999998
4961,2018-01-09 09:33:16.141,9.785692999999998
4962,2018-01-09 09:33:16.241,9.785692999999998
4963,2018-01-09 09:33:16.342,9.785692999999998
4964,2018-01-09 09:33:16.442,9.785692999999998
4965,2018-01-09 09:33:16.542,9.529979
4966,2018-01-09 09:33:16.642,9.529979
4967,2018-01-09 09:33:16.742,9.529979
4968,2018-01-09 09:33:16.842,9.529979
4969,2018-01-09 09:33:16.942,9.529979
4970,2018-01-09 09:33:17.042,9.529979
4971,2018-01-09 09:33:17.142,9.529979
4972,2018-01-09 09:33:17.242,9.529979
4973,2018-01-09 09:33:17.342,9.529979
4974,2018-01-09 09:33:17.442,9.529979
4975,2018-01-09 09:33:17.542,9.385445
4976,2018-01-09 09:33:17.642,9.385445
4977,2018-01-09 09:33:17.743,9.385445
4978,2018-01-09 09:33:17.842,9.385445
4979,2018-01-09 09:33:17.942,9.385445
4980,2018-01-09 09:33:18.042,9.385445
4981,2018-01-09 09:33:18.142,9.385445
4982,2018-01-09 09:33:18.242,9.385445
4983,2018-01-09 09:33:18.342,9.385445
4984,2018-01-09 09:33:18.442,9.385445
4985,2018-01-09 09:33:18.542,9.370621
4986,2018-01-09 09:33:18.642,9.370621
4987,2018-01-09 09:33:18.742,9.370621
4988,2018-01-09 09:33:18.842,9.370621
4989,2018-01-09 09:33:18.942,9.370621
4990,2018-01-09 09:33:19.042,9.370621
4991,2018-01-09 09:33:19.142,9.370621
4992,2018-01-09 09:33:19.242,9.370621
4993,2018-01-09 09:33:19.343,9.370621
4994,2018-01-09 09:33:19.443,9.370621
4995,2018-01-09 09:33:19.543,9.509596
4996,2018-01-09 09:33:19.643,9.509596
4997,2018-01-09 09:33:19.743,9.509596
4998,2018-01-09 09:33:19.843,9.509596
4999,2018-01-09 09:33:19.943,9.509596
5000,2018-01-09 09:33:20.043,9.509596
5001,2018-01-09 09:33:20.143,9.509596
5002,2018-01-09 09:33:20.244,9.509596
5003,2018-01-09 09:33:20.343,9.509596
5004,2018-01-09 09:33:20.443,9.509596
5005,2018-01-09 09:33:20.543,9.633747
5006,2018-01-09 09:33:20.643,9.633747
5007,2018-01-09 09:33:20.743,9.633747
5008,2018-01-09 09:33:20.841,9.633747
5009,2018-01-09 09:33:20.941,9.633747
5010,2018-01-09 09:33:21.041,9.633747
5011,2018-01-09 09:33:21.141,9.633747
5012,2018-01-09 09:33:21.241,9.633747
5013,2018-01-09 09:33:21.341,9.633747
5014,2018-01-09 09:33:21.441,9.633747
5015,2018-01-09 09:33:21.541,9.715279
5016,2018-01-09 09:33:21.641,9.715279
5017,2018-01-09 09:33:21.741,9.715279
5018,2018-01-09 09:33:21.842,9.715279
5019,2018-01-09 09:33:21.941,9.715279
5020,2018-01-09 09:33:22.042,9.715279
5021,2018-01-09 09:33:22.141,9.715279
5022,2018-01-09 09:33:22.242,9.715279
5023,2018-01-09 09:33:22.342,9.715279
5024,2018-01-09 09:33:22.442,9.715279
5025,2018-01-09 09:33:22.542,9.724544
5026,2018-01-09 09:33:22.642,9.724544
5027,2018-01-09 09:33:22.742,9.724544
5028,2018-01-09 09:33:22.842,9.724544
5029,2018-01-09 09:33:22.943,9.724544
5030,2018-01-09 09:33:23.042,9.724544
5031,2018-01-09 09:33:23.142,9.724544
5032,2018-01-09 09:33:23.242,9.724544
5033,2018-01-09 09:33:23.342,9.724544
5034,2018-01-09 09:33:23.443,9.724544
5035,2018-01-09 09:33:23.542,9.776428
5036,2018-01-09 09:33:23.643,9.776428
5037,2018-01-09 09:33:23.742,9.776428
5038,2018-01-09 09:33:23.842,9.776428
5039,2018-01-09 09:33:23.943,9.776428
5040,2018-01-09 09:33:24.043,9.776428
5041,2018-01-09 09:33:24.142,9.776428
5042,2018-01-09 09:33:24.243,9.776428
5043,2018-01-09 09:33:24.342,9.776428
5044,2018-01-09 09:33:24.442,9.776428
5045,2018-01-09 09:33:24.542,9.717132
5046,2018-01-09 09:33:24.642,9.717132
5047,2018-01-09 09:33:24.742,9.717132
5048,2018-01-09 09:33:24.842,9.717132
5049,2018-01-09 09:33:24.942,9.717132
5050,2018-01-09 09:33:25.042,9.717132
5051,2018-01-09 09:33:25.142,9.717132
5052,2018-01-09 09:33:25.243,9.717132
5053,2018-01-09 09:33:25.343,9.717132
5054,2018-01-09 09:33:25.443,9.717132
5055,2018-01-09 09:33:25.544,9.650424
5056,2018-01-09 09:33:25.644,9.650424
5057,2018-01-09 09:33:25.743,9.650424
5058,2018-01-09 09:33:25.841,9.650424
5059,2018-01-09 09:33:25.942,9.650424
5060,2018-01-09 09:33:26.041,9.650424
5061,2018-01-09 09:33:26.141,9.650424
5062,2018-01-09 09:33:26.241,9.650424
5063,2018-01-09 09:33:26.341,9.650424
5064,2018-01-09 09:33:26.441,9.650424
5065,2018-01-09 09:33:26.541,9.528126
5066,2018-01-09 09:33:26.641,9.528126
5067,2018-01-09 09:33:26.741,9.528126
5068,2018-01-09 09:33:26.841,9.528126
5069,2018-01-09 09:33:26.941,9.528126
5070,2018-01-09 09:33:27.041,9.528126
5071,2018-01-09 09:33:27.141,9.528126
5072,2018-01-09 09:33:27.241,9.528126
5073,2018-01-09 09:33:27.341,9.528126
5074,2018-01-09 09:33:27.441,9.528126
5075,2018-01-09 09:33:27.541,9.33912
5076,2018-01-09 09:33:27.641,9.33912
5077,2018-01-09 09:33:27.741,9.33912
5078,2018-01-09 09:33:27.841,9.33912
5079,2018-01-09 09:33:27.941,9.33912
5080,2018-01-09 09:33:28.041,9.33912
5081,2018-01-09 09:33:28.141,9.33912
5082,2018-01-09 09:33:28.241,9.33912
5083,2018-01-09 09:33:28.342,9.33912
5084,2018-01-09 09:33:28.442,9.33912
5085,2018-01-09 09:33:28.542,9.027816
5086,2018-01-09 09:33:28.642,9.027816
5087,2018-01-09 09:33:28.742,9.027816
5088,2018-01-09 09:33:28.842,9.027816
5089,2018-01-09 09:33:28.942,9.027816
5090,2018-01-09 09:33:29.042,9.027816
5091,2018-01-09 09:33:29.142,9.027816
5092,2018-01-09 09:33:29.242,9.027816
5093,2018-01-09 09:33:29.342,9.027816
5094,2018-01-09 09:33:29.442,9.027816
5095,2018-01-09 09:33:29.543,8.683158
5096,2018-01-09 09:33:29.642,8.683158
5097,2018-01-09 09:33:29.742,8.683158
5098,2018-01-09 09:33:29.842,8.683158
5099,2018-01-09 09:33:29.942,8.683158
5100,2018-01-09 09:33:30.043,8.683158
5101,2018-01-09 09:33:30.142,8.683158
5102,2018-01-09 09:33:30.242,8.683158
5103,2018-01-09 09:33:30.342,8.683158
5104,2018-01-09 09:33:30.442,8.683158
5105,2018-01-09 09:33:30.542,8.484886999999999
5106,2018-01-09 09:33:30.642,8.484886999999999
5107,2018-01-09 09:33:30.742,8.484886999999999
5108,2018-01-09 09:33:30.840,8.484886999999999
5109,2018-01-09 09:33:30.940,8.484886999999999
5110,2018-01-09 09:33:31.040,8.484886999999999
5111,2018-01-09 09:33:31.140,8.484886999999999
5112,2018-01-09 09:33:31.240,8.484886999999999
5113,2018-01-09 09:33:31.341,8.484886999999999
5114,2018-01-09 09:33:31.441,8.484886999999999
5115,2018-01-09 09:33:31.541,8.445974
5116,2018-01-09 09:33:31.641,8.445974
5117,2018-01-09 09:33:31.742,8.445974
5118,2018-01-09 09:33:31.841,8.445974
5119,2018-01-09 09:33:31.941,8.445974
5120,2018-01-09 09:33:32.041,8.445974
5121,2018-01-09 09:33:32.141,8.445974
5122,2018-01-09 09:33:32.241,8.445974
5123,2018-01-09 09:33:32.341,8.445974
5124,2018-01-09 09:33:32.441,8.445974
5125,2018-01-09 09:33:32.541,8.646098
5126,2018-01-09 09:33:32.641,8.646098
5127,2018-01-09 09:33:32.741,8.646098
5128,2018-01-09 09:33:32.841,8.646098
5129,2018-01-09 09:33:32.941,8.646098
5130,2018-01-09 09:33:33.041,8.646098
5131,2018-01-09 09:33:33.141,8.646098
5132,2018-01-09 09:33:33.241,8.646098
5133,2018-01-09 09:33:33.341,8.646098
5134,2018-01-09 09:33:33.441,8.646098
5135,2018-01-09 09:33:33.541,8.905517999999997
5136,2018-01-09 09:33:33.642,8.905517999999997
5137,2018-01-09 09:33:33.742,8.905517999999997
5138,2018-01-09 09:33:33.841,8.905517999999997
5139,2018-01-09 09:33:33.941,8.905517999999997
5140,2018-01-09 09:33:34.041,8.905517999999997
5141,2018-01-09 09:33:34.141,8.905517999999997
5142,2018-01-09 09:33:34.242,8.905517999999997
5143,2018-01-09 09:33:34.341,8.905517999999997
5144,2018-01-09 09:33:34.442,8.905517999999997
5145,2018-01-09 09:33:34.542,9.046346
5146,2018-01-09 09:33:34.642,9.046346
5147,2018-01-09 09:33:34.742,9.046346
5148,2018-01-09 09:33:34.842,9.046346
5149,2018-01-09 09:33:34.942,9.046346
5150,2018-01-09 09:33:35.042,9.046346
5151,2018-01-09 09:33:35.143,9.046346
5152,2018-01-09 09:33:35.242,9.046346
5153,2018-01-09 09:33:35.342,9.046346
5154,2018-01-09 09:33:35.442,9.046346
5155,2018-01-09 09:33:35.543,9.055611
5156,2018-01-09 09:33:35.642,9.055611
5157,2018-01-09 09:33:35.742,9.055611
5158,2018-01-09 09:33:35.840,9.055611
5159,2018-01-09 09:33:35.940,9.055611
5160,2018-01-09 09:33:36.040,9.055611
5161,2018-01-09 09:33:36.140,9.055611
5162,2018-01-09 09:33:36.240,9.055611
5163,2018-01-09 09:33:36.340,9.055611
5164,2018-01-09 09:33:36.440,9.055611
5165,2018-01-09 09:33:36.540,8.935166
5166,2018-01-09 09:33:36.640,8.935166
5167,2018-01-09 09:33:36.740,8.935166
5168,2018-01-09 09:33:36.840,8.935166
5169,2018-01-09 09:33:36.940,8.935166
5170,2018-01-09 09:33:37.040,8.935166
5171,2018-01-09 09:33:37.140,8.935166
5172,2018-01-09 09:33:37.240,8.935166
5173,2018-01-09 09:33:37.340,8.935166
5174,2018-01-09 09:33:37.441,8.935166
5175,2018-01-09 09:33:37.541,8.811015
5176,2018-01-09 09:33:37.641,8.811015
5177,2018-01-09 09:33:37.741,8.811015
5178,2018-01-09 09:33:37.841,8.811015
5179,2018-01-09 09:33:37.941,8.811015
5180,2018-01-09 09:33:38.041,8.811015
5181,2018-01-09 09:33:38.141,8.811015
5182,2018-01-09 09:33:38.241,8.811015
5183,2018-01-09 09:33:38.341,8.811015
5184,2018-01-09 09:33:38.441,8.811015
5185,2018-01-09 09:33:38.541,8.629421
5186,2018-01-09 09:33:38.641,8.629421
5187,2018-01-09 09:33:38.741,8.629421
5188,2018-01-09 09:33:38.841,8.629421
5189,2018-01-09 09:33:38.941,8.629421
5190,2018-01-09 09:33:39.041,8.629421
5191,2018-01-09 09:33:39.141,8.629421
5192,2018-01-09 09:33:39.241,8.629421
5193,2018-01-09 09:33:39.341,8.629421
5194,2018-01-09 09:33:39.441,8.629421
5195,2018-01-09 09:33:39.541,8.623861999999999
5196,2018-01-09 09:33:39.641,8.623861999999999
5197,2018-01-09 09:33:39.741,8.623861999999999
5198,2018-01-09 09:33:39.841,8.623861999999999
5199,2018-01-09 09:33:39.941,8.623861999999999
5200,2018-01-09 09:33:40.041,8.623861999999999
5201,2018-01-09 09:33:40.141,8.623861999999999
5202,2018-01-09 09:33:40.241,8.623861999999999
5203,2018-01-09 09:33:40.342,8.623861999999999
5204,2018-01-09 09:33:40.442,8.623861999999999
5205,2018-01-09 09:33:40.542,8.720218
5206,2018-01-09 09:33:40.642,8.720218
5207,2018-01-09 09:33:40.742,8.720218
5208,2018-01-09 09:33:40.840,8.720218
5209,2018-01-09 09:33:40.940,8.720218
5210,2018-01-09 09:33:41.040,8.720218
5211,2018-01-09 09:33:41.140,8.720218
5212,2018-01-09 09:33:41.240,8.720218
5213,2018-01-09 09:33:41.340,8.720218
5214,2018-01-09 09:33:41.440,8.720218
5215,2018-01-09 09:33:41.540,8.883282000000003
5216,2018-01-09 09:33:41.640,8.883282000000003
5217,2018-01-09 09:33:41.741,8.883282000000003
5218,2018-01-09 09:33:41.840,8.883282000000003
5219,2018-01-09 09:33:41.940,8.883282000000003
5220,2018-01-09 09:33:42.040,8.883282000000003
5221,2018-01-09 09:33:42.140,8.883282000000003
5222,2018-01-09 09:33:42.240,8.883282000000003
5223,2018-01-09 09:33:42.340,8.883282000000003
5224,2018-01-09 09:33:42.440,8.883282000000003
5225,2018-01-09 09:33:42.540,8.996315
5226,2018-01-09 09:33:42.640,8.996315
5227,2018-01-09 09:33:42.740,8.996315
5228,2018-01-09 09:33:42.840,8.996315
5229,2018-01-09 09:33:42.940,8.996315
5230,2018-01-09 09:33:43.040,8.996315
5231,2018-01-09 09:33:43.140,8.996315
5232,2018-01-09 09:33:43.240,8.996315
5233,2018-01-09 09:33:43.341,8.996315
5234,2018-01-09 09:33:43.441,8.996315
5235,2018-01-09 09:33:43.541,9.107495
5236,2018-01-09 09:33:43.641,9.107495
5237,2018-01-09 09:33:43.741,9.107495
5238,2018-01-09 09:33:43.841,9.107495
5239,2018-01-09 09:33:43.941,9.107495
5240,2018-01-09 09:33:44.041,9.107495
5241,2018-01-09 09:33:44.142,9.107495
5242,2018-01-09 09:33:44.241,9.107495
5243,2018-01-09 09:33:44.342,9.107495
5244,2018-01-09 09:33:44.441,9.107495
5245,2018-01-09 09:33:44.541,8.182848
5246,2018-01-09 09:33:44.641,8.182848
5247,2018-01-09 09:33:44.741,8.182848
5248,2018-01-09 09:33:44.841,8.182848
5249,2018-01-09 09:33:44.941,8.182848
5250,2018-01-09 09:33:45.041,8.182848
5251,2018-01-09 09:33:45.141,8.182848
5252,2018-01-09 09:33:45.241,8.182848
5253,2018-01-09 09:33:45.341,8.182848
5254,2018-01-09 09:33:45.441,8.182848
5255,2018-01-09 09:33:45.541,9.24647
5256,2018-01-09 09:33:45.641,9.24647
5257,2018-01-09 09:33:45.741,9.24647
5258,2018-01-09 09:33:45.839,9.24647
5259,2018-01-09 09:33:45.939,9.24647
5260,2018-01-09 09:33:46.039,9.24647
5261,2018-01-09 09:33:46.139,9.24647
5262,2018-01-09 09:33:46.240,9.24647
5263,2018-01-09 09:33:46.339,9.24647
5264,2018-01-09 09:33:46.440,9.24647
5265,2018-01-09 09:33:46.540,9.279824
5266,2018-01-09 09:33:46.640,9.279824
5267,2018-01-09 09:33:46.740,9.279824
5268,2018-01-09 09:33:46.840,9.279824
5269,2018-01-09 09:33:46.940,9.279824
5270,2018-01-09 09:33:47.041,9.279824
5271,2018-01-09 09:33:47.140,9.279824
5272,2018-01-09 09:33:47.240,9.279824
5273,2018-01-09 09:33:47.340,9.279824
5274,2018-01-09 09:33:47.440,9.279824
5275,2018-01-09 09:33:47.540,9.268706
5276,2018-01-09 09:33:47.640,9.268706
5277,2018-01-09 09:33:47.741,9.268706
5278,2018-01-09 09:33:47.840,9.268706
5279,2018-01-09 09:33:47.940,9.268706
5280,2018-01-09 09:33:48.040,9.268706
5281,2018-01-09 09:33:48.141,9.268706
5282,2018-01-09 09:33:48.240,9.268706
5283,2018-01-09 09:33:48.341,9.268706
5284,2018-01-09 09:33:48.440,9.268706
5285,2018-01-09 09:33:48.540,9.350238
5286,2018-01-09 09:33:48.640,9.350238
5287,2018-01-09 09:33:48.740,9.350238
5288,2018-01-09 09:33:48.840,9.350238
5289,2018-01-09 09:33:48.940,9.350238
5290,2018-01-09 09:33:49.040,9.350238
5291,2018-01-09 09:33:49.140,9.350238
5292,2018-01-09 09:33:49.241,9.350238
5293,2018-01-09 09:33:49.340,9.350238
5294,2018-01-09 09:33:49.441,9.350238
5295,2018-01-09 09:33:49.541,9.529979
5296,2018-01-09 09:33:49.641,9.529979
5297,2018-01-09 09:33:49.741,9.529979
5298,2018-01-09 09:33:49.842,9.529979
5299,2018-01-09 09:33:49.941,9.529979
5300,2018-01-09 09:33:50.041,9.529979
5301,2018-01-09 09:33:50.141,9.529979
5302,2018-01-09 09:33:50.241,9.529979
5303,2018-01-09 09:33:50.342,9.529979
5304,2018-01-09 09:33:50.441,9.529979
5305,2018-01-09 09:33:50.541,9.706014
5306,2018-01-09 09:33:50.641,9.706014
5307,2018-01-09 09:33:50.741,9.706014
5308,2018-01-09 09:33:50.839,9.706014
5309,2018-01-09 09:33:50.939,9.706014
5310,2018-01-09 09:33:51.039,9.706014
5311,2018-01-09 09:33:51.139,9.706014
5312,2018-01-09 09:33:51.239,9.706014
5313,2018-01-09 09:33:51.339,9.706014
5314,2018-01-09 09:33:51.439,9.706014
5315,2018-01-09 09:33:51.539,9.761604
5316,2018-01-09 09:33:51.639,9.761604
5317,2018-01-09 09:33:51.739,9.761604
5318,2018-01-09 09:33:51.839,9.761604
5319,2018-01-09 09:33:51.939,9.761604
5320,2018-01-09 09:33:52.039,9.761604
5321,2018-01-09 09:33:52.140,9.761604
5322,2018-01-09 09:33:52.239,9.761604
5323,2018-01-09 09:33:52.340,9.761604
5324,2018-01-09 09:33:52.440,9.761604
5325,2018-01-09 09:33:52.540,9.681925
5326,2018-01-09 09:33:52.640,9.681925
5327,2018-01-09 09:33:52.740,9.681925
5328,2018-01-09 09:33:52.840,9.681925
5329,2018-01-09 09:33:52.940,9.681925
5330,2018-01-09 09:33:53.040,9.681925
5331,2018-01-09 09:33:53.140,9.681925
5332,2018-01-09 09:33:53.240,9.681925
5333,2018-01-09 09:33:53.340,9.681925
5334,2018-01-09 09:33:53.440,9.681925
5335,2018-01-09 09:33:53.540,9.557774
5336,2018-01-09 09:33:53.640,9.557774
5337,2018-01-09 09:33:53.741,9.557774
5338,2018-01-09 09:33:53.840,9.557774
5339,2018-01-09 09:33:53.940,9.557774
5340,2018-01-09 09:33:54.041,9.557774
5341,2018-01-09 09:33:54.141,9.557774
5342,2018-01-09 09:33:54.240,9.557774
5343,2018-01-09 09:33:54.340,9.557774
5344,2018-01-09 09:33:54.440,9.557774
5345,2018-01-09 09:33:54.540,9.405828
5346,2018-01-09 09:33:54.640,9.405828
5347,2018-01-09 09:33:54.740,9.405828
5348,2018-01-09 09:33:54.840,9.405828
5349,2018-01-09 09:33:54.940,9.405828
5350,2018-01-09 09:33:55.040,9.405828
5351,2018-01-09 09:33:55.140,9.405828
5352,2018-01-09 09:33:55.240,9.405828
5353,2018-01-09 09:33:55.340,9.405828
5354,2018-01-09 09:33:55.440,9.405828
5355,2018-01-09 09:33:55.541,9.311325
5356,2018-01-09 09:33:55.641,9.311325
5357,2018-01-09 09:33:55.741,9.311325
5358,2018-01-09 09:33:55.839,9.311325
5359,2018-01-09 09:33:55.939,9.311325
5360,2018-01-09 09:33:56.039,9.311325
5361,2018-01-09 09:33:56.139,9.311325
5362,2018-01-09 09:33:56.239,9.311325
5363,2018-01-09 09:33:56.339,9.311325
5364,2018-01-09 09:33:56.439,9.311325
5365,2018-01-09 09:33:56.539,9.604099
5366,2018-01-09 09:33:56.639,9.604099
5367,2018-01-09 09:33:56.739,9.604099
5368,2018-01-09 09:33:56.839,9.604099
5369,2018-01-09 09:33:56.939,9.604099
5370,2018-01-09 09:33:57.039,9.604099
5371,2018-01-09 09:33:57.139,9.604099
5372,2018-01-09 09:33:57.239,9.604099
5373,2018-01-09 09:33:57.339,9.604099
5374,2018-01-09 09:33:57.439,9.604099
5375,2018-01-09 09:33:57.539,9.800517
5376,2018-01-09 09:33:57.639,9.800517
5377,2018-01-09 09:33:57.739,9.800517
5378,2018-01-09 09:33:57.839,9.800517
5379,2018-01-09 09:33:57.939,9.800517
5380,2018-01-09 09:33:58.039,9.800517
5381,2018-01-09 09:33:58.139,9.800517
5382,2018-01-09 09:33:58.239,9.800517
5383,2018-01-09 09:33:58.339,9.800517
5384,2018-01-09 09:33:58.439,9.800517
5385,2018-01-09 09:33:58.540,9.832018
5386,2018-01-09 09:33:58.640,9.832018
5387,2018-01-09 09:33:58.740,9.832018
5388,2018-01-09 09:33:58.840,9.832018
5389,2018-01-09 09:33:58.940,9.832018
5390,2018-01-09 09:33:59.040,9.832018
5391,2018-01-09 09:33:59.140,9.832018
5392,2018-01-09 09:33:59.240,9.832018
5393,2018-01-09 09:33:59.340,9.832018
5394,2018-01-09 09:33:59.440,9.832018
5395,2018-01-09 09:33:59.540,9.6356
5396,2018-01-09 09:33:59.640,9.6356
5397,2018-01-09 09:33:59.740,9.6356
5398,2018-01-09 09:33:59.840,9.6356
5399,2018-01-09 09:33:59.940,9.6356
5400,2018-01-09 09:34:00.040,9.6356
5401,2018-01-09 09:34:00.140,9.6356
5402,2018-01-09 09:34:00.240,9.6356
5403,2018-01-09 09:34:00.340,9.6356
5404,2018-01-09 09:34:00.440,9.6356
5405,2018-01-09 09:34:00.540,9.20941
5406,2018-01-09 09:34:00.640,9.20941
5407,2018-01-09 09:34:00.740,9.20941
5408,2018-01-09 09:34:00.838,9.20941
5409,2018-01-09 09:34:00.938,9.20941
5410,2018-01-09 09:34:01.038,9.20941
5411,2018-01-09 09:34:01.138,9.20941
5412,2018-01-09 09:34:01.238,9.20941
5413,2018-01-09 09:34:01.338,9.20941
5414,2018-01-09 09:34:01.438,9.20941
5415,2018-01-09 09:34:01.539,8.872164
5416,2018-01-09 09:34:01.639,8.872164
5417,2018-01-09 09:34:01.739,8.872164
5418,2018-01-09 09:34:01.839,8.872164
5419,2018-01-09 09:34:01.939,8.872164
5420,2018-01-09 09:34:02.039,8.872164
5421,2018-01-09 09:34:02.139,8.872164
5422,2018-01-09 09:34:02.239,8.872164
5423,2018-01-09 09:34:02.340,8.872164
5424,2018-01-09 09:34:02.439,8.872164
5425,2018-01-09 09:34:02.539,8.601626
5426,2018-01-09 09:34:02.639,8.601626
5427,2018-01-09 09:34:02.739,8.601626
5428,2018-01-09 09:34:02.839,8.601626
5429,2018-01-09 09:34:02.939,8.601626
5430,2018-01-09 09:34:03.039,8.601626
5431,2018-01-09 09:34:03.139,8.601626
5432,2018-01-09 09:34:03.239,8.601626
5433,2018-01-09 09:34:03.339,8.601626
5434,2018-01-09 09:34:03.439,8.601626
5435,2018-01-09 09:34:03.539,8.475622
5436,2018-01-09 09:34:03.640,8.475622
5437,2018-01-09 09:34:03.740,8.475622
5438,2018-01-09 09:34:03.839,8.475622
5439,2018-01-09 09:34:03.940,8.475622
5440,2018-01-09 09:34:04.039,8.475622
5441,2018-01-09 09:34:04.139,8.475622
5442,2018-01-09 09:34:04.239,8.475622
5443,2018-01-09 09:34:04.340,8.475622
5444,2018-01-09 09:34:04.440,8.475622
5445,2018-01-09 09:34:04.540,8.553448
5446,2018-01-09 09:34:04.640,8.553448
5447,2018-01-09 09:34:04.740,8.553448
5448,2018-01-09 09:34:04.840,8.553448
5449,2018-01-09 09:34:04.940,8.553448
5450,2018-01-09 09:34:05.040,8.553448
5451,2018-01-09 09:34:05.140,8.553448
5452,2018-01-09 09:34:05.240,8.553448
5453,2018-01-09 09:34:05.340,8.553448
5454,2018-01-09 09:34:05.440,8.553448
5455,2018-01-09 09:34:05.540,8.755425
5456,2018-01-09 09:34:05.640,8.755425
5457,2018-01-09 09:34:05.741,8.755425
5458,2018-01-09 09:34:05.838,8.755425
5459,2018-01-09 09:34:05.938,8.755425
5460,2018-01-09 09:34:06.039,8.755425
5461,2018-01-09 09:34:06.138,8.755425
5462,2018-01-09 09:34:06.239,8.755425
5463,2018-01-09 09:34:06.339,8.755425
5464,2018-01-09 09:34:06.438,8.755425
5465,2018-01-09 09:34:06.538,8.961108
5466,2018-01-09 09:34:06.638,8.961108
5467,2018-01-09 09:34:06.738,8.961108
5468,2018-01-09 09:34:06.838,8.961108
5469,2018-01-09 09:34:06.938,8.961108
5470,2018-01-09 09:34:07.038,8.961108
5471,2018-01-09 09:34:07.138,8.961108
5472,2018-01-09 09:34:07.238,8.961108
5473,2018-01-09 09:34:07.338,8.961108
5474,2018-01-09 09:34:07.438,8.961108
5475,2018-01-09 09:34:07.539,9.09823
5476,2018-01-09 09:34:07.639,9.09823
5477,2018-01-09 09:34:07.739,9.09823
5478,2018-01-09 09:34:07.840,9.09823
5479,2018-01-09 09:34:07.939,9.09823
5480,2018-01-09 09:34:08.039,9.09823
5481,2018-01-09 09:34:08.139,9.09823
5482,2018-01-09 09:34:08.239,9.09823
5483,2018-01-09 09:34:08.339,9.09823
5484,2018-01-09 09:34:08.439,9.09823
5485,2018-01-09 09:34:08.539,9.003727
5486,2018-01-09 09:34:08.639,9.003727
5487,2018-01-09 09:34:08.739,9.003727
5488,2018-01-09 09:34:08.839,9.003727
5489,2018-01-09 09:34:08.939,9.003727
5490,2018-01-09 09:34:09.039,9.003727
5491,2018-01-09 09:34:09.139,9.003727
5492,2018-01-09 09:34:09.239,9.003727
5493,2018-01-09 09:34:09.339,9.003727
5494,2018-01-09 09:34:09.439,9.003727
5495,2018-01-09 09:34:09.539,7.1377559999999995
5496,2018-01-09 09:34:09.639,7.1377559999999995
5497,2018-01-09 09:34:09.740,7.1377559999999995
5498,2018-01-09 09:34:09.839,7.1377559999999995
5499,2018-01-09 09:34:09.939,7.1377559999999995
5500,2018-01-09 09:34:10.039,7.1377559999999995
5501,2018-01-09 09:34:10.140,7.1377559999999995
5502,2018-01-09 09:34:10.239,7.1377559999999995
5503,2018-01-09 09:34:10.339,7.1377559999999995
5504,2018-01-09 09:34:10.439,7.1377559999999995
5505,2018-01-09 09:34:10.539,8.666481
5506,2018-01-09 09:34:10.640,8.666481
5507,2018-01-09 09:34:10.740,8.666481
5508,2018-01-09 09:34:10.837,8.666481
5509,2018-01-09 09:34:10.937,8.666481
5510,2018-01-09 09:34:11.037,8.666481
5511,2018-01-09 09:34:11.137,8.666481
5512,2018-01-09 09:34:11.237,8.666481
5513,2018-01-09 09:34:11.337,8.666481
5514,2018-01-09 09:34:11.437,8.666481
5515,2018-01-09 09:34:11.537,8.629421
5516,2018-01-09 09:34:11.637,8.629421
5517,2018-01-09 09:34:11.738,8.629421
5518,2018-01-09 09:34:11.837,8.629421
5519,2018-01-09 09:34:11.937,8.629421
5520,2018-01-09 09:34:12.037,8.629421
5521,2018-01-09 09:34:12.138,8.629421
5522,2018-01-09 09:34:12.237,8.629421
5523,2018-01-09 09:34:12.337,8.629421
5524,2018-01-09 09:34:12.437,8.629421
5525,2018-01-09 09:34:12.537,8.675746
5526,2018-01-09 09:34:12.637,8.675746
5527,2018-01-09 09:34:12.737,8.675746
5528,2018-01-09 09:34:12.837,8.675746
5529,2018-01-09 09:34:12.937,8.675746
5530,2018-01-09 09:34:13.037,8.675746
5531,2018-01-09 09:34:13.137,8.675746
5532,2018-01-09 09:34:13.237,8.675746
5533,2018-01-09 09:34:13.337,8.675746
5534,2018-01-09 09:34:13.437,8.675746
5535,2018-01-09 09:34:13.537,8.740601
5536,2018-01-09 09:34:13.638,8.740601
5537,2018-01-09 09:34:13.738,8.740601
5538,2018-01-09 09:34:13.838,8.740601
5539,2018-01-09 09:34:13.939,8.740601
5540,2018-01-09 09:34:14.038,8.740601
5541,2018-01-09 09:34:14.138,8.740601
5542,2018-01-09 09:34:14.238,8.740601
5543,2018-01-09 09:34:14.339,8.740601
5544,2018-01-09 09:34:14.438,8.740601
5545,2018-01-09 09:34:14.538,8.833250999999997
5546,2018-01-09 09:34:14.638,8.833250999999997
5547,2018-01-09 09:34:14.738,8.833250999999997
5548,2018-01-09 09:34:14.838,8.833250999999997
5549,2018-01-09 09:34:14.938,8.833250999999997
5550,2018-01-09 09:34:15.038,8.833250999999997
5551,2018-01-09 09:34:15.138,8.833250999999997
5552,2018-01-09 09:34:15.238,8.833250999999997
5553,2018-01-09 09:34:15.338,8.833250999999997
5554,2018-01-09 09:34:15.438,8.833250999999997
5555,2018-01-09 09:34:15.538,8.944431
5556,2018-01-09 09:34:15.639,8.944431
5557,2018-01-09 09:34:15.738,8.944431
5558,2018-01-09 09:34:15.837,8.944431
5559,2018-01-09 09:34:15.937,8.944431
5560,2018-01-09 09:34:16.037,8.944431
5561,2018-01-09 09:34:16.137,8.944431
5562,2018-01-09 09:34:16.237,8.944431
5563,2018-01-09 09:34:16.337,8.944431
5564,2018-01-09 09:34:16.437,8.944431
5565,2018-01-09 09:34:16.537,9.018551
5566,2018-01-09 09:34:16.638,9.018551
5567,2018-01-09 09:34:16.738,9.018551
5568,2018-01-09 09:34:16.838,9.018551
5569,2018-01-09 09:34:16.938,9.018551
5570,2018-01-09 09:34:17.038,9.018551
5571,2018-01-09 09:34:17.138,9.018551
5572,2018-01-09 09:34:17.238,9.018551
5573,2018-01-09 09:34:17.338,9.018551
5574,2018-01-09 09:34:17.438,9.018551
5575,2018-01-09 09:34:17.538,9.070435
5576,2018-01-09 09:34:17.638,9.070435
5577,2018-01-09 09:34:17.738,9.070435
5578,2018-01-09 09:34:17.838,9.070435
5579,2018-01-09 09:34:17.938,9.070435
5580,2018-01-09 09:34:18.038,9.070435
5581,2018-01-09 09:34:18.138,9.070435
5582,2018-01-09 09:34:18.238,9.070435
5583,2018-01-09 09:34:18.338,9.070435
5584,2018-01-09 09:34:18.438,9.070435
5585,2018-01-09 09:34:18.538,9.183468
5586,2018-01-09 09:34:18.638,9.183468
5587,2018-01-09 09:34:18.738,9.183468
5588,2018-01-09 09:34:18.838,9.183468
5589,2018-01-09 09:34:18.938,9.183468
5590,2018-01-09 09:34:19.038,9.183468
5591,2018-01-09 09:34:19.138,9.183468
5592,2018-01-09 09:34:19.238,9.183468
5593,2018-01-09 09:34:19.338,9.183468
5594,2018-01-09 09:34:19.438,9.183468
5595,2018-01-09 09:34:19.539,9.272412
5596,2018-01-09 09:34:19.639,9.272412
5597,2018-01-09 09:34:19.739,9.272412
5598,2018-01-09 09:34:19.839,9.272412
5599,2018-01-09 09:34:19.939,9.272412
5600,2018-01-09 09:34:20.039,9.272412
5601,2018-01-09 09:34:20.139,9.272412
5602,2018-01-09 09:34:20.239,9.272412
5603,2018-01-09 09:34:20.339,9.272412
5604,2018-01-09 09:34:20.439,9.272412
5605,2018-01-09 09:34:20.539,9.216822
5606,2018-01-09 09:34:20.639,9.216822
5607,2018-01-09 09:34:20.739,9.216822
5608,2018-01-09 09:34:20.836,9.216822
5609,2018-01-09 09:34:20.936,9.216822
5610,2018-01-09 09:34:21.036,9.216822
5611,2018-01-09 09:34:21.136,9.216822
5612,2018-01-09 09:34:21.236,9.216822
5613,2018-01-09 09:34:21.336,9.216822
5614,2018-01-09 09:34:21.436,9.216822
5615,2018-01-09 09:34:21.536,9.22794
5616,2018-01-09 09:34:21.636,9.22794
5617,2018-01-09 09:34:21.736,9.22794
5618,2018-01-09 09:34:21.837,9.22794
5619,2018-01-09 09:34:21.936,9.22794
5620,2018-01-09 09:34:22.036,9.22794
5621,2018-01-09 09:34:22.136,9.22794
5622,2018-01-09 09:34:22.236,9.22794
5623,2018-01-09 09:34:22.336,9.22794
5624,2018-01-09 09:34:22.437,9.22794
5625,2018-01-09 09:34:22.537,9.15382
5626,2018-01-09 09:34:22.636,9.15382
5627,2018-01-09 09:34:22.737,9.15382
5628,2018-01-09 09:34:22.837,9.15382
5629,2018-01-09 09:34:22.937,9.15382
5630,2018-01-09 09:34:23.037,9.15382
5631,2018-01-09 09:34:23.137,9.15382
5632,2018-01-09 09:34:23.237,9.15382
5633,2018-01-09 09:34:23.337,9.15382
5634,2018-01-09 09:34:23.437,9.15382
5635,2018-01-09 09:34:23.537,9.170497
5636,2018-01-09 09:34:23.637,9.170497
5637,2018-01-09 09:34:23.737,9.170497
5638,2018-01-09 09:34:23.837,9.170497
5639,2018-01-09 09:34:23.937,9.170497
5640,2018-01-09 09:34:24.037,9.170497
5641,2018-01-09 09:34:24.137,9.170497
5642,2018-01-09 09:34:24.237,9.170497
5643,2018-01-09 09:34:24.337,9.170497
5644,2018-01-09 09:34:24.437,9.170497
5645,2018-01-09 09:34:24.537,9.305766
5646,2018-01-09 09:34:24.637,9.305766
5647,2018-01-09 09:34:24.737,9.305766
5648,2018-01-09 09:34:24.837,9.305766
5649,2018-01-09 09:34:24.937,9.305766
5650,2018-01-09 09:34:25.037,9.305766
5651,2018-01-09 09:34:25.137,9.305766
5652,2018-01-09 09:34:25.237,9.305766
5653,2018-01-09 09:34:25.337,9.305766
5654,2018-01-09 09:34:25.437,9.305766
5655,2018-01-09 09:34:25.537,9.526273
5656,2018-01-09 09:34:25.638,9.526273
5657,2018-01-09 09:34:25.738,9.526273
5658,2018-01-09 09:34:25.836,9.526273
5659,2018-01-09 09:34:25.936,9.526273
5660,2018-01-09 09:34:26.036,9.526273
5661,2018-01-09 09:34:26.137,9.526273
5662,2018-01-09 09:34:26.236,9.526273
5663,2018-01-09 09:34:26.336,9.526273
5664,2018-01-09 09:34:26.436,9.526273
5665,2018-01-09 09:34:26.536,9.685631
5666,2018-01-09 09:34:26.636,9.685631
5667,2018-01-09 09:34:26.736,9.685631
5668,2018-01-09 09:34:26.836,9.685631
5669,2018-01-09 09:34:26.936,9.685631
5670,2018-01-09 09:34:27.036,9.685631
5671,2018-01-09 09:34:27.136,9.685631
5672,2018-01-09 09:34:27.236,9.685631
5673,2018-01-09 09:34:27.336,9.685631
5674,2018-01-09 09:34:27.436,9.685631
5675,2018-01-09 09:34:27.536,9.644865
5676,2018-01-09 09:34:27.636,9.644865
5677,2018-01-09 09:34:27.736,9.644865
5678,2018-01-09 09:34:27.836,9.644865
5679,2018-01-09 09:34:27.936,9.644865
5680,2018-01-09 09:34:28.036,9.644865
5681,2018-01-09 09:34:28.136,9.644865
5682,2018-01-09 09:34:28.236,9.644865
5683,2018-01-09 09:34:28.336,9.644865
5684,2018-01-09 09:34:28.436,9.644865
5685,2018-01-09 09:34:28.536,9.474389
5686,2018-01-09 09:34:28.637,9.474389
5687,2018-01-09 09:34:28.737,9.474389
5688,2018-01-09 09:34:28.837,9.474389
5689,2018-01-09 09:34:28.937,9.474389
5690,2018-01-09 09:34:29.037,9.474389
5691,2018-01-09 09:34:29.137,9.474389
5692,2018-01-09 09:34:29.237,9.474389
5693,2018-01-09 09:34:29.337,9.474389
5694,2018-01-09 09:34:29.437,9.474389
5695,2018-01-09 09:34:29.537,9.218675
5696,2018-01-09 09:34:29.637,9.218675
5697,2018-01-09 09:34:29.737,9.218675
5698,2018-01-09 09:34:29.837,9.218675
5699,2018-01-09 09:34:29.937,9.218675
5700,2018-01-09 09:34:30.037,9.218675
5701,2018-01-09 09:34:30.137,9.218675
5702,2018-01-09 09:34:30.237,9.218675
5703,2018-01-09 09:34:30.337,9.218675
5704,2018-01-09 09:34:30.437,9.218675
5705,2018-01-09 09:34:30.537,9.118613
5706,2018-01-09 09:34:30.637,9.118613
5707,2018-01-09 09:34:30.737,9.118613
5708,2018-01-09 09:34:30.835,9.118613
5709,2018-01-09 09:34:30.935,9.118613
5710,2018-01-09 09:34:31.035,9.118613
5711,2018-01-09 09:34:31.135,9.118613
5712,2018-01-09 09:34:31.235,9.118613
5713,2018-01-09 09:34:31.335,9.118613
5714,2018-01-09 09:34:31.435,9.118613
5715,2018-01-09 09:34:31.535,9.144555
5716,2018-01-09 09:34:31.635,9.144555
5717,2018-01-09 09:34:31.735,9.144555
5718,2018-01-09 09:34:31.837,9.144555
5719,2018-01-09 09:34:31.936,9.144555
5720,2018-01-09 09:34:32.036,9.144555
5721,2018-01-09 09:34:32.136,9.144555
5722,2018-01-09 09:34:32.237,9.144555
5723,2018-01-09 09:34:32.336,9.144555
5724,2018-01-09 09:34:32.436,9.144555
5725,2018-01-09 09:34:32.537,9.252029
5726,2018-01-09 09:34:32.636,9.252029
5727,2018-01-09 09:34:32.736,9.252029
5728,2018-01-09 09:34:32.836,9.252029
5729,2018-01-09 09:34:32.936,9.252029
5730,2018-01-09 09:34:33.036,9.252029
5731,2018-01-09 09:34:33.136,9.252029
5732,2018-01-09 09:34:33.236,9.252029
5733,2018-01-09 09:34:33.336,9.252029
5734,2018-01-09 09:34:33.436,9.252029
5735,2018-01-09 09:34:33.536,8.00496
5736,2018-01-09 09:34:33.636,8.00496
5737,2018-01-09 09:34:33.737,8.00496
5738,2018-01-09 09:34:33.836,8.00496
5739,2018-01-09 09:34:33.936,8.00496
5740,2018-01-09 09:34:34.037,8.00496
5741,2018-01-09 09:34:34.136,8.00496
5742,2018-01-09 09:34:34.237,8.00496
5743,2018-01-09 09:34:34.337,8.00496
5744,2018-01-09 09:34:34.437,8.00496
5745,2018-01-09 09:34:34.537,9.698602
5746,2018-01-09 09:34:34.637,9.698602
5747,2018-01-09 09:34:34.736,9.698602
5748,2018-01-09 09:34:34.837,9.698602
5749,2018-01-09 09:34:34.937,9.698602
5750,2018-01-09 09:34:35.037,9.698602
5751,2018-01-09 09:34:35.137,9.698602
5752,2018-01-09 09:34:35.237,9.698602
5753,2018-01-09 09:34:35.337,9.698602
5754,2018-01-09 09:34:35.437,9.698602
5755,2018-01-09 09:34:35.537,9.811635
5756,2018-01-09 09:34:35.637,9.811635
5757,2018-01-09 09:34:35.737,9.811635
5758,2018-01-09 09:34:35.835,9.811635
5759,2018-01-09 09:34:35.935,9.811635
5760,2018-01-09 09:34:36.035,9.811635
5761,2018-01-09 09:34:36.135,9.811635
5762,2018-01-09 09:34:36.235,9.811635
5763,2018-01-09 09:34:36.335,9.811635
5764,2018-01-09 09:34:36.435,9.811635
5765,2018-01-09 09:34:36.535,9.78384
5766,2018-01-09 09:34:36.635,9.78384
5767,2018-01-09 09:34:36.735,9.78384
5768,2018-01-09 09:34:36.835,9.78384
5769,2018-01-09 09:34:36.935,9.78384
5770,2018-01-09 09:34:37.035,9.78384
5771,2018-01-09 09:34:37.135,9.78384
5772,2018-01-09 09:34:37.235,9.78384
5773,2018-01-09 09:34:37.335,9.78384
5774,2018-01-09 09:34:37.435,9.78384
5775,2018-01-09 09:34:37.535,9.674513
5776,2018-01-09 09:34:37.636,9.674513
5777,2018-01-09 09:34:37.736,9.674513
5778,2018-01-09 09:34:37.836,9.674513
5779,2018-01-09 09:34:37.936,9.674513
5780,2018-01-09 09:34:38.036,9.674513
5781,2018-01-09 09:34:38.136,9.674513
5782,2018-01-09 09:34:38.236,9.674513
5783,2018-01-09 09:34:38.336,9.674513
5784,2018-01-09 09:34:38.436,9.674513
5785,2018-01-09 09:34:38.536,9.476242
5786,2018-01-09 09:34:38.636,9.476242
5787,2018-01-09 09:34:38.736,9.476242
5788,2018-01-09 09:34:38.836,9.476242
5789,2018-01-09 09:34:38.936,9.476242
5790,2018-01-09 09:34:39.036,9.476242
5791,2018-01-09 09:34:39.136,9.476242
5792,2018-01-09 09:34:39.236,9.476242
5793,2018-01-09 09:34:39.336,9.476242
5794,2018-01-09 09:34:39.436,9.476242
5795,2018-01-09 09:34:39.536,9.316884
5796,2018-01-09 09:34:39.636,9.316884
5797,2018-01-09 09:34:39.736,9.316884
5798,2018-01-09 09:34:39.836,9.316884
5799,2018-01-09 09:34:39.936,9.316884
5800,2018-01-09 09:34:40.036,9.316884
5801,2018-01-09 09:34:40.136,9.316884
5802,2018-01-09 09:34:40.236,9.316884
5803,2018-01-09 09:34:40.336,9.316884
5804,2018-01-09 09:34:40.436,9.316884
5805,2018-01-09 09:34:40.536,9.350238
5806,2018-01-09 09:34:40.636,9.350238
5807,2018-01-09 09:34:40.736,9.350238
5808,2018-01-09 09:34:40.835,9.350238
5809,2018-01-09 09:34:40.935,9.350238
5810,2018-01-09 09:34:41.035,9.350238
5811,2018-01-09 09:34:41.135,9.350238
5812,2018-01-09 09:34:41.235,9.350238
5813,2018-01-09 09:34:41.335,9.350238
5814,2018-01-09 09:34:41.435,9.350238
5815,2018-01-09 09:34:41.535,9.463271
5816,2018-01-09 09:34:41.635,9.463271
5817,2018-01-09 09:34:41.735,9.463271
5818,2018-01-09 09:34:41.835,9.463271
5819,2018-01-09 09:34:41.936,9.463271
5820,2018-01-09 09:34:42.036,9.463271
5821,2018-01-09 09:34:42.135,9.463271
5822,2018-01-09 09:34:42.236,9.463271
5823,2018-01-09 09:34:42.335,9.463271
5824,2018-01-09 09:34:42.436,9.463271
5825,2018-01-09 09:34:42.535,9.667101
5826,2018-01-09 09:34:42.635,9.667101
5827,2018-01-09 09:34:42.735,9.667101
5828,2018-01-09 09:34:42.835,9.667101
5829,2018-01-09 09:34:42.935,9.667101
5830,2018-01-09 09:34:43.035,9.667101
5831,2018-01-09 09:34:43.135,9.667101
5832,2018-01-09 09:34:43.235,9.667101
5833,2018-01-09 09:34:43.335,9.667101
5834,2018-01-09 09:34:43.435,9.667101
5835,2018-01-09 09:34:43.535,9.89502
5836,2018-01-09 09:34:43.635,9.89502
5837,2018-01-09 09:34:43.736,9.89502
5838,2018-01-09 09:34:43.836,9.89502
5839,2018-01-09 09:34:43.937,9.89502
5840,2018-01-09 09:34:44.036,9.89502
5841,2018-01-09 09:34:44.137,9.89502
5842,2018-01-09 09:34:44.236,9.89502
5843,2018-01-09 09:34:44.336,9.89502
5844,2018-01-09 09:34:44.437,9.89502
5845,2018-01-09 09:34:44.536,10.03214
5846,2018-01-09 09:34:44.636,10.03214
5847,2018-01-09 09:34:44.736,10.03214
5848,2018-01-09 09:34:44.836,10.03214
5849,2018-01-09 09:34:44.936,10.03214
5850,2018-01-09 09:34:45.036,10.03214
5851,2018-01-09 09:34:45.136,10.03214
5852,2018-01-09 09:34:45.236,10.03214
5853,2018-01-09 09:34:45.336,10.03214
5854,2018-01-09 09:34:45.436,10.03214
5855,2018-01-09 09:34:45.536,10.11367
5856,2018-01-09 09:34:45.636,10.11367
5857,2018-01-09 09:34:45.736,10.11367
5858,2018-01-09 09:34:45.834,10.11367
5859,2018-01-09 09:34:45.934,10.11367
5860,2018-01-09 09:34:46.034,10.11367
5861,2018-01-09 09:34:46.134,10.11367
5862,2018-01-09 09:34:46.234,10.11367
5863,2018-01-09 09:34:46.334,10.11367
5864,2018-01-09 09:34:46.434,10.11367
5865,2018-01-09 09:34:46.534,10.16741
5866,2018-01-09 09:34:46.634,10.16741
5867,2018-01-09 09:34:46.735,10.16741
5868,2018-01-09 09:34:46.835,10.16741
5869,2018-01-09 09:34:46.935,10.16741
5870,2018-01-09 09:34:47.035,10.16741
5871,2018-01-09 09:34:47.135,10.16741
5872,2018-01-09 09:34:47.235,10.16741
5873,2018-01-09 09:34:47.335,10.16741
5874,2018-01-09 09:34:47.435,10.16741
5875,2018-01-09 09:34:47.535,10.21003
5876,2018-01-09 09:34:47.635,10.21003
5877,2018-01-09 09:34:47.735,10.21003
5878,2018-01-09 09:34:47.835,10.21003
5879,2018-01-09 09:34:47.935,10.21003
5880,2018-01-09 09:34:48.035,10.21003
5881,2018-01-09 09:34:48.135,10.21003
5882,2018-01-09 09:34:48.235,10.21003
5883,2018-01-09 09:34:48.335,10.21003
5884,2018-01-09 09:34:48.435,10.21003
5885,2018-01-09 09:34:48.535,10.21374
5886,2018-01-09 09:34:48.635,10.21374
5887,2018-01-09 09:34:48.735,10.21374
5888,2018-01-09 09:34:48.835,10.21374
5889,2018-01-09 09:34:48.935,10.21374
5890,2018-01-09 09:34:49.035,10.21374
5891,2018-01-09 09:34:49.135,10.21374
5892,2018-01-09 09:34:49.235,10.21374
5893,2018-01-09 09:34:49.335,10.21374
5894,2018-01-09 09:34:49.435,10.21374
5895,2018-01-09 09:34:49.535,10.21188
5896,2018-01-09 09:34:49.636,10.21188
5897,2018-01-09 09:34:49.735,10.21188
5898,2018-01-09 09:34:49.835,10.21188
5899,2018-01-09 09:34:49.936,10.21188
5900,2018-01-09 09:34:50.036,10.21188
5901,2018-01-09 09:34:50.136,10.21188
5902,2018-01-09 09:34:50.236,10.21188
5903,2018-01-09 09:34:50.336,10.21188
5904,2018-01-09 09:34:50.436,10.21188
5905,2018-01-09 09:34:50.536,10.27674
5906,2018-01-09 09:34:50.636,10.27674
5907,2018-01-09 09:34:50.735,10.27674
5908,2018-01-09 09:34:50.834,10.27674
5909,2018-01-09 09:34:50.934,10.27674
5910,2018-01-09 09:34:51.034,10.27674
5911,2018-01-09 09:34:51.134,10.27674
5912,2018-01-09 09:34:51.234,10.27674
5913,2018-01-09 09:34:51.334,10.27674
5914,2018-01-09 09:34:51.434,10.27674
5915,2018-01-09 09:34:51.534,10.349
5916,2018-01-09 09:34:51.634,10.349
5917,2018-01-09 09:34:51.735,10.349
5918,2018-01-09 09:34:51.834,10.349
5919,2018-01-09 09:34:51.934,10.349
5920,2018-01-09 09:34:52.035,10.349
5921,2018-01-09 09:34:52.134,10.349
5922,2018-01-09 09:34:52.234,10.349
5923,2018-01-09 09:34:52.335,10.349
5924,2018-01-09 09:34:52.434,10.349
5925,2018-01-09 09:34:52.534,10.48242
5926,2018-01-09 09:34:52.635,10.48242
5927,2018-01-09 09:34:52.735,10.48242
5928,2018-01-09 09:34:52.835,10.48242
5929,2018-01-09 09:34:52.935,10.48242
5930,2018-01-09 09:34:53.035,10.48242
5931,2018-01-09 09:34:53.135,10.48242
5932,2018-01-09 09:34:53.235,10.48242
5933,2018-01-09 09:34:53.335,10.48242
5934,2018-01-09 09:34:53.435,10.48242
5935,2018-01-09 09:34:53.535,10.64363
5936,2018-01-09 09:34:53.635,10.64363
5937,2018-01-09 09:34:53.736,10.64363
5938,2018-01-09 09:34:53.836,10.64363
5939,2018-01-09 09:34:53.935,10.64363
5940,2018-01-09 09:34:54.036,10.64363
5941,2018-01-09 09:34:54.135,10.64363
5942,2018-01-09 09:34:54.235,10.64363
5943,2018-01-09 09:34:54.335,10.64363
5944,2018-01-09 09:34:54.435,10.64363
5945,2018-01-09 09:34:54.536,10.89008
5946,2018-01-09 09:34:54.635,10.89008
5947,2018-01-09 09:34:54.735,10.89008
5948,2018-01-09 09:34:54.835,10.89008
5949,2018-01-09 09:34:54.935,10.89008
5950,2018-01-09 09:34:55.035,10.89008
5951,2018-01-09 09:34:55.135,10.89008
5952,2018-01-09 09:34:55.235,10.89008
5953,2018-01-09 09:34:55.335,10.89008
5954,2018-01-09 09:34:55.435,10.89008
5955,2018-01-09 09:34:55.535,11.23289
5956,2018-01-09 09:34:55.635,11.23289
5957,2018-01-09 09:34:55.734,11.23289
5958,2018-01-09 09:34:55.834,11.23289
5959,2018-01-09 09:34:55.934,11.23289
5960,2018-01-09 09:34:56.034,11.23289
5961,2018-01-09 09:34:56.135,11.23289
5962,2018-01-09 09:34:56.235,11.23289
5963,2018-01-09 09:34:56.335,11.23289
5964,2018-01-09 09:34:56.434,11.23289
5965,2018-01-09 09:34:56.534,11.53678
5966,2018-01-09 09:34:56.634,11.53678
5967,2018-01-09 09:34:56.734,11.53678
5968,2018-01-09 09:34:56.834,11.53678
5969,2018-01-09 09:34:56.934,11.53678
5970,2018-01-09 09:34:57.034,11.53678
5971,2018-01-09 09:34:57.134,11.53678
5972,2018-01-09 09:34:57.234,11.53678
5973,2018-01-09 09:34:57.334,11.53678
5974,2018-01-09 09:34:57.434,11.53678
5975,2018-01-09 09:34:57.534,11.63313
5976,2018-01-09 09:34:57.634,11.63313
5977,2018-01-09 09:34:57.734,11.63313
5978,2018-01-09 09:34:57.834,11.63313
5979,2018-01-09 09:34:57.934,11.63313
5980,2018-01-09 09:34:58.035,11.63313
5981,2018-01-09 09:34:58.134,11.63313
5982,2018-01-09 09:34:58.234,11.63313
5983,2018-01-09 09:34:58.334,11.63313
5984,2018-01-09 09:34:58.435,11.63313
5985,2018-01-09 09:34:58.535,11.4886
5986,2018-01-09 09:34:58.634,11.4886
5987,2018-01-09 09:34:58.734,11.4886
5988,2018-01-09 09:34:58.834,11.4886
5989,2018-01-09 09:34:58.935,11.4886
5990,2018-01-09 09:34:59.035,11.4886
5991,2018-01-09 09:34:59.135,11.4886
5992,2018-01-09 09:34:59.235,11.4886
5993,2018-01-09 09:34:59.335,11.4886
5994,2018-01-09 09:34:59.435,11.4886
5995,2018-01-09 09:34:59.535,11.4256
5996,2018-01-09 09:34:59.635,11.4256
5997,2018-01-09 09:34:59.735,11.4256
5998,2018-01-09 09:34:59.836,11.4256
5999,2018-01-09 09:34:59.935,11.4256
6000,2018-01-09 09:35:00.036,11.4256
6001,2018-01-09 09:35:00.135,11.4256
6002,2018-01-09 09:35:00.235,11.4256
6003,2018-01-09 09:35:00.335,11.4256
6004,2018-01-09 09:35:00.435,11.4256
6005,2018-01-09 09:35:00.535,11.50528
6006,2018-01-09 09:35:00.636,11.50528
6007,2018-01-09 09:35:00.733,11.50528
6008,2018-01-09 09:35:00.833,11.50528
6009,2018-01-09 09:35:00.933,11.50528
6010,2018-01-09 09:35:01.033,11.50528
6011,2018-01-09 09:35:01.133,11.50528
6012,2018-01-09 09:35:01.233,11.50528
6013,2018-01-09 09:35:01.333,11.50528
6014,2018-01-09 09:35:01.433,11.50528
6015,2018-01-09 09:35:01.533,11.84808
6016,2018-01-09 09:35:01.633,11.84808
6017,2018-01-09 09:35:01.733,11.84808
6018,2018-01-09 09:35:01.834,11.84808
6019,2018-01-09 09:35:01.934,11.84808
6020,2018-01-09 09:35:02.034,11.84808
6021,2018-01-09 09:35:02.134,11.84808
6022,2018-01-09 09:35:02.234,11.84808
6023,2018-01-09 09:35:02.335,11.84808
6024,2018-01-09 09:35:02.434,11.84808
6025,2018-01-09 09:35:02.534,12.15197
6026,2018-01-09 09:35:02.634,12.15197
6027,2018-01-09 09:35:02.734,12.15197
6028,2018-01-09 09:35:02.834,12.15197
6029,2018-01-09 09:35:02.934,12.15197
6030,2018-01-09 09:35:03.034,12.15197
6031,2018-01-09 09:35:03.134,12.15197
6032,2018-01-09 09:35:03.234,12.15197
6033,2018-01-09 09:35:03.334,12.15197
6034,2018-01-09 09:35:03.434,12.15197
6035,2018-01-09 09:35:03.534,12.20571
6036,2018-01-09 09:35:03.634,12.20571
6037,2018-01-09 09:35:03.734,12.20571
6038,2018-01-09 09:35:03.834,12.20571
6039,2018-01-09 09:35:03.934,12.20571
6040,2018-01-09 09:35:04.035,12.20571
6041,2018-01-09 09:35:04.135,12.20571
6042,2018-01-09 09:35:04.234,12.20571
6043,2018-01-09 09:35:04.334,12.20571
6044,2018-01-09 09:35:04.435,12.20571
6045,2018-01-09 09:35:04.534,12.11121
6046,2018-01-09 09:35:04.634,12.11121
6047,2018-01-09 09:35:04.735,12.11121
6048,2018-01-09 09:35:04.835,12.11121
6049,2018-01-09 09:35:04.934,12.11121
6050,2018-01-09 09:35:05.035,12.11121
6051,2018-01-09 09:35:05.135,12.11121
6052,2018-01-09 09:35:05.235,12.11121
6053,2018-01-09 09:35:05.335,12.11121
6054,2018-01-09 09:35:05.435,12.11121
6055,2018-01-09 09:35:05.535,11.95741
6056,2018-01-09 09:35:05.635,11.95741
6057,2018-01-09 09:35:05.733,11.95741
6058,2018-01-09 09:35:05.833,11.95741
6059,2018-01-09 09:35:05.934,11.95741
6060,2018-01-09 09:35:06.034,11.95741
6061,2018-01-09 09:35:06.134,11.95741
6062,2018-01-09 09:35:06.233,11.95741
6063,2018-01-09 09:35:06.333,11.95741
6064,2018-01-09 09:35:06.434,11.95741
6065,2018-01-09 09:35:06.533,11.79805
6066,2018-01-09 09:35:06.633,11.79805
6067,2018-01-09 09:35:06.734,11.79805
6068,2018-01-09 09:35:06.833,11.79805
6069,2018-01-09 09:35:06.933,11.79805
6070,2018-01-09 09:35:07.033,11.79805
6071,2018-01-09 09:35:07.133,11.79805
6072,2018-01-09 09:35:07.233,11.79805
6073,2018-01-09 09:35:07.333,11.79805
6074,2018-01-09 09:35:07.433,11.79805
6075,2018-01-09 09:35:07.533,11.59237
6076,2018-01-09 09:35:07.633,11.59237
6077,2018-01-09 09:35:07.733,11.59237
6078,2018-01-09 09:35:07.834,11.59237
6079,2018-01-09 09:35:07.935,11.59237
6080,2018-01-09 09:35:08.035,11.59237
6081,2018-01-09 09:35:08.134,11.59237
6082,2018-01-09 09:35:08.234,11.59237
6083,2018-01-09 09:35:08.335,11.59237
6084,2018-01-09 09:35:08.435,11.59237
6085,2018-01-09 09:35:08.534,11.39224
6086,2018-01-09 09:35:08.635,11.39224
6087,2018-01-09 09:35:08.734,11.39224
6088,2018-01-09 09:35:08.834,11.39224
6089,2018-01-09 09:35:08.934,11.39224
6090,2018-01-09 09:35:09.034,11.39224
6091,2018-01-09 09:35:09.134,11.39224
6092,2018-01-09 09:35:09.234,11.39224
6093,2018-01-09 09:35:09.334,11.39224
6094,2018-01-09 09:35:09.434,11.39224
6095,2018-01-09 09:35:09.534,11.35333
6096,2018-01-09 09:35:09.634,11.35333
6097,2018-01-09 09:35:09.734,11.35333
6098,2018-01-09 09:35:09.834,11.35333
6099,2018-01-09 09:35:09.934,11.35333
6100,2018-01-09 09:35:10.034,11.35333
6101,2018-01-09 09:35:10.134,11.35333
6102,2018-01-09 09:35:10.234,11.35333
6103,2018-01-09 09:35:10.334,11.35333
6104,2018-01-09 09:35:10.434,11.35333
6105,2018-01-09 09:35:10.535,11.41633
6106,2018-01-09 09:35:10.634,11.41633
6107,2018-01-09 09:35:10.732,11.41633
6108,2018-01-09 09:35:10.833,11.41633
6109,2018-01-09 09:35:10.933,11.41633
6110,2018-01-09 09:35:11.033,11.41633
6111,2018-01-09 09:35:11.133,11.41633
6112,2018-01-09 09:35:11.233,11.41633
6113,2018-01-09 09:35:11.333,11.41633
6114,2018-01-09 09:35:11.433,11.41633
6115,2018-01-09 09:35:11.533,11.5794
6116,2018-01-09 09:35:11.633,11.5794
6117,2018-01-09 09:35:11.733,11.5794
6118,2018-01-09 09:35:11.833,11.5794
6119,2018-01-09 09:35:11.933,11.5794
6120,2018-01-09 09:35:12.034,11.5794
6121,2018-01-09 09:35:12.133,11.5794
6122,2018-01-09 09:35:12.233,11.5794
6123,2018-01-09 09:35:12.334,11.5794
6124,2018-01-09 09:35:12.434,11.5794
6125,2018-01-09 09:35:12.533,11.8314
6126,2018-01-09 09:35:12.634,11.8314
6127,2018-01-09 09:35:12.733,11.8314
6128,2018-01-09 09:35:12.833,11.8314
6129,2018-01-09 09:35:12.933,11.8314
6130,2018-01-09 09:35:13.033,11.8314
6131,2018-01-09 09:35:13.133,11.8314
6132,2018-01-09 09:35:13.233,11.8314
6133,2018-01-09 09:35:13.333,11.8314
6134,2018-01-09 09:35:13.433,11.8314
6135,2018-01-09 09:35:13.533,11.91294
6136,2018-01-09 09:35:13.633,11.91294
6137,2018-01-09 09:35:13.733,11.91294
6138,2018-01-09 09:35:13.833,11.91294
6139,2018-01-09 09:35:13.934,11.91294
6140,2018-01-09 09:35:14.033,11.91294
6141,2018-01-09 09:35:14.134,11.91294
6142,2018-01-09 09:35:14.234,11.91294
6143,2018-01-09 09:35:14.335,11.91294
6144,2018-01-09 09:35:14.434,11.91294
6145,2018-01-09 09:35:14.534,11.95926
6146,2018-01-09 09:35:14.635,11.95926
6147,2018-01-09 09:35:14.734,11.95926
6148,2018-01-09 09:35:14.834,11.95926
6149,2018-01-09 09:35:14.934,11.95926
6150,2018-01-09 09:35:15.034,11.95926
6151,2018-01-09 09:35:15.134,11.95926
6152,2018-01-09 09:35:15.234,11.95926
6153,2018-01-09 09:35:15.334,11.95926
6154,2018-01-09 09:35:15.434,11.95926
6155,2018-01-09 09:35:15.534,11.88885
6156,2018-01-09 09:35:15.634,11.88885
6157,2018-01-09 09:35:15.732,11.88885
6158,2018-01-09 09:35:15.832,11.88885
6159,2018-01-09 09:35:15.932,11.88885
6160,2018-01-09 09:35:16.032,11.88885
6161,2018-01-09 09:35:16.132,11.88885
6162,2018-01-09 09:35:16.232,11.88885
6163,2018-01-09 09:35:16.333,11.88885
6164,2018-01-09 09:35:16.432,11.88885
6165,2018-01-09 09:35:16.532,11.887
6166,2018-01-09 09:35:16.633,11.887
6167,2018-01-09 09:35:16.732,11.887
6168,2018-01-09 09:35:16.832,11.887
6169,2018-01-09 09:35:16.933,11.887
6170,2018-01-09 09:35:17.033,11.887
6171,2018-01-09 09:35:17.133,11.887
6172,2018-01-09 09:35:17.233,11.887
6173,2018-01-09 09:35:17.333,11.887
6174,2018-01-09 09:35:17.433,11.887
6175,2018-01-09 09:35:17.533,11.84438
6176,2018-01-09 09:35:17.633,11.84438
6177,2018-01-09 09:35:17.733,11.84438
6178,2018-01-09 09:35:17.834,11.84438
6179,2018-01-09 09:35:17.933,11.84438
6180,2018-01-09 09:35:18.033,11.84438
6181,2018-01-09 09:35:18.133,11.84438
6182,2018-01-09 09:35:18.233,11.84438
6183,2018-01-09 09:35:18.333,11.84438
6184,2018-01-09 09:35:18.433,11.84438
6185,2018-01-09 09:35:18.533,11.82399
6186,2018-01-09 09:35:18.634,11.82399
6187,2018-01-09 09:35:18.733,11.82399
6188,2018-01-09 09:35:18.833,11.82399
6189,2018-01-09 09:35:18.933,11.82399
6190,2018-01-09 09:35:19.033,11.82399
6191,2018-01-09 09:35:19.133,11.82399
6192,2018-01-09 09:35:19.233,11.82399
6193,2018-01-09 09:35:19.333,11.82399
6194,2018-01-09 09:35:19.433,11.82399
6195,2018-01-09 09:35:19.533,11.92776
6196,2018-01-09 09:35:19.633,11.92776
6197,2018-01-09 09:35:19.733,11.92776
6198,2018-01-09 09:35:19.834,11.92776
6199,2018-01-09 09:35:19.934,11.92776
6200,2018-01-09 09:35:20.034,11.92776
6201,2018-01-09 09:35:20.134,11.92776
6202,2018-01-09 09:35:20.234,11.92776
6203,2018-01-09 09:35:20.334,11.92776
6204,2018-01-09 09:35:20.434,11.92776
6205,2018-01-09 09:35:20.534,12.14271
6206,2018-01-09 09:35:20.635,12.14271
6207,2018-01-09 09:35:20.732,12.14271
6208,2018-01-09 09:35:20.832,12.14271
6209,2018-01-09 09:35:20.932,12.14271
6210,2018-01-09 09:35:21.032,12.14271
6211,2018-01-09 09:35:21.132,12.14271
6212,2018-01-09 09:35:21.232,12.14271
6213,2018-01-09 09:35:21.332,12.14271
6214,2018-01-09 09:35:21.432,12.14271
6215,2018-01-09 09:35:21.532,12.33542
6216,2018-01-09 09:35:21.632,12.33542
6217,2018-01-09 09:35:21.732,12.33542
6218,2018-01-09 09:35:21.832,12.33542
6219,2018-01-09 09:35:21.932,12.33542
6220,2018-01-09 09:35:22.032,12.33542
6221,2018-01-09 09:35:22.132,12.33542
6222,2018-01-09 09:35:22.232,12.33542
6223,2018-01-09 09:35:22.333,12.33542
6224,2018-01-09 09:35:22.432,12.33542
6225,2018-01-09 09:35:22.532,12.43178
6226,2018-01-09 09:35:22.632,12.43178
6227,2018-01-09 09:35:22.732,12.43178
6228,2018-01-09 09:35:22.832,12.43178
6229,2018-01-09 09:35:22.932,12.43178
6230,2018-01-09 09:35:23.033,12.43178
6231,2018-01-09 09:35:23.133,12.43178
6232,2018-01-09 09:35:23.233,12.43178
6233,2018-01-09 09:35:23.333,12.43178
6234,2018-01-09 09:35:23.433,12.43178
6235,2018-01-09 09:35:23.533,12.40028
6236,2018-01-09 09:35:23.633,12.40028
6237,2018-01-09 09:35:23.733,12.40028
6238,2018-01-09 09:35:23.833,12.40028
6239,2018-01-09 09:35:23.933,12.40028
6240,2018-01-09 09:35:24.033,12.40028
6241,2018-01-09 09:35:24.133,12.40028
6242,2018-01-09 09:35:24.233,12.40028
6243,2018-01-09 09:35:24.333,12.40028
6244,2018-01-09 09:35:24.433,12.40028
6245,2018-01-09 09:35:24.533,12.23165
6246,2018-01-09 09:35:24.633,12.23165
6247,2018-01-09 09:35:24.733,12.23165
6248,2018-01-09 09:35:24.833,12.23165
6249,2018-01-09 09:35:24.933,12.23165
6250,2018-01-09 09:35:25.033,12.23165
6251,2018-01-09 09:35:25.133,12.23165
6252,2018-01-09 09:35:25.233,12.23165
6253,2018-01-09 09:35:25.333,12.23165
6254,2018-01-09 09:35:25.433,12.23165
6255,2018-01-09 09:35:25.533,12.11306
6256,2018-01-09 09:35:25.633,12.11306
6257,2018-01-09 09:35:25.731,12.11306
6258,2018-01-09 09:35:25.831,12.11306
6259,2018-01-09 09:35:25.932,12.11306
6260,2018-01-09 09:35:26.032,12.11306
6261,2018-01-09 09:35:26.133,12.11306
6262,2018-01-09 09:35:26.232,12.11306
6263,2018-01-09 09:35:26.332,12.11306
6264,2018-01-09 09:35:26.433,12.11306
6265,2018-01-09 09:35:26.532,12.12233
6266,2018-01-09 09:35:26.633,12.12233
6267,2018-01-09 09:35:26.732,12.12233
6268,2018-01-09 09:35:26.832,12.12233
6269,2018-01-09 09:35:26.932,12.12233
6270,2018-01-09 09:35:27.032,12.12233
6271,2018-01-09 09:35:27.132,12.12233
6272,2018-01-09 09:35:27.232,12.12233
6273,2018-01-09 09:35:27.332,12.12233
6274,2018-01-09 09:35:27.432,12.12233
6275,2018-01-09 09:35:27.532,12.38545
6276,2018-01-09 09:35:27.632,12.38545
6277,2018-01-09 09:35:27.732,12.38545
6278,2018-01-09 09:35:27.832,12.38545
6279,2018-01-09 09:35:27.933,12.38545
6280,2018-01-09 09:35:28.033,12.38545
6281,2018-01-09 09:35:28.133,12.38545
6282,2018-01-09 09:35:28.232,12.38545
6283,2018-01-09 09:35:28.333,12.38545
6284,2018-01-09 09:35:28.433,12.38545
6285,2018-01-09 09:35:28.532,12.77088
6286,2018-01-09 09:35:28.632,12.77088
6287,2018-01-09 09:35:28.732,12.77088
6288,2018-01-09 09:35:28.832,12.77088
6289,2018-01-09 09:35:28.933,12.77088
6290,2018-01-09 09:35:29.033,12.77088
6291,2018-01-09 09:35:29.133,12.77088
6292,2018-01-09 09:35:29.233,12.77088
6293,2018-01-09 09:35:29.333,12.77088
6294,2018-01-09 09:35:29.433,12.77088
6295,2018-01-09 09:35:29.533,13.16927
6296,2018-01-09 09:35:29.633,13.16927
6297,2018-01-09 09:35:29.734,13.16927
6298,2018-01-09 09:35:29.833,13.16927
6299,2018-01-09 09:35:29.933,13.16927
6300,2018-01-09 09:35:30.033,13.16927
6301,2018-01-09 09:35:30.133,13.16927
6302,2018-01-09 09:35:30.234,13.16927
6303,2018-01-09 09:35:30.334,13.16927
6304,2018-01-09 09:35:30.433,13.16927
6305,2018-01-09 09:35:30.534,13.42128
6306,2018-01-09 09:35:30.633,13.42128
6307,2018-01-09 09:35:30.731,13.42128
6308,2018-01-09 09:35:30.831,13.42128
6309,2018-01-09 09:35:30.931,13.42128
6310,2018-01-09 09:35:31.031,13.42128
6311,2018-01-09 09:35:31.131,13.42128
6312,2018-01-09 09:35:31.231,13.42128
6313,2018-01-09 09:35:31.331,13.42128
6314,2018-01-09 09:35:31.431,13.42128
6315,2018-01-09 09:35:31.531,13.43796
6316,2018-01-09 09:35:31.631,13.43796
6317,2018-01-09 09:35:31.731,13.43796
6318,2018-01-09 09:35:31.831,13.43796
6319,2018-01-09 09:35:31.932,13.43796
6320,2018-01-09 09:35:32.032,13.43796
6321,2018-01-09 09:35:32.132,13.43796
6322,2018-01-09 09:35:32.232,13.43796
6323,2018-01-09 09:35:32.333,13.43796
6324,2018-01-09 09:35:32.432,13.43796
6325,2018-01-09 09:35:32.532,13.1841
6326,2018-01-09 09:35:32.633,13.1841
6327,2018-01-09 09:35:32.732,13.1841
6328,2018-01-09 09:35:32.832,13.1841
6329,2018-01-09 09:35:32.932,13.1841
6330,2018-01-09 09:35:33.032,13.1841
6331,2018-01-09 09:35:33.132,13.1841
6332,2018-01-09 09:35:33.232,13.1841
6333,2018-01-09 09:35:33.332,13.1841
6334,2018-01-09 09:35:33.432,13.1841
6335,2018-01-09 09:35:33.532,12.70602
6336,2018-01-09 09:35:33.632,12.70602
6337,2018-01-09 09:35:33.732,12.70602
6338,2018-01-09 09:35:33.832,12.70602
6339,2018-01-09 09:35:33.932,12.70602
6340,2018-01-09 09:35:34.033,12.70602
6341,2018-01-09 09:35:34.133,12.70602
6342,2018-01-09 09:35:34.233,12.70602
6343,2018-01-09 09:35:34.332,12.70602
6344,2018-01-09 09:35:34.432,12.70602
6345,2018-01-09 09:35:34.532,12.1705
6346,2018-01-09 09:35:34.632,12.1705
6347,2018-01-09 09:35:34.732,12.1705
6348,2018-01-09 09:35:34.832,12.1705
6349,2018-01-09 09:35:34.932,12.1705
6350,2018-01-09 09:35:35.032,12.1705
6351,2018-01-09 09:35:35.132,12.1705
6352,2018-01-09 09:35:35.233,12.1705
6353,2018-01-09 09:35:35.333,12.1705
6354,2018-01-09 09:35:35.433,12.1705
6355,2018-01-09 09:35:35.533,11.93332
6356,2018-01-09 09:35:35.633,11.93332
6357,2018-01-09 09:35:35.731,11.93332
6358,2018-01-09 09:35:35.831,11.93332
6359,2018-01-09 09:35:35.932,11.93332
6360,2018-01-09 09:35:36.031,11.93332
6361,2018-01-09 09:35:36.131,11.93332
6362,2018-01-09 09:35:36.232,11.93332
6363,2018-01-09 09:35:36.332,11.93332
6364,2018-01-09 09:35:36.431,11.93332
6365,2018-01-09 09:35:36.532,12.09453
6366,2018-01-09 09:35:36.631,12.09453
6367,2018-01-09 09:35:36.732,12.09453
6368,2018-01-09 09:35:36.832,12.09453
6369,2018-01-09 09:35:36.931,12.09453
6370,2018-01-09 09:35:37.031,12.09453
6371,2018-01-09 09:35:37.131,12.09453
6372,2018-01-09 09:35:37.231,12.09453
6373,2018-01-09 09:35:37.331,12.09453
6374,2018-01-09 09:35:37.431,12.09453
6375,2018-01-09 09:35:37.531,12.51146
6376,2018-01-09 09:35:37.631,12.51146
6377,2018-01-09 09:35:37.731,12.51146
6378,2018-01-09 09:35:37.831,12.51146
6379,2018-01-09 09:35:37.931,12.51146
6380,2018-01-09 09:35:38.032,12.51146
6381,2018-01-09 09:35:38.133,12.51146
6382,2018-01-09 09:35:38.232,12.51146
6383,2018-01-09 09:35:38.332,12.51146
6384,2018-01-09 09:35:38.433,12.51146
6385,2018-01-09 09:35:38.533,12.81164
6386,2018-01-09 09:35:38.633,12.81164
6387,2018-01-09 09:35:38.732,12.81164
6388,2018-01-09 09:35:38.833,12.81164
6389,2018-01-09 09:35:38.932,12.81164
6390,2018-01-09 09:35:39.032,12.81164
6391,2018-01-09 09:35:39.132,12.81164
6392,2018-01-09 09:35:39.232,12.81164
6393,2018-01-09 09:35:39.332,12.81164
6394,2018-01-09 09:35:39.432,12.81164
6395,2018-01-09 09:35:39.532,12.90615
6396,2018-01-09 09:35:39.632,12.90615
6397,2018-01-09 09:35:39.732,12.90615
6398,2018-01-09 09:35:39.832,12.90615
6399,2018-01-09 09:35:39.933,12.90615
6400,2018-01-09 09:35:40.032,12.90615
6401,2018-01-09 09:35:40.133,12.90615
6402,2018-01-09 09:35:40.232,12.90615
6403,2018-01-09 09:35:40.332,12.90615
6404,2018-01-09 09:35:40.433,12.90615
6405,2018-01-09 09:35:40.533,12.84129
6406,2018-01-09 09:35:40.632,12.84129
6407,2018-01-09 09:35:40.730,12.84129
6408,2018-01-09 09:35:40.830,12.84129
6409,2018-01-09 09:35:40.930,12.84129
6410,2018-01-09 09:35:41.030,12.84129
6411,2018-01-09 09:35:41.131,12.84129
6412,2018-01-09 09:35:41.231,12.84129
6413,2018-01-09 09:35:41.331,12.84129
6414,2018-01-09 09:35:41.431,12.84129
6415,2018-01-09 09:35:41.531,12.73382
6416,2018-01-09 09:35:41.631,12.73382
6417,2018-01-09 09:35:41.731,12.73382
6418,2018-01-09 09:35:41.831,12.73382
6419,2018-01-09 09:35:41.931,12.73382
6420,2018-01-09 09:35:42.031,12.73382
6421,2018-01-09 09:35:42.131,12.73382
6422,2018-01-09 09:35:42.231,12.73382
6423,2018-01-09 09:35:42.331,12.73382
6424,2018-01-09 09:35:42.431,12.73382
6425,2018-01-09 09:35:42.531,12.59484
6426,2018-01-09 09:35:42.631,12.59484
6427,2018-01-09 09:35:42.731,12.59484
6428,2018-01-09 09:35:42.831,12.59484
6429,2018-01-09 09:35:42.931,12.59484
6430,2018-01-09 09:35:43.031,12.59484
6431,2018-01-09 09:35:43.131,12.59484
6432,2018-01-09 09:35:43.231,12.59484
6433,2018-01-09 09:35:43.331,12.59484
6434,2018-01-09 09:35:43.431,12.59484
6435,2018-01-09 09:35:43.531,12.50219
6436,2018-01-09 09:35:43.631,12.50219
6437,2018-01-09 09:35:43.731,12.50219
6438,2018-01-09 09:35:43.831,12.50219
6439,2018-01-09 09:35:43.931,12.50219
6440,2018-01-09 09:35:44.031,12.50219
6441,2018-01-09 09:35:44.132,12.50219
6442,2018-01-09 09:35:44.232,12.50219
6443,2018-01-09 09:35:44.332,12.50219
6444,2018-01-09 09:35:44.432,12.50219
6445,2018-01-09 09:35:44.532,12.30392
6446,2018-01-09 09:35:44.632,12.30392
6447,2018-01-09 09:35:44.732,12.30392
6448,2018-01-09 09:35:44.832,12.30392
6449,2018-01-09 09:35:44.932,12.30392
6450,2018-01-09 09:35:45.032,12.30392
6451,2018-01-09 09:35:45.132,12.30392
6452,2018-01-09 09:35:45.232,12.30392
6453,2018-01-09 09:35:45.332,12.30392
6454,2018-01-09 09:35:45.432,12.30392
6455,2018-01-09 09:35:45.532,12.12418
6456,2018-01-09 09:35:45.632,12.12418
6457,2018-01-09 09:35:45.730,12.12418
6458,2018-01-09 09:35:45.830,12.12418
6459,2018-01-09 09:35:45.930,12.12418
6460,2018-01-09 09:35:46.031,12.12418
6461,2018-01-09 09:35:46.130,12.12418
6462,2018-01-09 09:35:46.230,12.12418
6463,2018-01-09 09:35:46.331,12.12418
6464,2018-01-09 09:35:46.430,12.12418
6465,2018-01-09 09:35:46.530,12.06303
6466,2018-01-09 09:35:46.631,12.06303
6467,2018-01-09 09:35:46.731,12.06303
6468,2018-01-09 09:35:46.831,12.06303
6469,2018-01-09 09:35:46.930,12.06303
6470,2018-01-09 09:35:47.030,12.06303
6471,2018-01-09 09:35:47.130,12.06303
6472,2018-01-09 09:35:47.231,12.06303
6473,2018-01-09 09:35:47.331,12.06303
6474,2018-01-09 09:35:47.431,12.06303
6475,2018-01-09 09:35:47.531,12.1075
6476,2018-01-09 09:35:47.631,12.1075
6477,2018-01-09 09:35:47.731,12.1075
6478,2018-01-09 09:35:47.831,12.1075
6479,2018-01-09 09:35:47.931,12.1075
6480,2018-01-09 09:35:48.031,12.1075
6481,2018-01-09 09:35:48.132,12.1075
6482,2018-01-09 09:35:48.232,12.1075
6483,2018-01-09 09:35:48.331,12.1075
6484,2018-01-09 09:35:48.431,12.1075
6485,2018-01-09 09:35:48.532,12.30207
6486,2018-01-09 09:35:48.631,12.30207
6487,2018-01-09 09:35:48.731,12.30207
6488,2018-01-09 09:35:48.831,12.30207
6489,2018-01-09 09:35:48.931,12.30207
6490,2018-01-09 09:35:49.031,12.30207
6491,2018-01-09 09:35:49.131,12.30207
6492,2018-01-09 09:35:49.231,12.30207
6493,2018-01-09 09:35:49.331,12.30207
6494,2018-01-09 09:35:49.431,12.30207
6495,2018-01-09 09:35:49.531,12.54666
6496,2018-01-09 09:35:49.631,12.54666
6497,2018-01-09 09:35:49.731,12.54666
6498,2018-01-09 09:35:49.831,12.54666
6499,2018-01-09 09:35:49.931,12.54666
6500,2018-01-09 09:35:50.032,12.54666
6501,2018-01-09 09:35:50.133,12.54666
6502,2018-01-09 09:35:50.233,12.54666
6503,2018-01-09 09:35:50.333,12.54666
6504,2018-01-09 09:35:50.432,12.54666
6505,2018-01-09 09:35:50.532,12.74864
6506,2018-01-09 09:35:50.632,12.74864
6507,2018-01-09 09:35:50.731,12.74864
6508,2018-01-09 09:35:50.830,12.74864
6509,2018-01-09 09:35:50.930,12.74864
6510,2018-01-09 09:35:51.030,12.74864
6511,2018-01-09 09:35:51.130,12.74864
6512,2018-01-09 09:35:51.230,12.74864
6513,2018-01-09 09:35:51.330,12.74864
6514,2018-01-09 09:35:51.430,12.74864
6515,2018-01-09 09:35:51.530,12.78199
6516,2018-01-09 09:35:51.630,12.78199
6517,2018-01-09 09:35:51.730,12.78199
6518,2018-01-09 09:35:51.830,12.78199
6519,2018-01-09 09:35:51.930,12.78199
6520,2018-01-09 09:35:52.030,12.78199
6521,2018-01-09 09:35:52.131,12.78199
6522,2018-01-09 09:35:52.230,12.78199
6523,2018-01-09 09:35:52.330,12.78199
6524,2018-01-09 09:35:52.430,12.78199
6525,2018-01-09 09:35:52.530,12.50775
6526,2018-01-09 09:35:52.631,12.50775
6527,2018-01-09 09:35:52.731,12.50775
6528,2018-01-09 09:35:52.830,12.50775
6529,2018-01-09 09:35:52.930,12.50775
6530,2018-01-09 09:35:53.030,12.50775
6531,2018-01-09 09:35:53.131,12.50775
6532,2018-01-09 09:35:53.231,12.50775
6533,2018-01-09 09:35:53.331,12.50775
6534,2018-01-09 09:35:53.431,12.50775
6535,2018-01-09 09:35:53.531,12.12974
6536,2018-01-09 09:35:53.631,12.12974
6537,2018-01-09 09:35:53.731,12.12974
6538,2018-01-09 09:35:53.831,12.12974
6539,2018-01-09 09:35:53.932,12.12974
6540,2018-01-09 09:35:54.031,12.12974
6541,2018-01-09 09:35:54.132,12.12974
6542,2018-01-09 09:35:54.231,12.12974
6543,2018-01-09 09:35:54.332,12.12974
6544,2018-01-09 09:35:54.431,12.12974
6545,2018-01-09 09:35:54.531,11.79064
6546,2018-01-09 09:35:54.631,11.79064
6547,2018-01-09 09:35:54.731,11.79064
6548,2018-01-09 09:35:54.831,11.79064
6549,2018-01-09 09:35:54.931,11.79064
6550,2018-01-09 09:35:55.031,11.79064
6551,2018-01-09 09:35:55.131,11.79064
6552,2018-01-09 09:35:55.231,11.79064
6553,2018-01-09 09:35:55.331,11.79064
6554,2018-01-09 09:35:55.431,11.79064
6555,2018-01-09 09:35:55.531,11.6146
6556,2018-01-09 09:35:55.631,11.6146
6557,2018-01-09 09:35:55.729,11.6146
6558,2018-01-09 09:35:55.829,11.6146
6559,2018-01-09 09:35:55.929,11.6146
6560,2018-01-09 09:35:56.030,11.6146
6561,2018-01-09 09:35:56.130,11.6146
6562,2018-01-09 09:35:56.230,11.6146
6563,2018-01-09 09:35:56.331,11.6146
6564,2018-01-09 09:35:56.430,11.6146
6565,2018-01-09 09:35:56.531,11.71281
6566,2018-01-09 09:35:56.630,11.71281
6567,2018-01-09 09:35:56.730,11.71281
6568,2018-01-09 09:35:56.831,11.71281
6569,2018-01-09 09:35:56.930,11.71281
6570,2018-01-09 09:35:57.030,11.71281
6571,2018-01-09 09:35:57.130,11.71281
6572,2018-01-09 09:35:57.230,11.71281
6573,2018-01-09 09:35:57.330,11.71281
6574,2018-01-09 09:35:57.430,11.71281
6575,2018-01-09 09:35:57.530,11.95
6576,2018-01-09 09:35:57.630,11.95
6577,2018-01-09 09:35:57.730,11.95
6578,2018-01-09 09:35:57.830,11.95
6579,2018-01-09 09:35:57.930,11.95
6580,2018-01-09 09:35:58.030,11.95
6581,2018-01-09 09:35:58.131,11.95
6582,2018-01-09 09:35:58.230,11.95
6583,2018-01-09 09:35:58.330,11.95
6584,2018-01-09 09:35:58.430,11.95
6585,2018-01-09 09:35:58.530,12.12788
6586,2018-01-09 09:35:58.631,12.12788
6587,2018-01-09 09:35:58.731,12.12788
6588,2018-01-09 09:35:58.830,12.12788
6589,2018-01-09 09:35:58.930,12.12788
6590,2018-01-09 09:35:59.030,12.12788
6591,2018-01-09 09:35:59.131,12.12788
6592,2018-01-09 09:35:59.232,12.12788
6593,2018-01-09 09:35:59.331,12.12788
6594,2018-01-09 09:35:59.431,12.12788
6595,2018-01-09 09:35:59.531,12.20756
6596,2018-01-09 09:35:59.631,12.20756
6597,2018-01-09 09:35:59.731,12.20756
6598,2018-01-09 09:35:59.831,12.20756
6599,2018-01-09 09:35:59.931,12.20756
6600,2018-01-09 09:36:00.032,12.20756
6601,2018-01-09 09:36:00.131,12.20756
6602,2018-01-09 09:36:00.231,12.20756
6603,2018-01-09 09:36:00.332,12.20756
6604,2018-01-09 09:36:00.431,12.20756
6605,2018-01-09 09:36:00.532,12.12418
6606,2018-01-09 09:36:00.632,12.12418
6607,2018-01-09 09:36:00.729,12.12418
6608,2018-01-09 09:36:00.830,12.12418
6609,2018-01-09 09:36:00.929,12.12418
6610,2018-01-09 09:36:01.029,12.12418
6611,2018-01-09 09:36:01.129,12.12418
6612,2018-01-09 09:36:01.229,12.12418
6613,2018-01-09 09:36:01.329,12.12418
6614,2018-01-09 09:36:01.429,12.12418
6615,2018-01-09 09:36:01.529,11.93332
6616,2018-01-09 09:36:01.629,11.93332
6617,2018-01-09 09:36:01.729,11.93332
6618,2018-01-09 09:36:01.829,11.93332
6619,2018-01-09 09:36:01.929,11.93332
6620,2018-01-09 09:36:02.029,11.93332
6621,2018-01-09 09:36:02.129,11.93332
6622,2018-01-09 09:36:02.230,11.93332
6623,2018-01-09 09:36:02.329,11.93332
6624,2018-01-09 09:36:02.430,11.93332
6625,2018-01-09 09:36:02.530,11.77767
6626,2018-01-09 09:36:02.630,11.77767
6627,2018-01-09 09:36:02.730,11.77767
6628,2018-01-09 09:36:02.830,11.77767
6629,2018-01-09 09:36:02.930,11.77767
6630,2018-01-09 09:36:03.030,11.77767
6631,2018-01-09 09:36:03.130,11.77767
6632,2018-01-09 09:36:03.230,11.77767
6633,2018-01-09 09:36:03.330,11.77767
6634,2018-01-09 09:36:03.430,11.77767
6635,2018-01-09 09:36:03.530,11.94629
6636,2018-01-09 09:36:03.630,11.94629
6637,2018-01-09 09:36:03.730,11.94629
6638,2018-01-09 09:36:03.830,11.94629
6639,2018-01-09 09:36:03.930,11.94629
6640,2018-01-09 09:36:04.030,11.94629
6641,2018-01-09 09:36:04.130,11.94629
6642,2018-01-09 09:36:04.230,11.94629
6643,2018-01-09 09:36:04.331,11.94629
6644,2018-01-09 09:36:04.430,11.94629
6645,2018-01-09 09:36:04.530,12.25018
6646,2018-01-09 09:36:04.630,12.25018
6647,2018-01-09 09:36:04.730,12.25018
6648,2018-01-09 09:36:04.830,12.25018
6649,2018-01-09 09:36:04.930,12.25018
6650,2018-01-09 09:36:05.030,12.25018
6651,2018-01-09 09:36:05.130,12.25018
6652,2018-01-09 09:36:05.230,12.25018
6653,2018-01-09 09:36:05.331,12.25018
6654,2018-01-09 09:36:05.431,12.25018
6655,2018-01-09 09:36:05.531,12.45031
6656,2018-01-09 09:36:05.631,12.45031
6657,2018-01-09 09:36:05.729,12.45031
6658,2018-01-09 09:36:05.829,12.45031
6659,2018-01-09 09:36:05.929,12.45031
6660,2018-01-09 09:36:06.030,12.45031
6661,2018-01-09 09:36:06.130,12.45031
6662,2018-01-09 09:36:06.229,12.45031
6663,2018-01-09 09:36:06.329,12.45031
6664,2018-01-09 09:36:06.429,12.45031
6665,2018-01-09 09:36:06.530,12.48737
6666,2018-01-09 09:36:06.629,12.48737
6667,2018-01-09 09:36:06.730,12.48737
6668,2018-01-09 09:36:06.829,12.48737
6669,2018-01-09 09:36:06.929,12.48737
6670,2018-01-09 09:36:07.029,12.48737
6671,2018-01-09 09:36:07.129,12.48737
6672,2018-01-09 09:36:07.229,12.48737
6673,2018-01-09 09:36:07.329,12.48737
6674,2018-01-09 09:36:07.429,12.48737
6675,2018-01-09 09:36:07.529,12.37433
6676,2018-01-09 09:36:07.629,12.37433
6677,2018-01-09 09:36:07.729,12.37433
6678,2018-01-09 09:36:07.829,12.37433
6679,2018-01-09 09:36:07.929,12.37433
6680,2018-01-09 09:36:08.029,12.37433
6681,2018-01-09 09:36:08.129,12.37433
6682,2018-01-09 09:36:08.231,12.37433
6683,2018-01-09 09:36:08.330,12.37433
6684,2018-01-09 09:36:08.431,12.37433
6685,2018-01-09 09:36:08.531,12.25945
6686,2018-01-09 09:36:08.630,12.25945
6687,2018-01-09 09:36:08.730,12.25945
6688,2018-01-09 09:36:08.831,12.25945
6689,2018-01-09 09:36:08.930,12.25945
6690,2018-01-09 09:36:09.030,12.25945
6691,2018-01-09 09:36:09.130,12.25945
6692,2018-01-09 09:36:09.230,12.25945
6693,2018-01-09 09:36:09.330,12.25945
6694,2018-01-09 09:36:09.430,12.25945
6695,2018-01-09 09:36:09.530,12.22054
6696,2018-01-09 09:36:09.630,12.22054
6697,2018-01-09 09:36:09.730,12.22054
6698,2018-01-09 09:36:09.830,12.22054
6699,2018-01-09 09:36:09.930,12.22054
6700,2018-01-09 09:36:10.031,12.22054
6701,2018-01-09 09:36:10.130,12.22054
6702,2018-01-09 09:36:10.231,12.22054
6703,2018-01-09 09:36:10.330,12.22054
6704,2018-01-09 09:36:10.430,12.22054
6705,2018-01-09 09:36:10.530,12.25204
6706,2018-01-09 09:36:10.630,12.25204
6707,2018-01-09 09:36:10.728,12.25204
6708,2018-01-09 09:36:10.828,12.25204
6709,2018-01-09 09:36:10.928,12.25204
6710,2018-01-09 09:36:11.028,12.25204
6711,2018-01-09 09:36:11.129,12.25204
6712,2018-01-09 09:36:11.228,12.25204
6713,2018-01-09 09:36:11.329,12.25204
6714,2018-01-09 09:36:11.429,12.25204
6715,2018-01-09 09:36:11.529,12.35395
6716,2018-01-09 09:36:11.629,12.35395
6717,2018-01-09 09:36:11.729,12.35395
6718,2018-01-09 09:36:11.829,12.35395
6719,2018-01-09 09:36:11.929,12.35395
6720,2018-01-09 09:36:12.029,12.35395
6721,2018-01-09 09:36:12.129,12.35395
6722,2018-01-09 09:36:12.229,12.35395
6723,2018-01-09 09:36:12.329,12.35395
6724,2018-01-09 09:36:12.429,12.35395
6725,2018-01-09 09:36:12.529,12.4781
6726,2018-01-09 09:36:12.629,12.4781
6727,2018-01-09 09:36:12.729,12.4781
6728,2018-01-09 09:36:12.829,12.4781
6729,2018-01-09 09:36:12.929,12.4781
6730,2018-01-09 09:36:13.029,12.4781
6731,2018-01-09 09:36:13.129,12.4781
6732,2018-01-09 09:36:13.229,12.4781
6733,2018-01-09 09:36:13.329,12.4781
6734,2018-01-09 09:36:13.429,12.4781
6735,2018-01-09 09:36:13.529,12.48366
6736,2018-01-09 09:36:13.629,12.48366
6737,2018-01-09 09:36:13.729,12.48366
6738,2018-01-09 09:36:13.829,12.48366
6739,2018-01-09 09:36:13.929,12.48366
6740,2018-01-09 09:36:14.029,12.48366
6741,2018-01-09 09:36:14.129,12.48366
6742,2018-01-09 09:36:14.229,12.48366
6743,2018-01-09 09:36:14.330,12.48366
6744,2018-01-09 09:36:14.430,12.48366
6745,2018-01-09 09:36:14.530,12.48181
6746,2018-01-09 09:36:14.630,12.48181
6747,2018-01-09 09:36:14.730,12.48181
6748,2018-01-09 09:36:14.830,12.48181
6749,2018-01-09 09:36:14.930,12.48181
6750,2018-01-09 09:36:15.030,12.48181
6751,2018-01-09 09:36:15.130,12.48181
6752,2018-01-09 09:36:15.230,12.48181
6753,2018-01-09 09:36:15.330,12.48181
6754,2018-01-09 09:36:15.430,12.48181
6755,2018-01-09 09:36:15.530,12.47995
6756,2018-01-09 09:36:15.630,12.47995
6757,2018-01-09 09:36:15.728,12.47995
6758,2018-01-09 09:36:15.828,12.47995
6759,2018-01-09 09:36:15.928,12.47995
6760,2018-01-09 09:36:16.028,12.47995
6761,2018-01-09 09:36:16.128,12.47995
6762,2018-01-09 09:36:16.228,12.47995
6763,2018-01-09 09:36:16.328,12.47995
6764,2018-01-09 09:36:16.428,12.47995
6765,2018-01-09 09:36:16.528,12.62634
6766,2018-01-09 09:36:16.628,12.62634
6767,2018-01-09 09:36:16.728,12.62634
6768,2018-01-09 09:36:16.829,12.62634
6769,2018-01-09 09:36:16.928,12.62634
6770,2018-01-09 09:36:17.028,12.62634
6771,2018-01-09 09:36:17.128,12.62634
6772,2018-01-09 09:36:17.228,12.62634
6773,2018-01-09 09:36:17.329,12.62634
6774,2018-01-09 09:36:17.429,12.62634
6775,2018-01-09 09:36:17.529,12.75235
6776,2018-01-09 09:36:17.629,12.75235
6777,2018-01-09 09:36:17.729,12.75235
6778,2018-01-09 09:36:17.829,12.75235
6779,2018-01-09 09:36:17.929,12.75235
6780,2018-01-09 09:36:18.029,12.75235
6781,2018-01-09 09:36:18.129,12.75235
6782,2018-01-09 09:36:18.230,12.75235
6783,2018-01-09 09:36:18.329,12.75235
6784,2018-01-09 09:36:18.429,12.75235
6785,2018-01-09 09:36:18.530,12.87464
6786,2018-01-09 09:36:18.629,12.87464
6787,2018-01-09 09:36:18.729,12.87464
6788,2018-01-09 09:36:18.829,12.87464
6789,2018-01-09 09:36:18.929,12.87464
6790,2018-01-09 09:36:19.029,12.87464
6791,2018-01-09 09:36:19.129,12.87464
6792,2018-01-09 09:36:19.229,12.87464
6793,2018-01-09 09:36:19.329,12.87464
6794,2018-01-09 09:36:19.429,12.87464
6795,2018-01-09 09:36:19.529,12.76902
6796,2018-01-09 09:36:19.629,12.76902
6797,2018-01-09 09:36:19.729,12.76902
6798,2018-01-09 09:36:19.829,12.76902
6799,2018-01-09 09:36:19.929,12.76902
6800,2018-01-09 09:36:20.029,12.76902
6801,2018-01-09 09:36:20.129,12.76902
6802,2018-01-09 09:36:20.229,12.76902
6803,2018-01-09 09:36:20.330,12.76902
6804,2018-01-09 09:36:20.430,12.76902
6805,2018-01-09 09:36:20.530,12.61337
6806,2018-01-09 09:36:20.630,12.61337
6807,2018-01-09 09:36:20.729,12.61337
6808,2018-01-09 09:36:20.828,12.61337
6809,2018-01-09 09:36:20.928,12.61337
6810,2018-01-09 09:36:21.028,12.61337
6811,2018-01-09 09:36:21.128,12.61337
6812,2018-01-09 09:36:21.228,12.61337
6813,2018-01-09 09:36:21.328,12.61337
6814,2018-01-09 09:36:21.428,12.61337
6815,2018-01-09 09:36:21.528,12.38916
6816,2018-01-09 09:36:21.628,12.38916
6817,2018-01-09 09:36:21.728,12.38916
6818,2018-01-09 09:36:21.828,12.38916
6819,2018-01-09 09:36:21.928,12.38916
6820,2018-01-09 09:36:22.028,12.38916
6821,2018-01-09 09:36:22.128,12.38916
6822,2018-01-09 09:36:22.228,12.38916
6823,2018-01-09 09:36:22.328,12.38916
6824,2018-01-09 09:36:22.428,12.38916
6825,2018-01-09 09:36:22.528,12.15197
6826,2018-01-09 09:36:22.628,12.15197
6827,2018-01-09 09:36:22.728,12.15197
6828,2018-01-09 09:36:22.828,12.15197
6829,2018-01-09 09:36:22.929,12.15197
6830,2018-01-09 09:36:23.028,12.15197
6831,2018-01-09 09:36:23.128,12.15197
6832,2018-01-09 09:36:23.228,12.15197
6833,2018-01-09 09:36:23.329,12.15197
6834,2018-01-09 09:36:23.429,12.15197
6835,2018-01-09 09:36:23.529,12.06118
6836,2018-01-09 09:36:23.629,12.06118
6837,2018-01-09 09:36:23.729,12.06118
6838,2018-01-09 09:36:23.829,12.06118
6839,2018-01-09 09:36:23.929,12.06118
6840,2018-01-09 09:36:24.029,12.06118
6841,2018-01-09 09:36:24.129,12.06118
6842,2018-01-09 09:36:24.229,12.06118
6843,2018-01-09 09:36:24.329,12.06118
6844,2018-01-09 09:36:24.429,12.06118
6845,2018-01-09 09:36:24.530,12.09638
6846,2018-01-09 09:36:24.629,12.09638
6847,2018-01-09 09:36:24.729,12.09638
6848,2018-01-09 09:36:24.829,12.09638
6849,2018-01-09 09:36:24.929,12.09638
6850,2018-01-09 09:36:25.029,12.09638
6851,2018-01-09 09:36:25.129,12.09638
6852,2018-01-09 09:36:25.229,12.09638
6853,2018-01-09 09:36:25.329,12.09638
6854,2018-01-09 09:36:25.429,12.09638
6855,2018-01-09 09:36:25.529,12.25389
6856,2018-01-09 09:36:25.629,12.25389
6857,2018-01-09 09:36:25.727,12.25389
6858,2018-01-09 09:36:25.827,12.25389
6859,2018-01-09 09:36:25.927,12.25389
6860,2018-01-09 09:36:26.027,12.25389
6861,2018-01-09 09:36:26.127,12.25389
6862,2018-01-09 09:36:26.228,12.25389
6863,2018-01-09 09:36:26.329,12.25389
6864,2018-01-09 09:36:26.428,12.25389
6865,2018-01-09 09:36:26.528,12.33727
6866,2018-01-09 09:36:26.629,12.33727
6867,2018-01-09 09:36:26.728,12.33727
6868,2018-01-09 09:36:26.829,12.33727
6869,2018-01-09 09:36:26.928,12.33727
6870,2018-01-09 09:36:27.028,12.33727
6871,2018-01-09 09:36:27.128,12.33727
6872,2018-01-09 09:36:27.228,12.33727
6873,2018-01-09 09:36:27.328,12.33727
6874,2018-01-09 09:36:27.428,12.33727
6875,2018-01-09 09:36:27.528,12.27427
6876,2018-01-09 09:36:27.628,12.27427
6877,2018-01-09 09:36:27.728,12.27427
6878,2018-01-09 09:36:27.828,12.27427
6879,2018-01-09 09:36:27.928,12.27427
6880,2018-01-09 09:36:28.028,12.27427
6881,2018-01-09 09:36:28.129,12.27427
6882,2018-01-09 09:36:28.228,12.27427
6883,2018-01-09 09:36:28.328,12.27427
6884,2018-01-09 09:36:28.429,12.27427
6885,2018-01-09 09:36:28.528,12.05932
6886,2018-01-09 09:36:28.628,12.05932
6887,2018-01-09 09:36:28.729,12.05932
6888,2018-01-09 09:36:28.828,12.05932
6889,2018-01-09 09:36:28.928,12.05932
6890,2018-01-09 09:36:29.028,12.05932
6891,2018-01-09 09:36:29.128,12.05932
6892,2018-01-09 09:36:29.228,12.05932
6893,2018-01-09 09:36:29.328,12.05932
6894,2018-01-09 09:36:29.429,12.05932
6895,2018-01-09 09:36:29.529,11.86105
6896,2018-01-09 09:36:29.629,11.86105
6897,2018-01-09 09:36:29.729,11.86105
6898,2018-01-09 09:36:29.829,11.86105
6899,2018-01-09 09:36:29.929,11.86105
6900,2018-01-09 09:36:30.029,11.86105
6901,2018-01-09 09:36:30.130,11.86105
6902,2018-01-09 09:36:30.229,11.86105
6903,2018-01-09 09:36:30.330,11.86105
6904,2018-01-09 09:36:30.430,11.86105
6905,2018-01-09 09:36:30.529,11.75358
6906,2018-01-09 09:36:30.629,11.75358
6907,2018-01-09 09:36:30.727,11.75358
6908,2018-01-09 09:36:30.827,11.75358
6909,2018-01-09 09:36:30.927,11.75358
6910,2018-01-09 09:36:31.027,11.75358
6911,2018-01-09 09:36:31.127,11.75358
6912,2018-01-09 09:36:31.227,11.75358
6913,2018-01-09 09:36:31.327,11.75358
6914,2018-01-09 09:36:31.427,11.75358
6915,2018-01-09 09:36:31.527,11.8277
6916,2018-01-09 09:36:31.627,11.8277
6917,2018-01-09 09:36:31.727,11.8277
6918,2018-01-09 09:36:31.827,11.8277
6919,2018-01-09 09:36:31.927,11.8277
6920,2018-01-09 09:36:32.027,11.8277
6921,2018-01-09 09:36:32.128,11.8277
6922,2018-01-09 09:36:32.227,11.8277
6923,2018-01-09 09:36:32.327,11.8277
6924,2018-01-09 09:36:32.428,11.8277
6925,2018-01-09 09:36:32.528,12.13159
6926,2018-01-09 09:36:32.628,12.13159
6927,2018-01-09 09:36:32.728,12.13159
6928,2018-01-09 09:36:32.828,12.13159
6929,2018-01-09 09:36:32.928,12.13159
6930,2018-01-09 09:36:33.028,12.13159
6931,2018-01-09 09:36:33.128,12.13159
6932,2018-01-09 09:36:33.228,12.13159
6933,2018-01-09 09:36:33.328,12.13159
6934,2018-01-09 09:36:33.428,12.13159
6935,2018-01-09 09:36:33.528,12.40584
6936,2018-01-09 09:36:33.628,12.40584
6937,2018-01-09 09:36:33.728,12.40584
6938,2018-01-09 09:36:33.828,12.40584
6939,2018-01-09 09:36:33.928,12.40584
6940,2018-01-09 09:36:34.028,12.40584
6941,2018-01-09 09:36:34.128,12.40584
6942,2018-01-09 09:36:34.228,12.40584
6943,2018-01-09 09:36:34.328,12.40584
6944,2018-01-09 09:36:34.428,12.40584
6945,2018-01-09 09:36:34.528,12.69861
6946,2018-01-09 09:36:34.628,12.69861
6947,2018-01-09 09:36:34.728,12.69861
6948,2018-01-09 09:36:34.828,12.69861
6949,2018-01-09 09:36:34.929,12.69861
6950,2018-01-09 09:36:35.028,12.69861
6951,2018-01-09 09:36:35.128,12.69861
6952,2018-01-09 09:36:35.228,12.69861
6953,2018-01-09 09:36:35.328,12.69861
6954,2018-01-09 09:36:35.429,12.69861
6955,2018-01-09 09:36:35.529,12.82461
6956,2018-01-09 09:36:35.629,12.82461
6957,2018-01-09 09:36:35.727,12.82461
6958,2018-01-09 09:36:35.827,12.82461
6959,2018-01-09 09:36:35.927,12.82461
6960,2018-01-09 09:36:36.027,12.82461
6961,2018-01-09 09:36:36.127,12.82461
6962,2018-01-09 09:36:36.227,12.82461
6963,2018-01-09 09:36:36.327,12.82461
6964,2018-01-09 09:36:36.427,12.82461
6965,2018-01-09 09:36:36.527,12.80423
6966,2018-01-09 09:36:36.627,12.80423
6967,2018-01-09 09:36:36.728,12.80423
6968,2018-01-09 09:36:36.827,12.80423
6969,2018-01-09 09:36:36.928,12.80423
6970,2018-01-09 09:36:37.027,12.80423
6971,2018-01-09 09:36:37.127,12.80423
6972,2018-01-09 09:36:37.227,12.80423
6973,2018-01-09 09:36:37.327,12.80423
6974,2018-01-09 09:36:37.427,12.80423
6975,2018-01-09 09:36:37.527,12.71714
6976,2018-01-09 09:36:37.627,12.71714
6977,2018-01-09 09:36:37.727,12.71714
6978,2018-01-09 09:36:37.827,12.71714
6979,2018-01-09 09:36:37.927,12.71714
6980,2018-01-09 09:36:38.027,12.71714
6981,2018-01-09 09:36:38.128,12.71714
6982,2018-01-09 09:36:38.228,12.71714
6983,2018-01-09 09:36:38.327,12.71714
6984,2018-01-09 09:36:38.428,12.71714
6985,2018-01-09 09:36:38.528,12.61337
6986,2018-01-09 09:36:38.628,12.61337
6987,2018-01-09 09:36:38.728,12.61337
6988,2018-01-09 09:36:38.828,12.61337
6989,2018-01-09 09:36:38.928,12.61337
6990,2018-01-09 09:36:39.029,12.61337
6991,2018-01-09 09:36:39.128,12.61337
6992,2018-01-09 09:36:39.228,12.61337
6993,2018-01-09 09:36:39.328,12.61337
6994,2018-01-09 09:36:39.428,12.61337
6995,2018-01-09 09:36:39.528,12.58928
6996,2018-01-09 09:36:39.628,12.58928
6997,2018-01-09 09:36:39.728,12.58928
6998,2018-01-09 09:36:39.828,12.58928
6999,2018-01-09 09:36:39.928,12.58928
7000,2018-01-09 09:36:40.028,12.58928
7001,2018-01-09 09:36:40.129,12.58928
7002,2018-01-09 09:36:40.228,12.58928
7003,2018-01-09 09:36:40.328,12.58928
7004,2018-01-09 09:36:40.429,12.58928
7005,2018-01-09 09:36:40.528,12.69305
7006,2018-01-09 09:36:40.629,12.69305
7007,2018-01-09 09:36:40.726,12.69305
7008,2018-01-09 09:36:40.826,12.69305
7009,2018-01-09 09:36:40.927,12.69305
7010,2018-01-09 09:36:41.026,12.69305
7011,2018-01-09 09:36:41.126,12.69305
7012,2018-01-09 09:36:41.226,12.69305
7013,2018-01-09 09:36:41.326,12.69305
7014,2018-01-09 09:36:41.426,12.69305
7015,2018-01-09 09:36:41.526,12.89873
7016,2018-01-09 09:36:41.627,12.89873
7017,2018-01-09 09:36:41.727,12.89873
7018,2018-01-09 09:36:41.827,12.89873
7019,2018-01-09 09:36:41.927,12.89873
7020,2018-01-09 09:36:42.027,12.89873
7021,2018-01-09 09:36:42.127,12.89873
7022,2018-01-09 09:36:42.227,12.89873
7023,2018-01-09 09:36:42.327,12.89873
7024,2018-01-09 09:36:42.428,12.89873
7025,2018-01-09 09:36:42.527,13.19521
7026,2018-01-09 09:36:42.628,13.19521
7027,2018-01-09 09:36:42.727,13.19521
7028,2018-01-09 09:36:42.827,13.19521
7029,2018-01-09 09:36:42.927,13.19521
7030,2018-01-09 09:36:43.027,13.19521
7031,2018-01-09 09:36:43.127,13.19521
7032,2018-01-09 09:36:43.227,13.19521
7033,2018-01-09 09:36:43.327,13.19521
7034,2018-01-09 09:36:43.427,13.19521
7035,2018-01-09 09:36:43.527,13.51208
7036,2018-01-09 09:36:43.627,13.51208
7037,2018-01-09 09:36:43.727,13.51208
7038,2018-01-09 09:36:43.827,13.51208
7039,2018-01-09 09:36:43.927,13.51208
7040,2018-01-09 09:36:44.027,13.51208
7041,2018-01-09 09:36:44.127,13.51208
7042,2018-01-09 09:36:44.227,13.51208
7043,2018-01-09 09:36:44.327,13.51208
7044,2018-01-09 09:36:44.427,13.51208
7045,2018-01-09 09:36:44.528,13.70479
7046,2018-01-09 09:36:44.628,13.70479
7047,2018-01-09 09:36:44.729,13.70479
7048,2018-01-09 09:36:44.828,13.70479
7049,2018-01-09 09:36:44.928,13.70479
7050,2018-01-09 09:36:45.028,13.70479
7051,2018-01-09 09:36:45.128,13.70479
7052,2018-01-09 09:36:45.228,13.70479
7053,2018-01-09 09:36:45.328,13.70479
7054,2018-01-09 09:36:45.428,13.70479
7055,2018-01-09 09:36:45.528,13.695520000000002
7056,2018-01-09 09:36:45.628,13.695520000000002
7057,2018-01-09 09:36:45.726,13.695520000000002
7058,2018-01-09 09:36:45.826,13.695520000000002
7059,2018-01-09 09:36:45.926,13.695520000000002
7060,2018-01-09 09:36:46.026,13.695520000000002
7061,2018-01-09 09:36:46.126,13.695520000000002
7062,2018-01-09 09:36:46.226,13.695520000000002
7063,2018-01-09 09:36:46.326,13.695520000000002
7064,2018-01-09 09:36:46.427,13.695520000000002
7065,2018-01-09 09:36:46.526,13.36569
7066,2018-01-09 09:36:46.627,13.36569
7067,2018-01-09 09:36:46.727,13.36569
7068,2018-01-09 09:36:46.826,13.36569
7069,2018-01-09 09:36:46.926,13.36569
7070,2018-01-09 09:36:47.026,13.36569
7071,2018-01-09 09:36:47.126,13.36569
7072,2018-01-09 09:36:47.226,13.36569
7073,2018-01-09 09:36:47.326,13.36569
7074,2018-01-09 09:36:47.426,13.36569
7075,2018-01-09 09:36:47.526,13.00806
7076,2018-01-09 09:36:47.628,13.00806
7077,2018-01-09 09:36:47.727,13.00806
7078,2018-01-09 09:36:47.828,13.00806
7079,2018-01-09 09:36:47.927,13.00806
7080,2018-01-09 09:36:48.027,13.00806
7081,2018-01-09 09:36:48.127,13.00806
7082,2018-01-09 09:36:48.227,13.00806
7083,2018-01-09 09:36:48.328,13.00806
7084,2018-01-09 09:36:48.428,13.00806
7085,2018-01-09 09:36:48.527,12.85241
7086,2018-01-09 09:36:48.627,12.85241
7087,2018-01-09 09:36:48.728,12.85241
7088,2018-01-09 09:36:48.827,12.85241
7089,2018-01-09 09:36:48.927,12.85241
7090,2018-01-09 09:36:49.028,12.85241
7091,2018-01-09 09:36:49.127,12.85241
7092,2018-01-09 09:36:49.227,12.85241
7093,2018-01-09 09:36:49.327,12.85241
7094,2018-01-09 09:36:49.427,12.85241
7095,2018-01-09 09:36:49.527,12.83573
7096,2018-01-09 09:36:49.627,12.83573
7097,2018-01-09 09:36:49.727,12.83573
7098,2018-01-09 09:36:49.827,12.83573
7099,2018-01-09 09:36:49.927,12.83573
7100,2018-01-09 09:36:50.027,12.83573
7101,2018-01-09 09:36:50.127,12.83573
7102,2018-01-09 09:36:50.228,12.83573
7103,2018-01-09 09:36:50.328,12.83573
7104,2018-01-09 09:36:50.428,12.83573
7105,2018-01-09 09:36:50.529,12.96544
7106,2018-01-09 09:36:50.629,12.96544
7107,2018-01-09 09:36:50.726,12.96544
7108,2018-01-09 09:36:50.826,12.96544
7109,2018-01-09 09:36:50.926,12.96544
7110,2018-01-09 09:36:51.026,12.96544
7111,2018-01-09 09:36:51.126,12.96544
7112,2018-01-09 09:36:51.226,12.96544
7113,2018-01-09 09:36:51.326,12.96544
7114,2018-01-09 09:36:51.426,12.96544
7115,2018-01-09 09:36:51.526,13.03771
7116,2018-01-09 09:36:51.626,13.03771
7117,2018-01-09 09:36:51.726,13.03771
7118,2018-01-09 09:36:51.826,13.03771
7119,2018-01-09 09:36:51.926,13.03771
7120,2018-01-09 09:36:52.026,13.03771
7121,2018-01-09 09:36:52.126,13.03771
7122,2018-01-09 09:36:52.226,13.03771
7123,2018-01-09 09:36:52.326,13.03771
7124,2018-01-09 09:36:52.426,13.03771
7125,2018-01-09 09:36:52.526,13.06365
7126,2018-01-09 09:36:52.626,13.06365
7127,2018-01-09 09:36:52.727,13.06365
7128,2018-01-09 09:36:52.826,13.06365
7129,2018-01-09 09:36:52.926,13.06365
7130,2018-01-09 09:36:53.026,13.06365
7131,2018-01-09 09:36:53.126,13.06365
7132,2018-01-09 09:36:53.226,13.06365
7133,2018-01-09 09:36:53.326,13.06365
7134,2018-01-09 09:36:53.426,13.06365
7135,2018-01-09 09:36:53.527,13.01362
7136,2018-01-09 09:36:53.627,13.01362
7137,2018-01-09 09:36:53.727,13.01362
7138,2018-01-09 09:36:53.827,13.01362
7139,2018-01-09 09:36:53.927,13.01362
7140,2018-01-09 09:36:54.027,13.01362
7141,2018-01-09 09:36:54.127,13.01362
7142,2018-01-09 09:36:54.227,13.01362
7143,2018-01-09 09:36:54.327,13.01362
7144,2018-01-09 09:36:54.427,13.01362
7145,2018-01-09 09:36:54.527,12.88947
7146,2018-01-09 09:36:54.627,12.88947
7147,2018-01-09 09:36:54.727,12.88947
7148,2018-01-09 09:36:54.827,12.88947
7149,2018-01-09 09:36:54.927,12.88947
7150,2018-01-09 09:36:55.027,12.88947
7151,2018-01-09 09:36:55.127,12.88947
7152,2018-01-09 09:36:55.227,12.88947
7153,2018-01-09 09:36:55.327,12.88947
7154,2018-01-09 09:36:55.427,12.88947
7155,2018-01-09 09:36:55.527,12.51516
7156,2018-01-09 09:36:55.627,12.51516
7157,2018-01-09 09:36:55.725,12.51516
7158,2018-01-09 09:36:55.825,12.51516
7159,2018-01-09 09:36:55.925,12.51516
7160,2018-01-09 09:36:56.025,12.51516
7161,2018-01-09 09:36:56.125,12.51516
7162,2018-01-09 09:36:56.225,12.51516
7163,2018-01-09 09:36:56.325,12.51516
7164,2018-01-09 09:36:56.425,12.51516
7165,2018-01-09 09:36:56.526,12.34283
7166,2018-01-09 09:36:56.626,12.34283
7167,2018-01-09 09:36:56.726,12.34283
7168,2018-01-09 09:36:56.826,12.34283
7169,2018-01-09 09:36:56.927,12.34283
7170,2018-01-09 09:36:57.027,12.34283
7171,2018-01-09 09:36:57.126,12.34283
7172,2018-01-09 09:36:57.226,12.34283
7173,2018-01-09 09:36:57.326,12.34283
7174,2018-01-09 09:36:57.426,12.34283
7175,2018-01-09 09:36:57.526,12.25018
7176,2018-01-09 09:36:57.626,12.25018
7177,2018-01-09 09:36:57.726,12.25018
7178,2018-01-09 09:36:57.826,12.25018
7179,2018-01-09 09:36:57.926,12.25018
7180,2018-01-09 09:36:58.026,12.25018
7181,2018-01-09 09:36:58.126,12.25018
7182,2018-01-09 09:36:58.226,12.25018
7183,2018-01-09 09:36:58.326,12.25018
7184,2018-01-09 09:36:58.426,12.25018
7185,2018-01-09 09:36:58.527,12.23721
7186,2018-01-09 09:36:58.626,12.23721
7187,2018-01-09 09:36:58.726,12.23721
7188,2018-01-09 09:36:58.826,12.23721
7189,2018-01-09 09:36:58.926,12.23721
7190,2018-01-09 09:36:59.027,12.23721
7191,2018-01-09 09:36:59.126,12.23721
7192,2018-01-09 09:36:59.226,12.23721
7193,2018-01-09 09:36:59.326,12.23721
7194,2018-01-09 09:36:59.426,12.23721
7195,2018-01-09 09:36:59.527,12.32801
7196,2018-01-09 09:36:59.626,12.32801
7197,2018-01-09 09:36:59.727,12.32801
7198,2018-01-09 09:36:59.827,12.32801
7199,2018-01-09 09:36:59.927,12.32801
7200,2018-01-09 09:37:00.027,12.32801
7201,2018-01-09 09:37:00.127,12.32801
7202,2018-01-09 09:37:00.228,12.32801
7203,2018-01-09 09:37:00.327,12.32801
7204,2018-01-09 09:37:00.427,12.32801
7205,2018-01-09 09:37:00.527,12.44289
7206,2018-01-09 09:37:00.627,12.44289
7207,2018-01-09 09:37:00.725,12.44289
7208,2018-01-09 09:37:00.825,12.44289
7209,2018-01-09 09:37:00.926,12.44289
7210,2018-01-09 09:37:01.025,12.44289
7211,2018-01-09 09:37:01.125,12.44289
7212,2018-01-09 09:37:01.225,12.44289
7213,2018-01-09 09:37:01.325,12.44289
7214,2018-01-09 09:37:01.425,12.44289
7215,2018-01-09 09:37:01.525,12.4744
7216,2018-01-09 09:37:01.625,12.4744
7217,2018-01-09 09:37:01.725,12.4744
7218,2018-01-09 09:37:01.825,12.4744
7219,2018-01-09 09:37:01.925,12.4744
7220,2018-01-09 09:37:02.025,12.4744
7221,2018-01-09 09:37:02.125,12.4744
7222,2018-01-09 09:37:02.225,12.4744
7223,2018-01-09 09:37:02.326,12.4744
7224,2018-01-09 09:37:02.425,12.4744
7225,2018-01-09 09:37:02.526,12.53925
7226,2018-01-09 09:37:02.625,12.53925
7227,2018-01-09 09:37:02.726,12.53925
7228,2018-01-09 09:37:02.826,12.53925
7229,2018-01-09 09:37:02.926,12.53925
7230,2018-01-09 09:37:03.026,12.53925
7231,2018-01-09 09:37:03.127,12.53925
7232,2018-01-09 09:37:03.226,12.53925
7233,2018-01-09 09:37:03.326,12.53925
7234,2018-01-09 09:37:03.426,12.53925
7235,2018-01-09 09:37:03.526,12.52628
7236,2018-01-09 09:37:03.626,12.52628
7237,2018-01-09 09:37:03.726,12.52628
7238,2018-01-09 09:37:03.826,12.52628
7239,2018-01-09 09:37:03.926,12.52628
7240,2018-01-09 09:37:04.026,12.52628
7241,2018-01-09 09:37:04.126,12.52628
7242,2018-01-09 09:37:04.226,12.52628
7243,2018-01-09 09:37:04.326,12.52628
7244,2018-01-09 09:37:04.426,12.52628
7245,2018-01-09 09:37:04.526,12.61893
7246,2018-01-09 09:37:04.626,12.61893
7247,2018-01-09 09:37:04.727,12.61893
7248,2018-01-09 09:37:04.826,12.61893
7249,2018-01-09 09:37:04.926,12.61893
7250,2018-01-09 09:37:05.026,12.61893
7251,2018-01-09 09:37:05.126,12.61893
7252,2018-01-09 09:37:05.226,12.61893
7253,2018-01-09 09:37:05.326,12.61893
7254,2018-01-09 09:37:05.426,12.61893
7255,2018-01-09 09:37:05.526,12.77643
7256,2018-01-09 09:37:05.627,12.77643
7257,2018-01-09 09:37:05.725,12.77643
7258,2018-01-09 09:37:05.825,12.77643
7259,2018-01-09 09:37:05.925,12.77643
7260,2018-01-09 09:37:06.025,12.77643
7261,2018-01-09 09:37:06.125,12.77643
7262,2018-01-09 09:37:06.225,12.77643
7263,2018-01-09 09:37:06.325,12.77643
7264,2018-01-09 09:37:06.426,12.77643
7265,2018-01-09 09:37:06.526,13.0025
7266,2018-01-09 09:37:06.626,13.0025
7267,2018-01-09 09:37:06.726,13.0025
7268,2018-01-09 09:37:06.826,13.0025
7269,2018-01-09 09:37:06.925,13.0025
7270,2018-01-09 09:37:07.025,13.0025
7271,2018-01-09 09:37:07.125,13.0025
7272,2018-01-09 09:37:07.225,13.0025
7273,2018-01-09 09:37:07.325,13.0025
7274,2018-01-09 09:37:07.425,13.0025
7275,2018-01-09 09:37:07.525,13.097
7276,2018-01-09 09:37:07.625,13.097
7277,2018-01-09 09:37:07.725,13.097
7278,2018-01-09 09:37:07.825,13.097
7279,2018-01-09 09:37:07.925,13.097
7280,2018-01-09 09:37:08.025,13.097
7281,2018-01-09 09:37:08.125,13.097
7282,2018-01-09 09:37:08.225,13.097
7283,2018-01-09 09:37:08.325,13.097
7284,2018-01-09 09:37:08.425,13.097
7285,2018-01-09 09:37:08.526,13.1878
7286,2018-01-09 09:37:08.626,13.1878
7287,2018-01-09 09:37:08.726,13.1878
7288,2018-01-09 09:37:08.827,13.1878
7289,2018-01-09 09:37:08.927,13.1878
7290,2018-01-09 09:37:09.027,13.1878
7291,2018-01-09 09:37:09.126,13.1878
7292,2018-01-09 09:37:09.226,13.1878
7293,2018-01-09 09:37:09.326,13.1878
7294,2018-01-09 09:37:09.426,13.1878
7295,2018-01-09 09:37:09.526,13.28416
7296,2018-01-09 09:37:09.626,13.28416
7297,2018-01-09 09:37:09.726,13.28416
7298,2018-01-09 09:37:09.826,13.28416
7299,2018-01-09 09:37:09.926,13.28416
7300,2018-01-09 09:37:10.026,13.28416
7301,2018-01-09 09:37:10.126,13.28416
7302,2018-01-09 09:37:10.226,13.28416
7303,2018-01-09 09:37:10.326,13.28416
7304,2018-01-09 09:37:10.427,13.28416
7305,2018-01-09 09:37:10.526,13.36384
7306,2018-01-09 09:37:10.626,13.36384
7307,2018-01-09 09:37:10.724,13.36384
7308,2018-01-09 09:37:10.824,13.36384
7309,2018-01-09 09:37:10.924,13.36384
7310,2018-01-09 09:37:11.024,13.36384
7311,2018-01-09 09:37:11.124,13.36384
7312,2018-01-09 09:37:11.224,13.36384
7313,2018-01-09 09:37:11.324,13.36384
7314,2018-01-09 09:37:11.424,13.36384
7315,2018-01-09 09:37:11.524,13.33234
7316,2018-01-09 09:37:11.624,13.33234
7317,2018-01-09 09:37:11.725,13.33234
7318,2018-01-09 09:37:11.825,13.33234
7319,2018-01-09 09:37:11.925,13.33234
7320,2018-01-09 09:37:12.025,13.33234
7321,2018-01-09 09:37:12.125,13.33234
7322,2018-01-09 09:37:12.225,13.33234
7323,2018-01-09 09:37:12.325,13.33234
7324,2018-01-09 09:37:12.425,13.33234
7325,2018-01-09 09:37:12.525,13.269329999999998
7326,2018-01-09 09:37:12.625,13.269329999999998
7327,2018-01-09 09:37:12.725,13.269329999999998
7328,2018-01-09 09:37:12.825,13.269329999999998
7329,2018-01-09 09:37:12.925,13.269329999999998
7330,2018-01-09 09:37:13.025,13.269329999999998
7331,2018-01-09 09:37:13.125,13.269329999999998
7332,2018-01-09 09:37:13.225,13.269329999999998
7333,2018-01-09 09:37:13.325,13.269329999999998
7334,2018-01-09 09:37:13.425,13.269329999999998
7335,2018-01-09 09:37:13.525,13.00806
7336,2018-01-09 09:37:13.625,13.00806
7337,2018-01-09 09:37:13.725,13.00806
7338,2018-01-09 09:37:13.825,13.00806
7339,2018-01-09 09:37:13.925,13.00806
7340,2018-01-09 09:37:14.025,13.00806
7341,2018-01-09 09:37:14.125,13.00806
7342,2018-01-09 09:37:14.225,13.00806
7343,2018-01-09 09:37:14.325,13.00806
7344,2018-01-09 09:37:14.425,13.00806
7345,2018-01-09 09:37:14.525,12.97471
7346,2018-01-09 09:37:14.625,12.97471
7347,2018-01-09 09:37:14.726,12.97471
7348,2018-01-09 09:37:14.826,12.97471
7349,2018-01-09 09:37:14.926,12.97471
7350,2018-01-09 09:37:15.026,12.97471
7351,2018-01-09 09:37:15.126,12.97471
7352,2018-01-09 09:37:15.226,12.97471
7353,2018-01-09 09:37:15.326,12.97471
7354,2018-01-09 09:37:15.426,12.97471
7355,2018-01-09 09:37:15.526,12.95618
7356,2018-01-09 09:37:15.626,12.95618
7357,2018-01-09 09:37:15.724,12.95618
7358,2018-01-09 09:37:15.824,12.95618
7359,2018-01-09 09:37:15.924,12.95618
7360,2018-01-09 09:37:16.024,12.95618
7361,2018-01-09 09:37:16.124,12.95618
7362,2018-01-09 09:37:16.224,12.95618
7363,2018-01-09 09:37:16.324,12.95618
7364,2018-01-09 09:37:16.425,12.95618
7365,2018-01-09 09:37:16.525,12.86353
7366,2018-01-09 09:37:16.624,12.86353
7367,2018-01-09 09:37:16.725,12.86353
7368,2018-01-09 09:37:16.824,12.86353
7369,2018-01-09 09:37:16.924,12.86353
7370,2018-01-09 09:37:17.025,12.86353
7371,2018-01-09 09:37:17.125,12.86353
7372,2018-01-09 09:37:17.225,12.86353
7373,2018-01-09 09:37:17.324,12.86353
7374,2018-01-09 09:37:17.424,12.86353
7375,2018-01-09 09:37:17.524,12.73196
7376,2018-01-09 09:37:17.624,12.73196
7377,2018-01-09 09:37:17.724,12.73196
7378,2018-01-09 09:37:17.825,12.73196
7379,2018-01-09 09:37:17.925,12.73196
7380,2018-01-09 09:37:18.025,12.73196
7381,2018-01-09 09:37:18.125,12.73196
7382,2018-01-09 09:37:18.225,12.73196
7383,2018-01-09 09:37:18.325,12.73196
7384,2018-01-09 09:37:18.426,12.73196
7385,2018-01-09 09:37:18.525,12.48181
7386,2018-01-09 09:37:18.625,12.48181
7387,2018-01-09 09:37:18.725,12.48181
7388,2018-01-09 09:37:18.825,12.48181
7389,2018-01-09 09:37:18.926,12.48181
7390,2018-01-09 09:37:19.025,12.48181
7391,2018-01-09 09:37:19.126,12.48181
7392,2018-01-09 09:37:19.225,12.48181
7393,2018-01-09 09:37:19.325,12.48181
7394,2018-01-09 09:37:19.425,12.48181
7395,2018-01-09 09:37:19.525,12.21683
7396,2018-01-09 09:37:19.625,12.21683
7397,2018-01-09 09:37:19.725,12.21683
7398,2018-01-09 09:37:19.825,12.21683
7399,2018-01-09 09:37:19.925,12.21683
7400,2018-01-09 09:37:20.025,12.21683
7401,2018-01-09 09:37:20.125,12.21683
7402,2018-01-09 09:37:20.225,12.21683
7403,2018-01-09 09:37:20.326,12.21683
7404,2018-01-09 09:37:20.426,12.21683
7405,2018-01-09 09:37:20.526,11.88885
7406,2018-01-09 09:37:20.626,11.88885
7407,2018-01-09 09:37:20.724,11.88885
7408,2018-01-09 09:37:20.824,11.88885
7409,2018-01-09 09:37:20.924,11.88885
7410,2018-01-09 09:37:21.024,11.88885
7411,2018-01-09 09:37:21.124,11.88885
7412,2018-01-09 09:37:21.224,11.88885
7413,2018-01-09 09:37:21.324,11.88885
7414,2018-01-09 09:37:21.424,11.88885
7415,2018-01-09 09:37:21.524,11.88885
7416,2018-01-09 09:37:21.624,11.57569
7417,2018-01-09 09:37:21.724,11.57569
7418,2018-01-09 09:37:21.824,11.57569
7419,2018-01-09 09:37:21.924,11.57569
7420,2018-01-09 09:37:22.024,11.57569
7421,2018-01-09 09:37:22.124,11.57569
7422,2018-01-09 09:37:22.224,11.57569
7423,2018-01-09 09:37:22.324,11.57569
7424,2018-01-09 09:37:22.424,11.57569
7425,2018-01-09 09:37:22.524,11.57569
7426,2018-01-09 09:37:22.624,11.38854
7427,2018-01-09 09:37:22.724,11.38854
7428,2018-01-09 09:37:22.824,11.38854
7429,2018-01-09 09:37:22.924,11.38854
7430,2018-01-09 09:37:23.024,11.38854
7431,2018-01-09 09:37:23.124,11.38854
7432,2018-01-09 09:37:23.224,11.38854
7433,2018-01-09 09:37:23.324,11.38854
7434,2018-01-09 09:37:23.424,11.38854
7435,2018-01-09 09:37:23.524,11.38854
7436,2018-01-09 09:37:23.624,11.25327
7437,2018-01-09 09:37:23.725,11.25327
7438,2018-01-09 09:37:23.825,11.25327
7439,2018-01-09 09:37:23.925,11.25327
7440,2018-01-09 09:37:24.025,11.25327
7441,2018-01-09 09:37:24.125,11.25327
7442,2018-01-09 09:37:24.225,11.25327
7443,2018-01-09 09:37:24.325,11.25327
7444,2018-01-09 09:37:24.425,11.25327
7445,2018-01-09 09:37:24.525,11.13097
7446,2018-01-09 09:37:24.625,11.13097
7447,2018-01-09 09:37:24.725,11.13097
7448,2018-01-09 09:37:24.825,11.13097
7449,2018-01-09 09:37:24.925,11.13097
7450,2018-01-09 09:37:25.025,11.13097
7451,2018-01-09 09:37:25.125,11.13097
7452,2018-01-09 09:37:25.225,11.13097
7453,2018-01-09 09:37:25.325,11.13097
7454,2018-01-09 09:37:25.425,11.13097
7455,2018-01-09 09:37:25.525,11.055
7456,2018-01-09 09:37:25.625,11.055
7457,2018-01-09 09:37:25.723,11.055
7458,2018-01-09 09:37:25.823,11.055
7459,2018-01-09 09:37:25.923,11.055
7460,2018-01-09 09:37:26.023,11.055
7461,2018-01-09 09:37:26.123,11.055
7462,2018-01-09 09:37:26.223,11.055
7463,2018-01-09 09:37:26.323,11.055
7464,2018-01-09 09:37:26.424,11.055
7465,2018-01-09 09:37:26.523,11.055
7466,2018-01-09 09:37:26.623,10.93455
7467,2018-01-09 09:37:26.723,10.93455
7468,2018-01-09 09:37:26.825,10.93455
7469,2018-01-09 09:37:26.924,10.93455
7470,2018-01-09 09:37:27.025,10.93455
7471,2018-01-09 09:37:27.125,10.93455
7472,2018-01-09 09:37:27.224,10.93455
7473,2018-01-09 09:37:27.324,10.93455
7474,2018-01-09 09:37:27.424,10.93455
7475,2018-01-09 09:37:27.524,10.75852
7476,2018-01-09 09:37:27.624,10.75852
7477,2018-01-09 09:37:27.724,10.75852
7478,2018-01-09 09:37:27.824,10.75852
7479,2018-01-09 09:37:27.924,10.75852
7480,2018-01-09 09:37:28.024,10.75852
7481,2018-01-09 09:37:28.124,10.75852
7482,2018-01-09 09:37:28.224,10.75852
7483,2018-01-09 09:37:28.325,10.75852
7484,2018-01-09 09:37:28.425,10.75852
7485,2018-01-09 09:37:28.524,10.64548
7486,2018-01-09 09:37:28.624,10.64548
7487,2018-01-09 09:37:28.724,10.64548
7488,2018-01-09 09:37:28.825,10.64548
7489,2018-01-09 09:37:28.924,10.64548
7490,2018-01-09 09:37:29.025,10.64548
7491,2018-01-09 09:37:29.124,10.64548
7492,2018-01-09 09:37:29.224,10.64548
7493,2018-01-09 09:37:29.324,10.64548
7494,2018-01-09 09:37:29.424,10.64548
7495,2018-01-09 09:37:29.524,10.64548
7496,2018-01-09 09:37:29.624,10.57322
7497,2018-01-09 09:37:29.724,10.57322
7498,2018-01-09 09:37:29.825,10.57322
7499,2018-01-09 09:37:29.925,10.57322
7500,2018-01-09 09:37:30.025,10.57322
7501,2018-01-09 09:37:30.125,10.57322
7502,2018-01-09 09:37:30.225,10.57322
7503,2018-01-09 09:37:30.325,10.57322
7504,2018-01-09 09:37:30.425,10.57322
7505,2018-01-09 09:37:30.526,10.59545
7506,2018-01-09 09:37:30.625,10.59545
7507,2018-01-09 09:37:30.724,10.59545
7508,2018-01-09 09:37:30.823,10.59545
7509,2018-01-09 09:37:30.924,10.59545
7510,2018-01-09 09:37:31.023,10.59545
7511,2018-01-09 09:37:31.123,10.59545
7512,2018-01-09 09:37:31.224,10.59545
7513,2018-01-09 09:37:31.323,10.59545
7514,2018-01-09 09:37:31.423,10.59545
7515,2018-01-09 09:37:31.523,10.56581
7516,2018-01-09 09:37:31.623,10.56581
7517,2018-01-09 09:37:31.723,10.56581
7518,2018-01-09 09:37:31.823,10.56581
7519,2018-01-09 09:37:31.923,10.56581
7520,2018-01-09 09:37:32.023,10.56581
7521,2018-01-09 09:37:32.123,10.56581
7522,2018-01-09 09:37:32.223,10.56581
7523,2018-01-09 09:37:32.324,10.56581
7524,2018-01-09 09:37:32.423,10.56581
7525,2018-01-09 09:37:32.523,10.56581
7526,2018-01-09 09:37:32.624,10.60101
7527,2018-01-09 09:37:32.724,10.60101
7528,2018-01-09 09:37:32.825,10.60101
7529,2018-01-09 09:37:32.924,10.60101
7530,2018-01-09 09:37:33.024,10.60101
7531,2018-01-09 09:37:33.124,10.60101
7532,2018-01-09 09:37:33.225,10.60101
7533,2018-01-09 09:37:33.324,10.60101
7534,2018-01-09 09:37:33.424,10.60101
7535,2018-01-09 09:37:33.524,10.60101
7536,2018-01-09 09:37:33.624,10.75111
7537,2018-01-09 09:37:33.724,10.75111
7538,2018-01-09 09:37:33.824,10.75111
7539,2018-01-09 09:37:33.924,10.75111
7540,2018-01-09 09:37:34.024,10.75111
7541,2018-01-09 09:37:34.124,10.75111
7542,2018-01-09 09:37:34.224,10.75111
7543,2018-01-09 09:37:34.324,10.75111
7544,2018-01-09 09:37:34.424,10.75111
7545,2018-01-09 09:37:34.525,10.96605
7546,2018-01-09 09:37:34.624,10.96605
7547,2018-01-09 09:37:34.725,10.96605
7548,2018-01-09 09:37:34.825,10.96605
7549,2018-01-09 09:37:34.924,10.96605
7550,2018-01-09 09:37:35.024,10.96605
7551,2018-01-09 09:37:35.124,10.96605
7552,2018-01-09 09:37:35.225,10.96605
7553,2018-01-09 09:37:35.324,10.96605
7554,2018-01-09 09:37:35.424,10.96605
7555,2018-01-09 09:37:35.524,11.16062
7556,2018-01-09 09:37:35.624,11.16062
7557,2018-01-09 09:37:35.721,11.16062
7558,2018-01-09 09:37:35.822,11.16062
7559,2018-01-09 09:37:35.922,11.16062
7560,2018-01-09 09:37:36.022,11.16062
7561,2018-01-09 09:37:36.122,11.16062
7562,2018-01-09 09:37:36.222,11.16062
7563,2018-01-09 09:37:36.322,11.16062
7564,2018-01-09 09:37:36.423,11.16062
7565,2018-01-09 09:37:36.522,11.24586
7566,2018-01-09 09:37:36.623,11.24586
7567,2018-01-09 09:37:36.723,11.24586
7568,2018-01-09 09:37:36.823,11.24586
7569,2018-01-09 09:37:36.923,11.24586
7570,2018-01-09 09:37:37.022,11.24586
7571,2018-01-09 09:37:37.123,11.24586
7572,2018-01-09 09:37:37.223,11.24586
7573,2018-01-09 09:37:37.322,11.24586
7574,2018-01-09 09:37:37.422,11.24586
7575,2018-01-09 09:37:37.522,11.34777
7576,2018-01-09 09:37:37.622,11.34777
7577,2018-01-09 09:37:37.722,11.34777
7578,2018-01-09 09:37:37.822,11.34777
7579,2018-01-09 09:37:37.922,11.34777
7580,2018-01-09 09:37:38.022,11.34777
7581,2018-01-09 09:37:38.122,11.34777
7582,2018-01-09 09:37:38.222,11.34777
7583,2018-01-09 09:37:38.322,11.34777
7584,2018-01-09 09:37:38.424,11.34777
7585,2018-01-09 09:37:38.523,11.41263
7586,2018-01-09 09:37:38.622,11.41263
7587,2018-01-09 09:37:38.723,11.41263
7588,2018-01-09 09:37:38.823,11.41263
7589,2018-01-09 09:37:38.923,11.41263
7590,2018-01-09 09:37:39.024,11.41263
7591,2018-01-09 09:37:39.124,11.41263
7592,2018-01-09 09:37:39.224,11.41263
7593,2018-01-09 09:37:39.323,11.41263
7594,2018-01-09 09:37:39.423,11.41263
7595,2018-01-09 09:37:39.523,11.44228
7596,2018-01-09 09:37:39.623,11.44228
7597,2018-01-09 09:37:39.723,11.44228
7598,2018-01-09 09:37:39.823,11.44228
7599,2018-01-09 09:37:39.923,11.44228
7600,2018-01-09 09:37:40.023,11.44228
7601,2018-01-09 09:37:40.123,11.44228
7602,2018-01-09 09:37:40.223,11.44228
7603,2018-01-09 09:37:40.323,11.44228
7604,2018-01-09 09:37:40.423,11.44228
7605,2018-01-09 09:37:40.524,11.49045
7606,2018-01-09 09:37:40.624,11.49045
7607,2018-01-09 09:37:40.722,11.49045
7608,2018-01-09 09:37:40.822,11.49045
7609,2018-01-09 09:37:40.921,11.49045
7610,2018-01-09 09:37:41.021,11.49045
7611,2018-01-09 09:37:41.121,11.49045
7612,2018-01-09 09:37:41.221,11.49045
7613,2018-01-09 09:37:41.321,11.49045
7614,2018-01-09 09:37:41.421,11.49045
7615,2018-01-09 09:37:41.521,11.54048
7616,2018-01-09 09:37:41.621,11.54048
7617,2018-01-09 09:37:41.722,11.54048
7618,2018-01-09 09:37:41.821,11.54048
7619,2018-01-09 09:37:41.922,11.54048
7620,2018-01-09 09:37:42.022,11.54048
7621,2018-01-09 09:37:42.122,11.54048
7622,2018-01-09 09:37:42.222,11.54048
7623,2018-01-09 09:37:42.322,11.54048
7624,2018-01-09 09:37:42.423,11.54048
7625,2018-01-09 09:37:42.522,11.62202
7626,2018-01-09 09:37:42.622,11.62202
7627,2018-01-09 09:37:42.722,11.62202
7628,2018-01-09 09:37:42.822,11.62202
7629,2018-01-09 09:37:42.923,11.62202
7630,2018-01-09 09:37:43.023,11.62202
7631,2018-01-09 09:37:43.122,11.62202
7632,2018-01-09 09:37:43.222,11.62202
7633,2018-01-09 09:37:43.323,11.62202
7634,2018-01-09 09:37:43.422,11.62202
7635,2018-01-09 09:37:43.522,11.68872
7636,2018-01-09 09:37:43.622,11.68872
7637,2018-01-09 09:37:43.722,11.68872
7638,2018-01-09 09:37:43.822,11.68872
7639,2018-01-09 09:37:43.922,11.68872
7640,2018-01-09 09:37:44.022,11.68872
7641,2018-01-09 09:37:44.122,11.68872
7642,2018-01-09 09:37:44.222,11.68872
7643,2018-01-09 09:37:44.322,11.68872
7644,2018-01-09 09:37:44.422,11.68872
7645,2018-01-09 09:37:44.523,11.63499
7646,2018-01-09 09:37:44.622,11.63499
7647,2018-01-09 09:37:44.722,11.63499
7648,2018-01-09 09:37:44.823,11.63499
7649,2018-01-09 09:37:44.922,11.63499
7650,2018-01-09 09:37:45.023,11.63499
7651,2018-01-09 09:37:45.123,11.63499
7652,2018-01-09 09:37:45.223,11.63499
7653,2018-01-09 09:37:45.323,11.63499
7654,2018-01-09 09:37:45.423,11.63499
7655,2018-01-09 09:37:45.523,11.59422
7656,2018-01-09 09:37:45.623,11.59422
7657,2018-01-09 09:37:45.721,11.59422
7658,2018-01-09 09:37:45.821,11.59422
7659,2018-01-09 09:37:45.921,11.59422
7660,2018-01-09 09:37:46.021,11.59422
7661,2018-01-09 09:37:46.121,11.59422
7662,2018-01-09 09:37:46.221,11.59422
7663,2018-01-09 09:37:46.321,11.59422
7664,2018-01-09 09:37:46.422,11.59422
7665,2018-01-09 09:37:46.521,11.56828
7666,2018-01-09 09:37:46.622,11.56828
7667,2018-01-09 09:37:46.722,11.56828
7668,2018-01-09 09:37:46.822,11.56828
7669,2018-01-09 09:37:46.921,11.56828
7670,2018-01-09 09:37:47.021,11.56828
7671,2018-01-09 09:37:47.121,11.56828
7672,2018-01-09 09:37:47.221,11.56828
7673,2018-01-09 09:37:47.321,11.56828
7674,2018-01-09 09:37:47.421,11.56828
7675,2018-01-09 09:37:47.521,11.69058
7676,2018-01-09 09:37:47.621,11.69058
7677,2018-01-09 09:37:47.722,11.69058
7678,2018-01-09 09:37:47.821,11.69058
7679,2018-01-09 09:37:47.921,11.69058
7680,2018-01-09 09:37:48.022,11.69058
7681,2018-01-09 09:37:48.122,11.69058
7682,2018-01-09 09:37:48.222,11.69058
7683,2018-01-09 09:37:48.322,11.69058
7684,2018-01-09 09:37:48.422,11.69058
7685,2018-01-09 09:37:48.522,11.69058
7686,2018-01-09 09:37:48.623,11.69058
7687,2018-01-09 09:37:48.722,11.69058
7688,2018-01-09 09:37:48.823,11.69058
7689,2018-01-09 09:37:48.922,11.69058
7690,2018-01-09 09:37:49.023,11.69058
7691,2018-01-09 09:37:49.122,11.69058
7692,2018-01-09 09:37:49.222,11.69058
7693,2018-01-09 09:37:49.323,11.69058
7694,2018-01-09 09:37:49.422,11.69058
7695,2018-01-09 09:37:49.522,11.62387
7696,2018-01-09 09:37:49.622,11.62387
7697,2018-01-09 09:37:49.722,11.62387
7698,2018-01-09 09:37:49.822,11.62387
7699,2018-01-09 09:37:49.922,11.62387
7700,2018-01-09 09:37:50.022,11.62387
7701,2018-01-09 09:37:50.122,11.62387
7702,2018-01-09 09:37:50.222,11.62387
7703,2018-01-09 09:37:50.322,11.62387
7704,2018-01-09 09:37:50.422,11.62387
7705,2018-01-09 09:37:50.522,11.50528
7706,2018-01-09 09:37:50.622,11.50528
7707,2018-01-09 09:37:50.720,11.50528
7708,2018-01-09 09:37:50.820,11.50528
7709,2018-01-09 09:37:50.920,11.50528
7710,2018-01-09 09:37:51.021,11.50528
7711,2018-01-09 09:37:51.121,11.50528
7712,2018-01-09 09:37:51.221,11.50528
7713,2018-01-09 09:37:51.321,11.50528
7714,2018-01-09 09:37:51.421,11.50528
7715,2018-01-09 09:37:51.521,11.42745
7716,2018-01-09 09:37:51.621,11.42745
7717,2018-01-09 09:37:51.721,11.42745
7718,2018-01-09 09:37:51.821,11.42745
7719,2018-01-09 09:37:51.921,11.42745
7720,2018-01-09 09:37:52.021,11.42745
7721,2018-01-09 09:37:52.121,11.42745
7722,2018-01-09 09:37:52.221,11.42745
7723,2018-01-09 09:37:52.321,11.42745
7724,2018-01-09 09:37:52.421,11.42745
7725,2018-01-09 09:37:52.521,11.30701
7726,2018-01-09 09:37:52.621,11.30701
7727,2018-01-09 09:37:52.721,11.30701
7728,2018-01-09 09:37:52.821,11.30701
7729,2018-01-09 09:37:52.921,11.30701
7730,2018-01-09 09:37:53.021,11.30701
7731,2018-01-09 09:37:53.121,11.30701
7732,2018-01-09 09:37:53.221,11.30701
7733,2018-01-09 09:37:53.321,11.30701
7734,2018-01-09 09:37:53.421,11.30701
7735,2018-01-09 09:37:53.521,11.13282
7736,2018-01-09 09:37:53.621,11.13282
7737,2018-01-09 09:37:53.721,11.13282
7738,2018-01-09 09:37:53.821,11.13282
7739,2018-01-09 09:37:53.922,11.13282
7740,2018-01-09 09:37:54.022,11.13282
7741,2018-01-09 09:37:54.122,11.13282
7742,2018-01-09 09:37:54.222,11.13282
7743,2018-01-09 09:37:54.322,11.13282
7744,2018-01-09 09:37:54.422,11.13282
7745,2018-01-09 09:37:54.522,11.13282
7746,2018-01-09 09:37:54.622,10.76964
7747,2018-01-09 09:37:54.722,10.76964
7748,2018-01-09 09:37:54.822,10.76964
7749,2018-01-09 09:37:54.922,10.76964
7750,2018-01-09 09:37:55.022,10.76964
7751,2018-01-09 09:37:55.122,10.76964
7752,2018-01-09 09:37:55.222,10.76964
7753,2018-01-09 09:37:55.322,10.76964
7754,2018-01-09 09:37:55.422,10.76964
7755,2018-01-09 09:37:55.522,10.54542
7756,2018-01-09 09:37:55.622,10.54542
7757,2018-01-09 09:37:55.720,10.54542
7758,2018-01-09 09:37:55.820,10.54542
7759,2018-01-09 09:37:55.920,10.54542
7760,2018-01-09 09:37:56.020,10.54542
7761,2018-01-09 09:37:56.120,10.54542
7762,2018-01-09 09:37:56.220,10.54542
7763,2018-01-09 09:37:56.320,10.54542
7764,2018-01-09 09:37:56.420,10.54542
7765,2018-01-09 09:37:56.520,10.46574
7766,2018-01-09 09:37:56.620,10.46574
7767,2018-01-09 09:37:56.720,10.46574
7768,2018-01-09 09:37:56.820,10.46574
7769,2018-01-09 09:37:56.922,10.46574
7770,2018-01-09 09:37:57.021,10.46574
7771,2018-01-09 09:37:57.121,10.46574
7772,2018-01-09 09:37:57.222,10.46574
7773,2018-01-09 09:37:57.322,10.46574
7774,2018-01-09 09:37:57.421,10.46574
7775,2018-01-09 09:37:57.521,10.55839
7776,2018-01-09 09:37:57.621,10.55839
7777,2018-01-09 09:37:57.721,10.55839
7778,2018-01-09 09:37:57.821,10.55839
7779,2018-01-09 09:37:57.921,10.55839
7780,2018-01-09 09:37:58.021,10.55839
7781,2018-01-09 09:37:58.121,10.55839
7782,2018-01-09 09:37:58.221,10.55839
7783,2018-01-09 09:37:58.321,10.55839
7784,2018-01-09 09:37:58.421,10.55839
7785,2018-01-09 09:37:58.521,10.61954
7786,2018-01-09 09:37:58.622,10.61954
7787,2018-01-09 09:37:58.721,10.61954
7788,2018-01-09 09:37:58.821,10.61954
7789,2018-01-09 09:37:58.921,10.61954
7790,2018-01-09 09:37:59.022,10.61954
7791,2018-01-09 09:37:59.122,10.61954
7792,2018-01-09 09:37:59.221,10.61954
7793,2018-01-09 09:37:59.322,10.61954
7794,2018-01-09 09:37:59.421,10.61954
7795,2018-01-09 09:37:59.521,10.73628
7796,2018-01-09 09:37:59.621,10.73628
7797,2018-01-09 09:37:59.722,10.73628
7798,2018-01-09 09:37:59.821,10.73628
7799,2018-01-09 09:37:59.921,10.73628
7800,2018-01-09 09:38:00.022,10.73628
7801,2018-01-09 09:38:00.122,10.73628
7802,2018-01-09 09:38:00.222,10.73628
7803,2018-01-09 09:38:00.322,10.73628
7804,2018-01-09 09:38:00.422,10.73628
7805,2018-01-09 09:38:00.522,10.60101
7806,2018-01-09 09:38:00.622,10.60101
7807,2018-01-09 09:38:00.720,10.60101
7808,2018-01-09 09:38:00.820,10.60101
7809,2018-01-09 09:38:00.920,10.60101
7810,2018-01-09 09:38:01.020,10.60101
7811,2018-01-09 09:38:01.120,10.60101
7812,2018-01-09 09:38:01.220,10.60101
7813,2018-01-09 09:38:01.320,10.60101
7814,2018-01-09 09:38:01.420,10.60101
7815,2018-01-09 09:38:01.520,10.36939
7816,2018-01-09 09:38:01.620,10.36939
7817,2018-01-09 09:38:01.720,10.36939
7818,2018-01-09 09:38:01.820,10.36939
7819,2018-01-09 09:38:01.920,10.36939
7820,2018-01-09 09:38:02.020,10.36939
7821,2018-01-09 09:38:02.120,10.36939
7822,2018-01-09 09:38:02.220,10.36939
7823,2018-01-09 09:38:02.320,10.36939
7824,2018-01-09 09:38:02.420,10.36939
7825,2018-01-09 09:38:02.520,10.13035
7826,2018-01-09 09:38:02.621,10.13035
7827,2018-01-09 09:38:02.720,10.13035
7828,2018-01-09 09:38:02.820,10.13035
7829,2018-01-09 09:38:02.921,10.13035
7830,2018-01-09 09:38:03.021,10.13035
7831,2018-01-09 09:38:03.121,10.13035
7832,2018-01-09 09:38:03.221,10.13035
7833,2018-01-09 09:38:03.321,10.13035
7834,2018-01-09 09:38:03.421,10.13035
7835,2018-01-09 09:38:03.521,10.13035
7836,2018-01-09 09:38:03.621,10.11923
7837,2018-01-09 09:38:03.721,10.11923
7838,2018-01-09 09:38:03.821,10.11923
7839,2018-01-09 09:38:03.921,10.11923
7840,2018-01-09 09:38:04.021,10.11923
7841,2018-01-09 09:38:04.121,10.11923
7842,2018-01-09 09:38:04.221,10.11923
7843,2018-01-09 09:38:04.321,10.11923
7844,2018-01-09 09:38:04.421,10.11923
7845,2018-01-09 09:38:04.521,10.11923
7846,2018-01-09 09:38:04.621,10.26933
7847,2018-01-09 09:38:04.721,10.26933
7848,2018-01-09 09:38:04.821,10.26933
7849,2018-01-09 09:38:04.921,10.26933
7850,2018-01-09 09:38:05.021,10.26933
7851,2018-01-09 09:38:05.121,10.26933
7852,2018-01-09 09:38:05.221,10.26933
7853,2018-01-09 09:38:05.321,10.26933
7854,2018-01-09 09:38:05.421,10.26933
7855,2018-01-09 09:38:05.521,10.434239999999999
7856,2018-01-09 09:38:05.621,10.434239999999999
7857,2018-01-09 09:38:05.719,10.434239999999999
7858,2018-01-09 09:38:05.819,10.434239999999999
7859,2018-01-09 09:38:05.919,10.434239999999999
7860,2018-01-09 09:38:06.020,10.434239999999999
7861,2018-01-09 09:38:06.120,10.434239999999999
7862,2018-01-09 09:38:06.220,10.434239999999999
7863,2018-01-09 09:38:06.320,10.434239999999999
7864,2018-01-09 09:38:06.420,10.434239999999999
7865,2018-01-09 09:38:06.520,10.56581
7866,2018-01-09 09:38:06.621,10.56581
7867,2018-01-09 09:38:06.721,10.56581
7868,2018-01-09 09:38:06.820,10.56581
7869,2018-01-09 09:38:06.920,10.56581
7870,2018-01-09 09:38:07.021,10.56581
7871,2018-01-09 09:38:07.120,10.56581
7872,2018-01-09 09:38:07.221,10.56581
7873,2018-01-09 09:38:07.320,10.56581
7874,2018-01-09 09:38:07.420,10.56581
7875,2018-01-09 09:38:07.520,10.49539
7876,2018-01-09 09:38:07.621,10.49539
7877,2018-01-09 09:38:07.720,10.49539
7878,2018-01-09 09:38:07.820,10.49539
7879,2018-01-09 09:38:07.920,10.49539
7880,2018-01-09 09:38:08.020,10.49539
7881,2018-01-09 09:38:08.120,10.49539
7882,2018-01-09 09:38:08.220,10.49539
7883,2018-01-09 09:38:08.320,10.49539
7884,2018-01-09 09:38:08.420,10.49539
7885,2018-01-09 09:38:08.520,10.25265
7886,2018-01-09 09:38:08.621,10.25265
7887,2018-01-09 09:38:08.721,10.25265
7888,2018-01-09 09:38:08.820,10.25265
7889,2018-01-09 09:38:08.920,10.25265
7890,2018-01-09 09:38:09.021,10.25265
7891,2018-01-09 09:38:09.122,10.25265
7892,2018-01-09 09:38:09.221,10.25265
7893,2018-01-09 09:38:09.321,10.25265
7894,2018-01-09 09:38:09.421,10.25265
7895,2018-01-09 09:38:09.521,10.25265
7896,2018-01-09 09:38:09.621,10.14888
7897,2018-01-09 09:38:09.721,10.14888
7898,2018-01-09 09:38:09.822,10.14888
7899,2018-01-09 09:38:09.922,10.14888
7900,2018-01-09 09:38:10.021,10.14888
7901,2018-01-09 09:38:10.121,10.14888
7902,2018-01-09 09:38:10.221,10.14888
7903,2018-01-09 09:38:10.321,10.14888
7904,2018-01-09 09:38:10.421,10.14888
7905,2018-01-09 09:38:10.521,10.14888
7906,2018-01-09 09:38:10.621,9.846842
7907,2018-01-09 09:38:10.719,9.846842
7908,2018-01-09 09:38:10.819,9.846842
7909,2018-01-09 09:38:10.919,9.846842
7910,2018-01-09 09:38:11.019,9.846842
7911,2018-01-09 09:38:11.119,9.846842
7912,2018-01-09 09:38:11.219,9.846842
7913,2018-01-09 09:38:11.319,9.846842
7914,2018-01-09 09:38:11.419,9.846842
7915,2018-01-09 09:38:11.519,9.518861
7916,2018-01-09 09:38:11.619,9.518861
7917,2018-01-09 09:38:11.719,9.518861
7918,2018-01-09 09:38:11.820,9.518861
7919,2018-01-09 09:38:11.919,9.518861
7920,2018-01-09 09:38:12.019,9.518861
7921,2018-01-09 09:38:12.120,9.518861
7922,2018-01-09 09:38:12.220,9.518861
7923,2018-01-09 09:38:12.320,9.518861
7924,2018-01-09 09:38:12.420,9.518861
7925,2018-01-09 09:38:12.520,9.465124
7926,2018-01-09 09:38:12.620,9.465124
7927,2018-01-09 09:38:12.720,9.465124
7928,2018-01-09 09:38:12.820,9.465124
7929,2018-01-09 09:38:12.920,9.465124
7930,2018-01-09 09:38:13.020,9.465124
7931,2018-01-09 09:38:13.120,9.465124
7932,2018-01-09 09:38:13.221,9.465124
7933,2018-01-09 09:38:13.320,9.465124
7934,2018-01-09 09:38:13.420,9.465124
7935,2018-01-09 09:38:13.520,9.622629
7936,2018-01-09 09:38:13.620,9.622629
7937,2018-01-09 09:38:13.720,9.622629
7938,2018-01-09 09:38:13.820,9.622629
7939,2018-01-09 09:38:13.920,9.622629
7940,2018-01-09 09:38:14.020,9.622629
7941,2018-01-09 09:38:14.120,9.622629
7942,2018-01-09 09:38:14.220,9.622629
7943,2018-01-09 09:38:14.320,9.622629
7944,2018-01-09 09:38:14.420,9.622629
7945,2018-01-09 09:38:14.520,9.867225
7946,2018-01-09 09:38:14.620,9.867225
7947,2018-01-09 09:38:14.720,9.867225
7948,2018-01-09 09:38:14.820,9.867225
7949,2018-01-09 09:38:14.920,9.867225
7950,2018-01-09 09:38:15.020,9.867225
7951,2018-01-09 09:38:15.121,9.867225
7952,2018-01-09 09:38:15.221,9.867225
7953,2018-01-09 09:38:15.321,9.867225
7954,2018-01-09 09:38:15.421,9.867225
7955,2018-01-09 09:38:15.521,10.29156
7956,2018-01-09 09:38:15.621,10.29156
7957,2018-01-09 09:38:15.719,10.29156
7958,2018-01-09 09:38:15.819,10.29156
7959,2018-01-09 09:38:15.919,10.29156
7960,2018-01-09 09:38:16.019,10.29156
7961,2018-01-09 09:38:16.119,10.29156
7962,2018-01-09 09:38:16.219,10.29156
7963,2018-01-09 09:38:16.319,10.29156
7964,2018-01-09 09:38:16.419,10.29156
7965,2018-01-09 09:38:16.519,10.29156
7966,2018-01-09 09:38:16.619,10.46945
7967,2018-01-09 09:38:16.720,10.46945
7968,2018-01-09 09:38:16.819,10.46945
7969,2018-01-09 09:38:16.919,10.46945
7970,2018-01-09 09:38:17.019,10.46945
7971,2018-01-09 09:38:17.119,10.46945
7972,2018-01-09 09:38:17.219,10.46945
7973,2018-01-09 09:38:17.319,10.46945
7974,2018-01-09 09:38:17.419,10.46945
7975,2018-01-09 09:38:17.519,10.46945
7976,2018-01-09 09:38:17.619,10.57322
7977,2018-01-09 09:38:17.719,10.57322
7978,2018-01-09 09:38:17.819,10.57322
7979,2018-01-09 09:38:17.919,10.57322
7980,2018-01-09 09:38:18.020,10.57322
7981,2018-01-09 09:38:18.120,10.57322
7982,2018-01-09 09:38:18.220,10.57322
7983,2018-01-09 09:38:18.320,10.57322
7984,2018-01-09 09:38:18.420,10.57322
7985,2018-01-09 09:38:18.521,10.57322
7986,2018-01-09 09:38:18.620,10.64734
7987,2018-01-09 09:38:18.720,10.64734
7988,2018-01-09 09:38:18.820,10.64734
7989,2018-01-09 09:38:18.921,10.64734
7990,2018-01-09 09:38:19.020,10.64734
7991,2018-01-09 09:38:19.120,10.64734
7992,2018-01-09 09:38:19.221,10.64734
7993,2018-01-09 09:38:19.320,10.64734
7994,2018-01-09 09:38:19.420,10.64734
7995,2018-01-09 09:38:19.520,10.34159
7996,2018-01-09 09:38:19.620,10.34159
7997,2018-01-09 09:38:19.720,10.34159
7998,2018-01-09 09:38:19.820,10.34159
7999,2018-01-09 09:38:19.920,10.34159
8000,2018-01-09 09:38:20.020,10.34159
8001,2018-01-09 09:38:20.120,10.34159
8002,2018-01-09 09:38:20.220,10.34159
8003,2018-01-09 09:38:20.320,10.34159
8004,2018-01-09 09:38:20.420,10.34159
8005,2018-01-09 09:38:20.521,10.2545
8006,2018-01-09 09:38:20.620,10.2545
8007,2018-01-09 09:38:20.718,10.2545
8008,2018-01-09 09:38:20.819,10.2545
8009,2018-01-09 09:38:20.918,10.2545
8010,2018-01-09 09:38:21.018,10.2545
8011,2018-01-09 09:38:21.119,10.2545
8012,2018-01-09 09:38:21.219,10.2545
8013,2018-01-09 09:38:21.319,10.2545
8014,2018-01-09 09:38:21.419,10.2545
8015,2018-01-09 09:38:21.519,10.22671
8016,2018-01-09 09:38:21.619,10.22671
8017,2018-01-09 09:38:21.719,10.22671
8018,2018-01-09 09:38:21.819,10.22671
8019,2018-01-09 09:38:21.919,10.22671
8020,2018-01-09 09:38:22.019,10.22671
8021,2018-01-09 09:38:22.119,10.22671
8022,2018-01-09 09:38:22.219,10.22671
8023,2018-01-09 09:38:22.319,10.22671
8024,2018-01-09 09:38:22.419,10.22671
8025,2018-01-09 09:38:22.519,10.22671
8026,2018-01-09 09:38:22.619,10.18223
8027,2018-01-09 09:38:22.719,10.18223
8028,2018-01-09 09:38:22.819,10.18223
8029,2018-01-09 09:38:22.919,10.18223
8030,2018-01-09 09:38:23.019,10.18223
8031,2018-01-09 09:38:23.119,10.18223
8032,2018-01-09 09:38:23.219,10.18223
8033,2018-01-09 09:38:23.319,10.18223
8034,2018-01-09 09:38:23.419,10.18223
8035,2018-01-09 09:38:23.519,10.23597
8036,2018-01-09 09:38:23.619,10.23597
8037,2018-01-09 09:38:23.719,10.23597
8038,2018-01-09 09:38:23.819,10.23597
8039,2018-01-09 09:38:23.919,10.23597
8040,2018-01-09 09:38:24.020,10.23597
8041,2018-01-09 09:38:24.119,10.23597
8042,2018-01-09 09:38:24.220,10.23597
8043,2018-01-09 09:38:24.320,10.23597
8044,2018-01-09 09:38:24.420,10.23597
8045,2018-01-09 09:38:24.520,10.40645
8046,2018-01-09 09:38:24.620,10.40645
8047,2018-01-09 09:38:24.720,10.40645
8048,2018-01-09 09:38:24.820,10.40645
8049,2018-01-09 09:38:24.920,10.40645
8050,2018-01-09 09:38:25.020,10.40645
8051,2018-01-09 09:38:25.120,10.40645
8052,2018-01-09 09:38:25.220,10.40645
8053,2018-01-09 09:38:25.320,10.40645
8054,2018-01-09 09:38:25.420,10.40645
8055,2018-01-09 09:38:25.520,10.40645
8056,2018-01-09 09:38:25.620,10.65104
8057,2018-01-09 09:38:25.718,10.65104
8058,2018-01-09 09:38:25.818,10.65104
8059,2018-01-09 09:38:25.918,10.65104
8060,2018-01-09 09:38:26.018,10.65104
8061,2018-01-09 09:38:26.118,10.65104
8062,2018-01-09 09:38:26.218,10.65104
8063,2018-01-09 09:38:26.318,10.65104
8064,2018-01-09 09:38:26.418,10.65104
8065,2018-01-09 09:38:26.518,10.65104
8066,2018-01-09 09:38:26.618,10.92714
8067,2018-01-09 09:38:26.718,10.92714
8068,2018-01-09 09:38:26.818,10.92714
8069,2018-01-09 09:38:26.918,10.92714
8070,2018-01-09 09:38:27.018,10.92714
8071,2018-01-09 09:38:27.119,10.92714
8072,2018-01-09 09:38:27.219,10.92714
8073,2018-01-09 09:38:27.319,10.92714
8074,2018-01-09 09:38:27.419,10.92714
8075,2018-01-09 09:38:27.519,10.92714
8076,2018-01-09 09:38:27.619,10.96049
8077,2018-01-09 09:38:27.719,10.96049
8078,2018-01-09 09:38:27.819,10.96049
8079,2018-01-09 09:38:27.919,10.96049
8080,2018-01-09 09:38:28.019,10.96049
8081,2018-01-09 09:38:28.119,10.96049
8082,2018-01-09 09:38:28.219,10.96049
8083,2018-01-09 09:38:28.319,10.96049
8084,2018-01-09 09:38:28.419,10.96049
8085,2018-01-09 09:38:28.519,10.91417
8086,2018-01-09 09:38:28.619,10.91417
8087,2018-01-09 09:38:28.720,10.91417
8088,2018-01-09 09:38:28.819,10.91417
8089,2018-01-09 09:38:28.919,10.91417
8090,2018-01-09 09:38:29.020,10.91417
8091,2018-01-09 09:38:29.120,10.91417
8092,2018-01-09 09:38:29.219,10.91417
8093,2018-01-09 09:38:29.320,10.91417
8094,2018-01-09 09:38:29.419,10.91417
8095,2018-01-09 09:38:29.519,10.91417
8096,2018-01-09 09:38:29.619,10.94567
8097,2018-01-09 09:38:29.719,10.94567
8098,2018-01-09 09:38:29.819,10.94567
8099,2018-01-09 09:38:29.919,10.94567
8100,2018-01-09 09:38:30.019,10.94567
8101,2018-01-09 09:38:30.119,10.94567
8102,2018-01-09 09:38:30.220,10.94567
8103,2018-01-09 09:38:30.320,10.94567
8104,2018-01-09 09:38:30.420,10.94567
8105,2018-01-09 09:38:30.520,10.94567
8106,2018-01-09 09:38:30.620,11.11615
8107,2018-01-09 09:38:30.718,11.11615
8108,2018-01-09 09:38:30.818,11.11615
8109,2018-01-09 09:38:30.918,11.11615
8110,2018-01-09 09:38:31.018,11.11615
8111,2018-01-09 09:38:31.118,11.11615
8112,2018-01-09 09:38:31.218,11.11615
8113,2018-01-09 09:38:31.318,11.11615
8114,2018-01-09 09:38:31.418,11.11615
8115,2018-01-09 09:38:31.518,11.11615
8116,2018-01-09 09:38:31.618,11.31998
8117,2018-01-09 09:38:31.718,11.31998
8118,2018-01-09 09:38:31.818,11.31998
8119,2018-01-09 09:38:31.918,11.31998
8120,2018-01-09 09:38:32.018,11.31998
8121,2018-01-09 09:38:32.118,11.31998
8122,2018-01-09 09:38:32.218,11.31998
8123,2018-01-09 09:38:32.318,11.31998
8124,2018-01-09 09:38:32.418,11.31998
8125,2018-01-09 09:38:32.518,11.47192
8126,2018-01-09 09:38:32.618,11.47192
8127,2018-01-09 09:38:32.718,11.47192
8128,2018-01-09 09:38:32.819,11.47192
8129,2018-01-09 09:38:32.918,11.47192
8130,2018-01-09 09:38:33.018,11.47192
8131,2018-01-09 09:38:33.119,11.47192
8132,2018-01-09 09:38:33.219,11.47192
8133,2018-01-09 09:38:33.319,11.47192
8134,2018-01-09 09:38:33.419,11.47192
8135,2018-01-09 09:38:33.519,11.37742
8136,2018-01-09 09:38:33.619,11.37742
8137,2018-01-09 09:38:33.719,11.37742
8138,2018-01-09 09:38:33.819,11.37742
8139,2018-01-09 09:38:33.919,11.37742
8140,2018-01-09 09:38:34.019,11.37742
8141,2018-01-09 09:38:34.119,11.37742
8142,2018-01-09 09:38:34.219,11.37742
8143,2018-01-09 09:38:34.319,11.37742
8144,2018-01-09 09:38:34.419,11.37742
8145,2018-01-09 09:38:34.519,11.26624
8146,2018-01-09 09:38:34.619,11.26624
8147,2018-01-09 09:38:34.719,11.26624
8148,2018-01-09 09:38:34.820,11.26624
8149,2018-01-09 09:38:34.919,11.26624
8150,2018-01-09 09:38:35.019,11.26624
8151,2018-01-09 09:38:35.119,11.26624
8152,2018-01-09 09:38:35.219,11.26624
8153,2018-01-09 09:38:35.319,11.26624
8154,2018-01-09 09:38:35.419,11.26624
8155,2018-01-09 09:38:35.519,11.13468
8156,2018-01-09 09:38:35.619,11.13468
8157,2018-01-09 09:38:35.717,11.13468
8158,2018-01-09 09:38:35.817,11.13468
8159,2018-01-09 09:38:35.917,11.13468
8160,2018-01-09 09:38:36.017,11.13468
8161,2018-01-09 09:38:36.117,11.13468
8162,2018-01-09 09:38:36.217,11.13468
8163,2018-01-09 09:38:36.318,11.13468
8164,2018-01-09 09:38:36.418,11.13468
8165,2018-01-09 09:38:36.518,11.01608
8166,2018-01-09 09:38:36.618,11.01608
8167,2018-01-09 09:38:36.718,11.01608
8168,2018-01-09 09:38:36.818,11.01608
8169,2018-01-09 09:38:36.918,11.01608
8170,2018-01-09 09:38:37.018,11.01608
8171,2018-01-09 09:38:37.118,11.01608
8172,2018-01-09 09:38:37.218,11.01608
8173,2018-01-09 09:38:37.318,11.01608
8174,2018-01-09 09:38:37.418,11.01608
8175,2018-01-09 09:38:37.518,11.00311
8176,2018-01-09 09:38:37.618,11.00311
8177,2018-01-09 09:38:37.718,11.00311
8178,2018-01-09 09:38:37.818,11.00311
8179,2018-01-09 09:38:37.918,11.00311
8180,2018-01-09 09:38:38.018,11.00311
8181,2018-01-09 09:38:38.118,11.00311
8182,2018-01-09 09:38:38.218,11.00311
8183,2018-01-09 09:38:38.318,11.00311
8184,2018-01-09 09:38:38.418,11.00311
8185,2018-01-09 09:38:38.518,10.75852
8186,2018-01-09 09:38:38.618,10.75852
8187,2018-01-09 09:38:38.718,10.75852
8188,2018-01-09 09:38:38.818,10.75852
8189,2018-01-09 09:38:38.918,10.75852
8190,2018-01-09 09:38:39.018,10.75852
8191,2018-01-09 09:38:39.118,10.75852
8192,2018-01-09 09:38:39.218,10.75852
8193,2018-01-09 09:38:39.319,10.75852
8194,2018-01-09 09:38:39.419,10.75852
8195,2018-01-09 09:38:39.519,10.72702
8196,2018-01-09 09:38:39.619,10.72702
8197,2018-01-09 09:38:39.719,10.72702
8198,2018-01-09 09:38:39.819,10.72702
8199,2018-01-09 09:38:39.919,10.72702
8200,2018-01-09 09:38:40.019,10.72702
8201,2018-01-09 09:38:40.119,10.72702
8202,2018-01-09 09:38:40.219,10.72702
8203,2018-01-09 09:38:40.319,10.72702
8204,2018-01-09 09:38:40.419,10.72702
8205,2018-01-09 09:38:40.519,10.77149
8206,2018-01-09 09:38:40.619,10.77149
8207,2018-01-09 09:38:40.717,10.77149
8208,2018-01-09 09:38:40.817,10.77149
8209,2018-01-09 09:38:40.917,10.77149
8210,2018-01-09 09:38:41.018,10.77149
8211,2018-01-09 09:38:41.117,10.77149
8212,2018-01-09 09:38:41.217,10.77149
8213,2018-01-09 09:38:41.317,10.77149
8214,2018-01-09 09:38:41.417,10.77149
8215,2018-01-09 09:38:41.517,10.76222
8216,2018-01-09 09:38:41.617,10.76222
8217,2018-01-09 09:38:41.717,10.76222
8218,2018-01-09 09:38:41.817,10.76222
8219,2018-01-09 09:38:41.917,10.76222
8220,2018-01-09 09:38:42.017,10.76222
8221,2018-01-09 09:38:42.117,10.76222
8222,2018-01-09 09:38:42.217,10.76222
8223,2018-01-09 09:38:42.318,10.76222
8224,2018-01-09 09:38:42.418,10.76222
8225,2018-01-09 09:38:42.518,10.73999
8226,2018-01-09 09:38:42.618,10.73999
8227,2018-01-09 09:38:42.718,10.73999
8228,2018-01-09 09:38:42.818,10.73999
8229,2018-01-09 09:38:42.918,10.73999
8230,2018-01-09 09:38:43.018,10.73999
8231,2018-01-09 09:38:43.118,10.73999
8232,2018-01-09 09:38:43.218,10.73999
8233,2018-01-09 09:38:43.318,10.73999
8234,2018-01-09 09:38:43.418,10.73999
8235,2018-01-09 09:38:43.518,10.69181
8236,2018-01-09 09:38:43.618,10.69181
8237,2018-01-09 09:38:43.718,10.69181
8238,2018-01-09 09:38:43.818,10.69181
8239,2018-01-09 09:38:43.918,10.69181
8240,2018-01-09 09:38:44.018,10.69181
8241,2018-01-09 09:38:44.118,10.69181
8242,2018-01-09 09:38:44.218,10.69181
8243,2018-01-09 09:38:44.318,10.69181
8244,2018-01-09 09:38:44.418,10.69181
8245,2018-01-09 09:38:44.518,10.69181
8246,2018-01-09 09:38:44.618,10.61028
8247,2018-01-09 09:38:44.718,10.61028
8248,2018-01-09 09:38:44.818,10.61028
8249,2018-01-09 09:38:44.918,10.61028
8250,2018-01-09 09:38:45.019,10.61028
8251,2018-01-09 09:38:45.118,10.61028
8252,2018-01-09 09:38:45.219,10.61028
8253,2018-01-09 09:38:45.319,10.61028
8254,2018-01-09 09:38:45.419,10.61028
8255,2018-01-09 09:38:45.519,10.71775
8256,2018-01-09 09:38:45.619,10.71775
8257,2018-01-09 09:38:45.717,10.71775
8258,2018-01-09 09:38:45.817,10.71775
8259,2018-01-09 09:38:45.917,10.71775
8260,2018-01-09 09:38:46.017,10.71775
8261,2018-01-09 09:38:46.117,10.71775
8262,2018-01-09 09:38:46.217,10.71775
8263,2018-01-09 09:38:46.317,10.71775
8264,2018-01-09 09:38:46.417,10.71775
8265,2018-01-09 09:38:46.517,10.74925
8266,2018-01-09 09:38:46.617,10.74925
8267,2018-01-09 09:38:46.717,10.74925
8268,2018-01-09 09:38:46.817,10.74925
8269,2018-01-09 09:38:46.917,10.74925
8270,2018-01-09 09:38:47.017,10.74925
8271,2018-01-09 09:38:47.117,10.74925
8272,2018-01-09 09:38:47.218,10.74925
8273,2018-01-09 09:38:47.317,10.74925
8274,2018-01-09 09:38:47.418,10.74925
8275,2018-01-09 09:38:47.517,10.78817
8276,2018-01-09 09:38:47.617,10.78817
8277,2018-01-09 09:38:47.717,10.78817
8278,2018-01-09 09:38:47.817,10.78817
8279,2018-01-09 09:38:47.917,10.78817
8280,2018-01-09 09:38:48.017,10.78817
8281,2018-01-09 09:38:48.117,10.78817
8282,2018-01-09 09:38:48.218,10.78817
8283,2018-01-09 09:38:48.318,10.78817
8284,2018-01-09 09:38:48.418,10.78817
8285,2018-01-09 09:38:48.518,10.78817
8286,2018-01-09 09:38:48.618,10.92899
8287,2018-01-09 09:38:48.719,10.92899
8288,2018-01-09 09:38:48.818,10.92899
8289,2018-01-09 09:38:48.919,10.92899
8290,2018-01-09 09:38:49.018,10.92899
8291,2018-01-09 09:38:49.119,10.92899
8292,2018-01-09 09:38:49.218,10.92899
8293,2018-01-09 09:38:49.318,10.92899
8294,2018-01-09 09:38:49.418,10.92899
8295,2018-01-09 09:38:49.518,10.92899
8296,2018-01-09 09:38:49.618,10.98458
8297,2018-01-09 09:38:49.718,10.98458
8298,2018-01-09 09:38:49.818,10.98458
8299,2018-01-09 09:38:49.918,10.98458
8300,2018-01-09 09:38:50.018,10.98458
8301,2018-01-09 09:38:50.118,10.98458
8302,2018-01-09 09:38:50.218,10.98458
8303,2018-01-09 09:38:50.318,10.98458
8304,2018-01-09 09:38:50.418,10.98458
8305,2018-01-09 09:38:50.518,11.11615
8306,2018-01-09 09:38:50.618,11.11615
8307,2018-01-09 09:38:50.716,11.11615
8308,2018-01-09 09:38:50.816,11.11615
8309,2018-01-09 09:38:50.916,11.11615
8310,2018-01-09 09:38:51.016,11.11615
8311,2018-01-09 09:38:51.116,11.11615
8312,2018-01-09 09:38:51.216,11.11615
8313,2018-01-09 09:38:51.316,11.11615
8314,2018-01-09 09:38:51.417,11.11615
8315,2018-01-09 09:38:51.517,11.11615
8316,2018-01-09 09:38:51.617,11.11615
8317,2018-01-09 09:38:51.717,11.11615
8318,2018-01-09 09:38:51.817,11.11615
8319,2018-01-09 09:38:51.917,11.11615
8320,2018-01-09 09:38:52.017,11.11615
8321,2018-01-09 09:38:52.117,11.11615
8322,2018-01-09 09:38:52.217,11.11615
8323,2018-01-09 09:38:52.317,11.11615
8324,2018-01-09 09:38:52.417,11.11615
8325,2018-01-09 09:38:52.517,11.11615
8326,2018-01-09 09:38:52.617,11.0272
8327,2018-01-09 09:38:52.717,11.0272
8328,2018-01-09 09:38:52.817,11.0272
8329,2018-01-09 09:38:52.917,11.0272
8330,2018-01-09 09:38:53.017,11.0272
8331,2018-01-09 09:38:53.117,11.0272
8332,2018-01-09 09:38:53.217,11.0272
8333,2018-01-09 09:38:53.317,11.0272
8334,2018-01-09 09:38:53.417,11.0272
8335,2018-01-09 09:38:53.517,11.0272
8336,2018-01-09 09:38:53.617,10.93085
8337,2018-01-09 09:38:53.717,10.93085
8338,2018-01-09 09:38:53.817,10.93085
8339,2018-01-09 09:38:53.917,10.93085
8340,2018-01-09 09:38:54.017,10.93085
8341,2018-01-09 09:38:54.117,10.93085
8342,2018-01-09 09:38:54.218,10.93085
8343,2018-01-09 09:38:54.318,10.93085
8344,2018-01-09 09:38:54.418,10.93085
8345,2018-01-09 09:38:54.518,10.93085
8346,2018-01-09 09:38:54.619,10.79928
8347,2018-01-09 09:38:54.718,10.79928
8348,2018-01-09 09:38:54.818,10.79928
8349,2018-01-09 09:38:54.919,10.79928
8350,2018-01-09 09:38:55.018,10.79928
8351,2018-01-09 09:38:55.118,10.79928
8352,2018-01-09 09:38:55.218,10.79928
8353,2018-01-09 09:38:55.318,10.79928
8354,2018-01-09 09:38:55.418,10.79928
8355,2018-01-09 09:38:55.518,10.79928
8356,2018-01-09 09:38:55.618,10.76964
8357,2018-01-09 09:38:55.716,10.76964
8358,2018-01-09 09:38:55.816,10.76964
8359,2018-01-09 09:38:55.916,10.76964
8360,2018-01-09 09:38:56.016,10.76964
8361,2018-01-09 09:38:56.116,10.76964
8362,2018-01-09 09:38:56.216,10.76964
8363,2018-01-09 09:38:56.316,10.76964
8364,2018-01-09 09:38:56.416,10.76964
8365,2018-01-09 09:38:56.516,10.76964
8366,2018-01-09 09:38:56.616,10.91788
8367,2018-01-09 09:38:56.716,10.91788
8368,2018-01-09 09:38:56.816,10.91788
8369,2018-01-09 09:38:56.917,10.91788
8370,2018-01-09 09:38:57.016,10.91788
8371,2018-01-09 09:38:57.117,10.91788
8372,2018-01-09 09:38:57.216,10.91788
8373,2018-01-09 09:38:57.317,10.91788
8374,2018-01-09 09:38:57.418,10.91788
8375,2018-01-09 09:38:57.517,11.06241
8376,2018-01-09 09:38:57.617,11.06241
8377,2018-01-09 09:38:57.717,11.06241
8378,2018-01-09 09:38:57.817,11.06241
8379,2018-01-09 09:38:57.917,11.06241
8380,2018-01-09 09:38:58.017,11.06241
8381,2018-01-09 09:38:58.117,11.06241
8382,2018-01-09 09:38:58.217,11.06241
8383,2018-01-09 09:38:58.317,11.06241
8384,2018-01-09 09:38:58.417,11.06241
8385,2018-01-09 09:38:58.517,11.32183
8386,2018-01-09 09:38:58.617,11.32183
8387,2018-01-09 09:38:58.717,11.32183
8388,2018-01-09 09:38:58.818,11.32183
8389,2018-01-09 09:38:58.918,11.32183
8390,2018-01-09 09:38:59.017,11.32183
8391,2018-01-09 09:38:59.118,11.32183
8392,2018-01-09 09:38:59.218,11.32183
8393,2018-01-09 09:38:59.317,11.32183
8394,2018-01-09 09:38:59.418,11.32183
8395,2018-01-09 09:38:59.518,11.32183
8396,2018-01-09 09:38:59.617,11.56828
8397,2018-01-09 09:38:59.717,11.56828
8398,2018-01-09 09:38:59.817,11.56828
8399,2018-01-09 09:38:59.917,11.56828
8400,2018-01-09 09:39:00.017,11.56828
8401,2018-01-09 09:39:00.117,11.56828
8402,2018-01-09 09:39:00.217,11.56828
8403,2018-01-09 09:39:00.317,11.56828
8404,2018-01-09 09:39:00.418,11.56828
8405,2018-01-09 09:39:00.518,11.52937
8406,2018-01-09 09:39:00.619,11.52937
8407,2018-01-09 09:39:00.717,11.52937
8408,2018-01-09 09:39:00.816,11.52937
8409,2018-01-09 09:39:00.917,11.52937
8410,2018-01-09 09:39:01.016,11.52937
8411,2018-01-09 09:39:01.116,11.52937
8412,2018-01-09 09:39:01.216,11.52937
8413,2018-01-09 09:39:01.317,11.52937
8414,2018-01-09 09:39:01.417,11.52937
8415,2018-01-09 09:39:01.517,11.52937
8416,2018-01-09 09:39:01.616,11.44413
8417,2018-01-09 09:39:01.716,11.44413
8418,2018-01-09 09:39:01.816,11.44413
8419,2018-01-09 09:39:01.916,11.44413
8420,2018-01-09 09:39:02.016,11.44413
8421,2018-01-09 09:39:02.116,11.44413
8422,2018-01-09 09:39:02.216,11.44413
8423,2018-01-09 09:39:02.316,11.44413
8424,2018-01-09 09:39:02.416,11.44413
8425,2018-01-09 09:39:02.516,11.44413
8426,2018-01-09 09:39:02.616,11.13097
8427,2018-01-09 09:39:02.716,11.13097
8428,2018-01-09 09:39:02.816,11.13097
8429,2018-01-09 09:39:02.916,11.13097
8430,2018-01-09 09:39:03.016,11.13097
8431,2018-01-09 09:39:03.116,11.13097
8432,2018-01-09 09:39:03.216,11.13097
8433,2018-01-09 09:39:03.316,11.13097
8434,2018-01-09 09:39:03.418,11.13097
8435,2018-01-09 09:39:03.518,10.84561
8436,2018-01-09 09:39:03.617,10.84561
8437,2018-01-09 09:39:03.717,10.84561
8438,2018-01-09 09:39:03.817,10.84561
8439,2018-01-09 09:39:03.917,10.84561
8440,2018-01-09 09:39:04.017,10.84561
8441,2018-01-09 09:39:04.117,10.84561
8442,2018-01-09 09:39:04.217,10.84561
8443,2018-01-09 09:39:04.317,10.84561
8444,2018-01-09 09:39:04.417,10.84561
8445,2018-01-09 09:39:04.517,10.6214
8446,2018-01-09 09:39:04.618,10.6214
8447,2018-01-09 09:39:04.717,10.6214
8448,2018-01-09 09:39:04.817,10.6214
8449,2018-01-09 09:39:04.918,10.6214
8450,2018-01-09 09:39:05.018,10.6214
8451,2018-01-09 09:39:05.118,10.6214
8452,2018-01-09 09:39:05.218,10.6214
8453,2018-01-09 09:39:05.317,10.6214
8454,2018-01-09 09:39:05.418,10.6214
8455,2018-01-09 09:39:05.518,10.6214
8456,2018-01-09 09:39:05.617,10.72516
8457,2018-01-09 09:39:05.715,10.72516
8458,2018-01-09 09:39:05.815,10.72516
8459,2018-01-09 09:39:05.915,10.72516
8460,2018-01-09 09:39:06.015,10.72516
8461,2018-01-09 09:39:06.115,10.72516
8462,2018-01-09 09:39:06.215,10.72516
8463,2018-01-09 09:39:06.316,10.72516
8464,2018-01-09 09:39:06.416,10.72516
8465,2018-01-09 09:39:06.516,10.72516
8466,2018-01-09 09:39:06.616,10.94382
8467,2018-01-09 09:39:06.716,10.94382
8468,2018-01-09 09:39:06.816,10.94382
8469,2018-01-09 09:39:06.917,10.94382
8470,2018-01-09 09:39:07.016,10.94382
8471,2018-01-09 09:39:07.116,10.94382
8472,2018-01-09 09:39:07.216,10.94382
8473,2018-01-09 09:39:07.316,10.94382
8474,2018-01-09 09:39:07.416,10.94382
8475,2018-01-09 09:39:07.517,10.94382
8476,2018-01-09 09:39:07.616,11.2088
8477,2018-01-09 09:39:07.716,11.2088
8478,2018-01-09 09:39:07.816,11.2088
8479,2018-01-09 09:39:07.916,11.2088
8480,2018-01-09 09:39:08.016,11.2088
8481,2018-01-09 09:39:08.116,11.2088
8482,2018-01-09 09:39:08.216,11.2088
8483,2018-01-09 09:39:08.316,11.2088
8484,2018-01-09 09:39:08.416,11.2088
8485,2018-01-09 09:39:08.516,11.2088
8486,2018-01-09 09:39:08.616,11.31998
8487,2018-01-09 09:39:08.716,11.31998
8488,2018-01-09 09:39:08.817,11.31998
8489,2018-01-09 09:39:08.916,11.31998
8490,2018-01-09 09:39:09.016,11.31998
8491,2018-01-09 09:39:09.117,11.31998
8492,2018-01-09 09:39:09.216,11.31998
8493,2018-01-09 09:39:09.317,11.31998
8494,2018-01-09 09:39:09.418,11.31998
8495,2018-01-09 09:39:09.518,11.31998
8496,2018-01-09 09:39:09.617,11.3033
8497,2018-01-09 09:39:09.717,11.3033
8498,2018-01-09 09:39:09.817,11.3033
8499,2018-01-09 09:39:09.917,11.3033
8500,2018-01-09 09:39:10.017,11.3033
8501,2018-01-09 09:39:10.117,11.3033
8502,2018-01-09 09:39:10.217,11.3033
8503,2018-01-09 09:39:10.317,11.3033
8504,2018-01-09 09:39:10.417,11.3033
8505,2018-01-09 09:39:10.517,11.3033
8506,2018-01-09 09:39:10.617,11.04573
8507,2018-01-09 09:39:10.716,11.04573
8508,2018-01-09 09:39:10.815,11.04573
8509,2018-01-09 09:39:10.916,11.04573
8510,2018-01-09 09:39:11.015,11.04573
8511,2018-01-09 09:39:11.115,11.04573
8512,2018-01-09 09:39:11.215,11.04573
8513,2018-01-09 09:39:11.315,11.04573
8514,2018-01-09 09:39:11.415,11.04573
8515,2018-01-09 09:39:11.515,11.04573
8516,2018-01-09 09:39:11.615,10.77334
8517,2018-01-09 09:39:11.715,10.77334
8518,2018-01-09 09:39:11.815,10.77334
8519,2018-01-09 09:39:11.915,10.77334
8520,2018-01-09 09:39:12.015,10.77334
8521,2018-01-09 09:39:12.115,10.77334
8522,2018-01-09 09:39:12.215,10.77334
8523,2018-01-09 09:39:12.315,10.77334
8524,2018-01-09 09:39:12.415,10.77334
8525,2018-01-09 09:39:12.516,10.47501
8526,2018-01-09 09:39:12.617,10.47501
8527,2018-01-09 09:39:12.717,10.47501
8528,2018-01-09 09:39:12.816,10.47501
8529,2018-01-09 09:39:12.916,10.47501
8530,2018-01-09 09:39:13.016,10.47501
8531,2018-01-09 09:39:13.117,10.47501
8532,2018-01-09 09:39:13.216,10.47501
8533,2018-01-09 09:39:13.316,10.47501
8534,2018-01-09 09:39:13.416,10.47501
8535,2018-01-09 09:39:13.516,10.26562
8536,2018-01-09 09:39:13.616,10.26562
8537,2018-01-09 09:39:13.716,10.26562
8538,2018-01-09 09:39:13.816,10.26562
8539,2018-01-09 09:39:13.916,10.26562
8540,2018-01-09 09:39:14.016,10.26562
8541,2018-01-09 09:39:14.116,10.26562
8542,2018-01-09 09:39:14.216,10.26562
8543,2018-01-09 09:39:14.316,10.26562
8544,2018-01-09 09:39:14.416,10.26562
8545,2018-01-09 09:39:14.516,10.21929
8546,2018-01-09 09:39:14.616,10.21929
8547,2018-01-09 09:39:14.716,10.21929
8548,2018-01-09 09:39:14.817,10.21929
8549,2018-01-09 09:39:14.916,10.21929
8550,2018-01-09 09:39:15.017,10.21929
8551,2018-01-09 09:39:15.116,10.21929
8552,2018-01-09 09:39:15.216,10.21929
8553,2018-01-09 09:39:15.318,10.21929
8554,2018-01-09 09:39:15.417,10.21929
8555,2018-01-09 09:39:15.517,10.223
8556,2018-01-09 09:39:15.617,10.223
8557,2018-01-09 09:39:15.715,10.223
8558,2018-01-09 09:39:15.815,10.223
8559,2018-01-09 09:39:15.915,10.223
8560,2018-01-09 09:39:16.015,10.223
8561,2018-01-09 09:39:16.115,10.223
8562,2018-01-09 09:39:16.215,10.223
8563,2018-01-09 09:39:16.315,10.223
8564,2018-01-09 09:39:16.415,10.223
8565,2018-01-09 09:39:16.515,10.27489
8566,2018-01-09 09:39:16.615,10.27489
8567,2018-01-09 09:39:16.716,10.27489
8568,2018-01-09 09:39:16.815,10.27489
8569,2018-01-09 09:39:16.915,10.27489
8570,2018-01-09 09:39:17.015,10.27489
8571,2018-01-09 09:39:17.115,10.27489
8572,2018-01-09 09:39:17.215,10.27489
8573,2018-01-09 09:39:17.315,10.27489
8574,2018-01-09 09:39:17.415,10.27489
8575,2018-01-09 09:39:17.515,10.27303
8576,2018-01-09 09:39:17.615,10.27303
8577,2018-01-09 09:39:17.715,10.27303
8578,2018-01-09 09:39:17.815,10.27303
8579,2018-01-09 09:39:17.915,10.27303
8580,2018-01-09 09:39:18.015,10.27303
8581,2018-01-09 09:39:18.115,10.27303
8582,2018-01-09 09:39:18.215,10.27303
8583,2018-01-09 09:39:18.315,10.27303
8584,2018-01-09 09:39:18.415,10.27303
8585,2018-01-09 09:39:18.516,10.21744
8586,2018-01-09 09:39:18.616,10.21744
8587,2018-01-09 09:39:18.716,10.21744
8588,2018-01-09 09:39:18.816,10.21744
8589,2018-01-09 09:39:18.916,10.21744
8590,2018-01-09 09:39:19.016,10.21744
8591,2018-01-09 09:39:19.116,10.21744
8592,2018-01-09 09:39:19.216,10.21744
8593,2018-01-09 09:39:19.316,10.21744
8594,2018-01-09 09:39:19.417,10.21744
8595,2018-01-09 09:39:19.516,10.18779
8596,2018-01-09 09:39:19.616,10.18779
8597,2018-01-09 09:39:19.716,10.18779
8598,2018-01-09 09:39:19.816,10.18779
8599,2018-01-09 09:39:19.916,10.18779
8600,2018-01-09 09:39:20.016,10.18779
8601,2018-01-09 09:39:20.116,10.18779
8602,2018-01-09 09:39:20.216,10.18779
8603,2018-01-09 09:39:20.316,10.18779
8604,2018-01-09 09:39:20.416,10.18779
8605,2018-01-09 09:39:20.516,10.19706
8606,2018-01-09 09:39:20.616,10.19706
8607,2018-01-09 09:39:20.715,10.19706
8608,2018-01-09 09:39:20.815,10.19706
8609,2018-01-09 09:39:20.915,10.19706
8610,2018-01-09 09:39:21.014,10.19706
8611,2018-01-09 09:39:21.115,10.19706
8612,2018-01-09 09:39:21.215,10.19706
8613,2018-01-09 09:39:21.315,10.19706
8614,2018-01-09 09:39:21.415,10.19706
8615,2018-01-09 09:39:21.515,10.19706
8616,2018-01-09 09:39:21.615,10.32677
8617,2018-01-09 09:39:21.715,10.32677
8618,2018-01-09 09:39:21.815,10.32677
8619,2018-01-09 09:39:21.915,10.32677
8620,2018-01-09 09:39:22.015,10.32677
8621,2018-01-09 09:39:22.115,10.32677
8622,2018-01-09 09:39:22.215,10.32677
8623,2018-01-09 09:39:22.315,10.32677
8624,2018-01-09 09:39:22.415,10.32677
8625,2018-01-09 09:39:22.515,10.32677
8626,2018-01-09 09:39:22.615,10.29342
8627,2018-01-09 09:39:22.716,10.29342
8628,2018-01-09 09:39:22.815,10.29342
8629,2018-01-09 09:39:22.915,10.29342
8630,2018-01-09 09:39:23.015,10.29342
8631,2018-01-09 09:39:23.116,10.29342
8632,2018-01-09 09:39:23.215,10.29342
8633,2018-01-09 09:39:23.315,10.29342
8634,2018-01-09 09:39:23.415,10.29342
8635,2018-01-09 09:39:23.516,10.29342
8636,2018-01-09 09:39:23.615,10.25636
8637,2018-01-09 09:39:23.715,10.25636
8638,2018-01-09 09:39:23.815,10.25636
8639,2018-01-09 09:39:23.915,10.25636
8640,2018-01-09 09:39:24.015,10.25636
8641,2018-01-09 09:39:24.115,10.25636
8642,2018-01-09 09:39:24.215,10.25636
8643,2018-01-09 09:39:24.315,10.25636
8644,2018-01-09 09:39:24.415,10.25636
8645,2018-01-09 09:39:24.517,10.25636
8646,2018-01-09 09:39:24.616,10.20447
8647,2018-01-09 09:39:24.716,10.20447
8648,2018-01-09 09:39:24.816,10.20447
8649,2018-01-09 09:39:24.917,10.20447
8650,2018-01-09 09:39:25.016,10.20447
8651,2018-01-09 09:39:25.116,10.20447
8652,2018-01-09 09:39:25.216,10.20447
8653,2018-01-09 09:39:25.317,10.20447
8654,2018-01-09 09:39:25.417,10.20447
8655,2018-01-09 09:39:25.517,10.20447
8656,2018-01-09 09:39:25.617,10.06735
8657,2018-01-09 09:39:25.714,10.06735
8658,2018-01-09 09:39:25.814,10.06735
8659,2018-01-09 09:39:25.914,10.06735
8660,2018-01-09 09:39:26.014,10.06735
8661,2018-01-09 09:39:26.114,10.06735
8662,2018-01-09 09:39:26.215,10.06735
8663,2018-01-09 09:39:26.314,10.06735
8664,2018-01-09 09:39:26.414,10.06735
8665,2018-01-09 09:39:26.514,10.06735
8666,2018-01-09 09:39:26.614,10.0655
8667,2018-01-09 09:39:26.714,10.0655
8668,2018-01-09 09:39:26.814,10.0655
8669,2018-01-09 09:39:26.914,10.0655
8670,2018-01-09 09:39:27.014,10.0655
8671,2018-01-09 09:39:27.115,10.0655
8672,2018-01-09 09:39:27.215,10.0655
8673,2018-01-09 09:39:27.315,10.0655
8674,2018-01-09 09:39:27.415,10.0655
8675,2018-01-09 09:39:27.515,10.0655
8676,2018-01-09 09:39:27.615,10.18223
8677,2018-01-09 09:39:27.715,10.18223
8678,2018-01-09 09:39:27.815,10.18223
8679,2018-01-09 09:39:27.915,10.18223
8680,2018-01-09 09:39:28.015,10.18223
8681,2018-01-09 09:39:28.115,10.18223
8682,2018-01-09 09:39:28.215,10.18223
8683,2018-01-09 09:39:28.315,10.18223
8684,2018-01-09 09:39:28.415,10.18223
8685,2018-01-09 09:39:28.515,10.31009
8686,2018-01-09 09:39:28.615,10.31009
8687,2018-01-09 09:39:28.716,10.31009
8688,2018-01-09 09:39:28.816,10.31009
8689,2018-01-09 09:39:28.915,10.31009
8690,2018-01-09 09:39:29.015,10.31009
8691,2018-01-09 09:39:29.116,10.31009
8692,2018-01-09 09:39:29.215,10.31009
8693,2018-01-09 09:39:29.315,10.31009
8694,2018-01-09 09:39:29.415,10.31009
8695,2018-01-09 09:39:29.516,10.31009
8696,2018-01-09 09:39:29.615,10.43054
8697,2018-01-09 09:39:29.715,10.43054
8698,2018-01-09 09:39:29.815,10.43054
8699,2018-01-09 09:39:29.915,10.43054
8700,2018-01-09 09:39:30.015,10.43054
8701,2018-01-09 09:39:30.115,10.43054
8702,2018-01-09 09:39:30.215,10.43054
8703,2018-01-09 09:39:30.315,10.43054
8704,2018-01-09 09:39:30.415,10.43054
8705,2018-01-09 09:39:30.515,10.43054
8706,2018-01-09 09:39:30.616,10.57137
8707,2018-01-09 09:39:30.715,10.57137
8708,2018-01-09 09:39:30.815,10.57137
8709,2018-01-09 09:39:30.914,10.57137
8710,2018-01-09 09:39:31.015,10.57137
8711,2018-01-09 09:39:31.115,10.57137
8712,2018-01-09 09:39:31.214,10.57137
8713,2018-01-09 09:39:31.314,10.57137
8714,2018-01-09 09:39:31.414,10.57137
8715,2018-01-09 09:39:31.514,10.57137
8716,2018-01-09 09:39:31.614,10.57507
8717,2018-01-09 09:39:31.714,10.57507
8718,2018-01-09 09:39:31.814,10.57507
8719,2018-01-09 09:39:31.914,10.57507
8720,2018-01-09 09:39:32.014,10.57507
8721,2018-01-09 09:39:32.114,10.57507
8722,2018-01-09 09:39:32.214,10.57507
8723,2018-01-09 09:39:32.314,10.57507
8724,2018-01-09 09:39:32.414,10.57507
8725,2018-01-09 09:39:32.514,10.57507
8726,2018-01-09 09:39:32.614,10.60472
8727,2018-01-09 09:39:32.715,10.60472
8728,2018-01-09 09:39:32.814,10.60472
8729,2018-01-09 09:39:32.914,10.60472
8730,2018-01-09 09:39:33.014,10.60472
8731,2018-01-09 09:39:33.114,10.60472
8732,2018-01-09 09:39:33.214,10.60472
8733,2018-01-09 09:39:33.314,10.60472
8734,2018-01-09 09:39:33.414,10.60472
8735,2018-01-09 09:39:33.515,10.60472
8736,2018-01-09 09:39:33.615,10.68069
8737,2018-01-09 09:39:33.715,10.68069
8738,2018-01-09 09:39:33.815,10.68069
8739,2018-01-09 09:39:33.915,10.68069
8740,2018-01-09 09:39:34.015,10.68069
8741,2018-01-09 09:39:34.115,10.68069
8742,2018-01-09 09:39:34.215,10.68069
8743,2018-01-09 09:39:34.315,10.68069
8744,2018-01-09 09:39:34.415,10.68069
8745,2018-01-09 09:39:34.515,10.68069
8746,2018-01-09 09:39:34.615,10.76778
8747,2018-01-09 09:39:34.715,10.76778
8748,2018-01-09 09:39:34.816,10.76778
8749,2018-01-09 09:39:34.915,10.76778
8750,2018-01-09 09:39:35.016,10.76778
8751,2018-01-09 09:39:35.115,10.76778
8752,2018-01-09 09:39:35.215,10.76778
8753,2018-01-09 09:39:35.315,10.76778
8754,2018-01-09 09:39:35.415,10.76778
8755,2018-01-09 09:39:35.515,10.55284
8756,2018-01-09 09:39:35.615,10.55284
8757,2018-01-09 09:39:35.713,10.55284
8758,2018-01-09 09:39:35.813,10.55284
8759,2018-01-09 09:39:35.913,10.55284
8760,2018-01-09 09:39:36.013,10.55284
8761,2018-01-09 09:39:36.113,10.55284
8762,2018-01-09 09:39:36.213,10.55284
8763,2018-01-09 09:39:36.313,10.55284
8764,2018-01-09 09:39:36.413,10.55284
8765,2018-01-09 09:39:36.514,10.55284
8766,2018-01-09 09:39:36.614,10.56766
8767,2018-01-09 09:39:36.714,10.56766
8768,2018-01-09 09:39:36.815,10.56766
8769,2018-01-09 09:39:36.915,10.56766
8770,2018-01-09 09:39:37.015,10.56766
8771,2018-01-09 09:39:37.114,10.56766
8772,2018-01-09 09:39:37.215,10.56766
8773,2018-01-09 09:39:37.315,10.56766
8774,2018-01-09 09:39:37.415,10.56766
8775,2018-01-09 09:39:37.515,10.63622
8776,2018-01-09 09:39:37.614,10.63622
8777,2018-01-09 09:39:37.714,10.63622
8778,2018-01-09 09:39:37.814,10.63622
8779,2018-01-09 09:39:37.914,10.63622
8780,2018-01-09 09:39:38.014,10.63622
8781,2018-01-09 09:39:38.114,10.63622
8782,2018-01-09 09:39:38.214,10.63622
8783,2018-01-09 09:39:38.314,10.63622
8784,2018-01-09 09:39:38.414,10.63622
8785,2018-01-09 09:39:38.514,10.64548
8786,2018-01-09 09:39:38.614,10.64548
8787,2018-01-09 09:39:38.714,10.64548
8788,2018-01-09 09:39:38.815,10.64548
8789,2018-01-09 09:39:38.914,10.64548
8790,2018-01-09 09:39:39.014,10.64548
8791,2018-01-09 09:39:39.115,10.64548
8792,2018-01-09 09:39:39.214,10.64548
8793,2018-01-09 09:39:39.314,10.64548
8794,2018-01-09 09:39:39.415,10.64548
8795,2018-01-09 09:39:39.516,10.60101
8796,2018-01-09 09:39:39.615,10.60101
8797,2018-01-09 09:39:39.715,10.60101
8798,2018-01-09 09:39:39.815,10.60101
8799,2018-01-09 09:39:39.915,10.60101
8800,2018-01-09 09:39:40.015,10.60101
8801,2018-01-09 09:39:40.115,10.60101
8802,2018-01-09 09:39:40.215,10.60101
8803,2018-01-09 09:39:40.315,10.60101
8804,2018-01-09 09:39:40.415,10.60101
8805,2018-01-09 09:39:40.515,10.49724
8806,2018-01-09 09:39:40.615,10.49724
8807,2018-01-09 09:39:40.713,10.49724
8808,2018-01-09 09:39:40.813,10.49724
8809,2018-01-09 09:39:40.913,10.49724
8810,2018-01-09 09:39:41.014,10.49724
8811,2018-01-09 09:39:41.113,10.49724
8812,2018-01-09 09:39:41.213,10.49724
8813,2018-01-09 09:39:41.313,10.49724
8814,2018-01-09 09:39:41.414,10.49724
8815,2018-01-09 09:39:41.513,10.49724
8816,2018-01-09 09:39:41.614,10.29712
8817,2018-01-09 09:39:41.713,10.29712
8818,2018-01-09 09:39:41.813,10.29712
8819,2018-01-09 09:39:41.913,10.29712
8820,2018-01-09 09:39:42.013,10.29712
8821,2018-01-09 09:39:42.113,10.29712
8822,2018-01-09 09:39:42.213,10.29712
8823,2018-01-09 09:39:42.313,10.29712
8824,2018-01-09 09:39:42.413,10.29712
8825,2018-01-09 09:39:42.514,10.29712
8826,2018-01-09 09:39:42.614,10.04697
8827,2018-01-09 09:39:42.714,10.04697
8828,2018-01-09 09:39:42.814,10.04697
8829,2018-01-09 09:39:42.914,10.04697
8830,2018-01-09 09:39:43.014,10.04697
8831,2018-01-09 09:39:43.114,10.04697
8832,2018-01-09 09:39:43.214,10.04697
8833,2018-01-09 09:39:43.315,10.04697
8834,2018-01-09 09:39:43.415,10.04697
8835,2018-01-09 09:39:43.514,10.04697
8836,2018-01-09 09:39:43.614,9.822753
8837,2018-01-09 09:39:43.715,9.822753
8838,2018-01-09 09:39:43.814,9.822753
8839,2018-01-09 09:39:43.914,9.822753
8840,2018-01-09 09:39:44.014,9.822753
8841,2018-01-09 09:39:44.114,9.822753
8842,2018-01-09 09:39:44.214,9.822753
8843,2018-01-09 09:39:44.314,9.822753
8844,2018-01-09 09:39:44.414,9.822753
8845,2018-01-09 09:39:44.514,9.822753
8846,2018-01-09 09:39:44.614,9.785692999999998
8847,2018-01-09 09:39:44.714,9.785692999999998
8848,2018-01-09 09:39:44.814,9.785692999999998
8849,2018-01-09 09:39:44.914,9.785692999999998
8850,2018-01-09 09:39:45.014,9.785692999999998
8851,2018-01-09 09:39:45.114,9.785692999999998
8852,2018-01-09 09:39:45.214,9.785692999999998
8853,2018-01-09 09:39:45.314,9.785692999999998
8854,2018-01-09 09:39:45.414,9.785692999999998
8855,2018-01-09 09:39:45.515,9.785692999999998
8856,2018-01-09 09:39:45.615,9.739368
8857,2018-01-09 09:39:45.713,9.739368
8858,2018-01-09 09:39:45.813,9.739368
8859,2018-01-09 09:39:45.913,9.739368
8860,2018-01-09 09:39:46.013,9.739368
8861,2018-01-09 09:39:46.113,9.739368
8862,2018-01-09 09:39:46.213,9.739368
8863,2018-01-09 09:39:46.313,9.739368
8864,2018-01-09 09:39:46.413,9.739368
8865,2018-01-09 09:39:46.513,9.711573
8866,2018-01-09 09:39:46.613,9.711573
8867,2018-01-09 09:39:46.713,9.711573
8868,2018-01-09 09:39:46.813,9.711573
8869,2018-01-09 09:39:46.914,9.711573
8870,2018-01-09 09:39:47.014,9.711573
8871,2018-01-09 09:39:47.113,9.711573
8872,2018-01-09 09:39:47.214,9.711573
8873,2018-01-09 09:39:47.313,9.711573
8874,2018-01-09 09:39:47.413,9.711573
8875,2018-01-09 09:39:47.513,9.717132
8876,2018-01-09 09:39:47.613,9.717132
8877,2018-01-09 09:39:47.713,9.717132
8878,2018-01-09 09:39:47.813,9.717132
8879,2018-01-09 09:39:47.913,9.717132
8880,2018-01-09 09:39:48.013,9.717132
8881,2018-01-09 09:39:48.113,9.717132
8882,2018-01-09 09:39:48.213,9.717132
8883,2018-01-09 09:39:48.313,9.717132
8884,2018-01-09 09:39:48.413,9.717132
8885,2018-01-09 09:39:48.513,9.717132
8886,2018-01-09 09:39:48.613,9.735662
8887,2018-01-09 09:39:48.714,9.735662
8888,2018-01-09 09:39:48.814,9.735662
8889,2018-01-09 09:39:48.915,9.735662
8890,2018-01-09 09:39:49.014,9.735662
8891,2018-01-09 09:39:49.115,9.735662
8892,2018-01-09 09:39:49.214,9.735662
8893,2018-01-09 09:39:49.314,9.735662
8894,2018-01-09 09:39:49.414,9.735662
8895,2018-01-09 09:39:49.514,9.735662
8896,2018-01-09 09:39:49.614,9.739368
8897,2018-01-09 09:39:49.714,9.739368
8898,2018-01-09 09:39:49.814,9.739368
8899,2018-01-09 09:39:49.914,9.739368
8900,2018-01-09 09:39:50.014,9.739368
8901,2018-01-09 09:39:50.114,9.739368
8902,2018-01-09 09:39:50.214,9.739368
8903,2018-01-09 09:39:50.314,9.739368
8904,2018-01-09 09:39:50.414,9.739368
8905,2018-01-09 09:39:50.514,9.739368
8906,2018-01-09 09:39:50.614,9.774575
8907,2018-01-09 09:39:50.712,9.774575
8908,2018-01-09 09:39:50.813,9.774575
8909,2018-01-09 09:39:50.912,9.774575
8910,2018-01-09 09:39:51.013,9.774575
8911,2018-01-09 09:39:51.113,9.774575
8912,2018-01-09 09:39:51.212,9.774575
8913,2018-01-09 09:39:51.312,9.774575
8914,2018-01-09 09:39:51.412,9.774575
8915,2018-01-09 09:39:51.512,9.850548
8916,2018-01-09 09:39:51.613,9.850548
8917,2018-01-09 09:39:51.713,9.850548
8918,2018-01-09 09:39:51.813,9.850548
8919,2018-01-09 09:39:51.913,9.850548
8920,2018-01-09 09:39:52.013,9.850548
8921,2018-01-09 09:39:52.113,9.850548
8922,2018-01-09 09:39:52.213,9.850548
8923,2018-01-09 09:39:52.313,9.850548
8924,2018-01-09 09:39:52.413,9.850548
8925,2018-01-09 09:39:52.513,9.828312
8926,2018-01-09 09:39:52.613,9.828312
8927,2018-01-09 09:39:52.713,9.828312
8928,2018-01-09 09:39:52.814,9.828312
8929,2018-01-09 09:39:52.913,9.828312
8930,2018-01-09 09:39:53.014,9.828312
8931,2018-01-09 09:39:53.114,9.828312
8932,2018-01-09 09:39:53.213,9.828312
8933,2018-01-09 09:39:53.313,9.828312
8934,2018-01-09 09:39:53.414,9.828312
8935,2018-01-09 09:39:53.514,9.828312
8936,2018-01-09 09:39:53.613,9.76531
8937,2018-01-09 09:39:53.713,9.76531
8938,2018-01-09 09:39:53.813,9.76531
8939,2018-01-09 09:39:53.913,9.76531
8940,2018-01-09 09:39:54.013,9.76531
8941,2018-01-09 09:39:54.113,9.76531
8942,2018-01-09 09:39:54.213,9.76531
8943,2018-01-09 09:39:54.313,9.76531
8944,2018-01-09 09:39:54.413,9.76531
8945,2018-01-09 09:39:54.513,9.76531
8946,2018-01-09 09:39:54.614,9.891314
8947,2018-01-09 09:39:54.714,9.891314
8948,2018-01-09 09:39:54.814,9.891314
8949,2018-01-09 09:39:54.914,9.891314
8950,2018-01-09 09:39:55.015,9.891314
8951,2018-01-09 09:39:55.115,9.891314
8952,2018-01-09 09:39:55.215,9.891314
8953,2018-01-09 09:39:55.314,9.891314
8954,2018-01-09 09:39:55.415,9.891314
8955,2018-01-09 09:39:55.515,9.891314
8956,2018-01-09 09:39:55.612,10.17297
8957,2018-01-09 09:39:55.712,10.17297
8958,2018-01-09 09:39:55.812,10.17297
8959,2018-01-09 09:39:55.912,10.17297
8960,2018-01-09 09:39:56.012,10.17297
8961,2018-01-09 09:39:56.112,10.17297
8962,2018-01-09 09:39:56.212,10.17297
8963,2018-01-09 09:39:56.312,10.17297
8964,2018-01-09 09:39:56.412,10.17297
8965,2018-01-09 09:39:56.512,10.45092
8966,2018-01-09 09:39:56.612,10.45092
8967,2018-01-09 09:39:56.712,10.45092
8968,2018-01-09 09:39:56.812,10.45092
8969,2018-01-09 09:39:56.912,10.45092
8970,2018-01-09 09:39:57.012,10.45092
8971,2018-01-09 09:39:57.112,10.45092
8972,2018-01-09 09:39:57.212,10.45092
8973,2018-01-09 09:39:57.312,10.45092
8974,2018-01-09 09:39:57.412,10.45092
8975,2018-01-09 09:39:57.512,10.38606
8976,2018-01-09 09:39:57.612,10.38606
8977,2018-01-09 09:39:57.712,10.38606
8978,2018-01-09 09:39:57.813,10.38606
8979,2018-01-09 09:39:57.913,10.38606
8980,2018-01-09 09:39:58.013,10.38606
8981,2018-01-09 09:39:58.113,10.38606
8982,2018-01-09 09:39:58.213,10.38606
8983,2018-01-09 09:39:58.313,10.38606
8984,2018-01-09 09:39:58.413,10.38606
8985,2018-01-09 09:39:58.513,10.39533
8986,2018-01-09 09:39:58.613,10.39533
8987,2018-01-09 09:39:58.713,10.39533
8988,2018-01-09 09:39:58.813,10.39533
8989,2018-01-09 09:39:58.913,10.39533
8990,2018-01-09 09:39:59.013,10.39533
8991,2018-01-09 09:39:59.113,10.39533
8992,2018-01-09 09:39:59.213,10.39533
8993,2018-01-09 09:39:59.313,10.39533
8994,2018-01-09 09:39:59.413,10.39533
8995,2018-01-09 09:39:59.513,10.39533
8996,2018-01-09 09:39:59.613,10.4713
8997,2018-01-09 09:39:59.713,10.4713
8998,2018-01-09 09:39:59.813,10.4713
8999,2018-01-09 09:39:59.913,10.4713
9000,2018-01-09 09:40:00.013,10.4713
9001,2018-01-09 09:40:00.113,10.4713
9002,2018-01-09 09:40:00.213,10.4713
9003,2018-01-09 09:40:00.313,10.4713
9004,2018-01-09 09:40:00.413,10.4713
9005,2018-01-09 09:40:00.513,10.4713
9006,2018-01-09 09:40:00.611,10.70849
9007,2018-01-09 09:40:00.712,10.70849
9008,2018-01-09 09:40:00.813,10.70849
9009,2018-01-09 09:40:00.913,10.70849
9010,2018-01-09 09:40:01.012,10.70849
9011,2018-01-09 09:40:01.112,10.70849
9012,2018-01-09 09:40:01.213,10.70849
9013,2018-01-09 09:40:01.312,10.70849
9014,2018-01-09 09:40:01.412,10.70849
9015,2018-01-09 09:40:01.512,10.70849
9016,2018-01-09 09:40:01.612,11.00867
9017,2018-01-09 09:40:01.712,11.00867
9018,2018-01-09 09:40:01.812,11.00867
9019,2018-01-09 09:40:01.912,11.00867
9020,2018-01-09 09:40:02.012,11.00867
9021,2018-01-09 09:40:02.112,11.00867
9022,2018-01-09 09:40:02.212,11.00867
9023,2018-01-09 09:40:02.312,11.00867
9024,2018-01-09 09:40:02.412,11.00867
9025,2018-01-09 09:40:02.512,11.00867
9026,2018-01-09 09:40:02.612,11.28292
9027,2018-01-09 09:40:02.712,11.28292
9028,2018-01-09 09:40:02.812,11.28292
9029,2018-01-09 09:40:02.912,11.28292
9030,2018-01-09 09:40:03.013,11.28292
9031,2018-01-09 09:40:03.113,11.28292
9032,2018-01-09 09:40:03.212,11.28292
9033,2018-01-09 09:40:03.312,11.28292
9034,2018-01-09 09:40:03.412,11.28292
9035,2018-01-09 09:40:03.512,11.28292
9036,2018-01-09 09:40:03.613,11.7017
9037,2018-01-09 09:40:03.713,11.7017
9038,2018-01-09 09:40:03.813,11.7017
9039,2018-01-09 09:40:03.913,11.7017
9040,2018-01-09 09:40:04.013,11.7017
9041,2018-01-09 09:40:04.113,11.7017
9042,2018-01-09 09:40:04.213,11.7017
9043,2018-01-09 09:40:04.313,11.7017
9044,2018-01-09 09:40:04.413,11.7017
9045,2018-01-09 09:40:04.513,11.7017
9046,2018-01-09 09:40:04.613,11.63313
9047,2018-01-09 09:40:04.713,11.63313
9048,2018-01-09 09:40:04.814,11.63313
9049,2018-01-09 09:40:04.913,11.63313
9050,2018-01-09 09:40:05.013,11.63313
9051,2018-01-09 09:40:05.113,11.63313
9052,2018-01-09 09:40:05.214,11.63313
9053,2018-01-09 09:40:05.313,11.63313
9054,2018-01-09 09:40:05.414,11.63313
9055,2018-01-09 09:40:05.514,11.63313
9056,2018-01-09 09:40:05.612,11.54234
9057,2018-01-09 09:40:05.711,11.54234
9058,2018-01-09 09:40:05.811,11.54234
9059,2018-01-09 09:40:05.911,11.54234
9060,2018-01-09 09:40:06.011,11.54234
9061,2018-01-09 09:40:06.111,11.54234
9062,2018-01-09 09:40:06.211,11.54234
9063,2018-01-09 09:40:06.311,11.54234
9064,2018-01-09 09:40:06.411,11.54234
9065,2018-01-09 09:40:06.511,11.54234
9066,2018-01-09 09:40:06.611,11.59607
9067,2018-01-09 09:40:06.711,11.59607
9068,2018-01-09 09:40:06.812,11.59607
9069,2018-01-09 09:40:06.912,11.59607
9070,2018-01-09 09:40:07.013,11.59607
9071,2018-01-09 09:40:07.112,11.59607
9072,2018-01-09 09:40:07.212,11.59607
9073,2018-01-09 09:40:07.312,11.59607
9074,2018-01-09 09:40:07.413,11.59607
9075,2018-01-09 09:40:07.512,11.59607
9076,2018-01-09 09:40:07.613,11.77396
9077,2018-01-09 09:40:07.712,11.77396
9078,2018-01-09 09:40:07.812,11.77396
9079,2018-01-09 09:40:07.912,11.77396
9080,2018-01-09 09:40:08.012,11.77396
9081,2018-01-09 09:40:08.112,11.77396
9082,2018-01-09 09:40:08.212,11.77396
9083,2018-01-09 09:40:08.312,11.77396
9084,2018-01-09 09:40:08.412,11.77396
9085,2018-01-09 09:40:08.512,11.77396
9086,2018-01-09 09:40:08.612,11.96667
9087,2018-01-09 09:40:08.712,11.96667
9088,2018-01-09 09:40:08.812,11.96667
9089,2018-01-09 09:40:08.913,11.96667
9090,2018-01-09 09:40:09.012,11.96667
9091,2018-01-09 09:40:09.112,11.96667
9092,2018-01-09 09:40:09.213,11.96667
9093,2018-01-09 09:40:09.313,11.96667
9094,2018-01-09 09:40:09.412,11.96667
9095,2018-01-09 09:40:09.513,11.96667
9096,2018-01-09 09:40:09.613,11.99076
9097,2018-01-09 09:40:09.713,11.99076
9098,2018-01-09 09:40:09.812,11.99076
9099,2018-01-09 09:40:09.913,11.99076
9100,2018-01-09 09:40:10.013,11.99076
9101,2018-01-09 09:40:10.113,11.99076
9102,2018-01-09 09:40:10.213,11.99076
9103,2018-01-09 09:40:10.313,11.99076
9104,2018-01-09 09:40:10.413,11.99076
9105,2018-01-09 09:40:10.513,11.99076
9106,2018-01-09 09:40:10.611,11.83696
9107,2018-01-09 09:40:10.711,11.83696
9108,2018-01-09 09:40:10.811,11.83696
9109,2018-01-09 09:40:10.911,11.83696
9110,2018-01-09 09:40:11.011,11.83696
9111,2018-01-09 09:40:11.111,11.83696
9112,2018-01-09 09:40:11.211,11.83696
9113,2018-01-09 09:40:11.311,11.83696
9114,2018-01-09 09:40:11.411,11.83696
9115,2018-01-09 09:40:11.511,11.83696
9116,2018-01-09 09:40:11.611,11.39039
9117,2018-01-09 09:40:11.711,11.39039
9118,2018-01-09 09:40:11.811,11.39039
9119,2018-01-09 09:40:11.911,11.39039
9120,2018-01-09 09:40:12.011,11.39039
9121,2018-01-09 09:40:12.111,11.39039
9122,2018-01-09 09:40:12.211,11.39039
9123,2018-01-09 09:40:12.311,11.39039
9124,2018-01-09 09:40:12.411,11.39039
9125,2018-01-09 09:40:12.511,11.26995
9126,2018-01-09 09:40:12.611,11.26995
9127,2018-01-09 09:40:12.712,11.26995
9128,2018-01-09 09:40:12.812,11.26995
9129,2018-01-09 09:40:12.912,11.26995
9130,2018-01-09 09:40:13.013,11.26995
9131,2018-01-09 09:40:13.113,11.26995
9132,2018-01-09 09:40:13.212,11.26995
9133,2018-01-09 09:40:13.312,11.26995
9134,2018-01-09 09:40:13.412,11.26995
9135,2018-01-09 09:40:13.512,11.20138
9136,2018-01-09 09:40:13.612,11.20138
9137,2018-01-09 09:40:13.712,11.20138
9138,2018-01-09 09:40:13.812,11.20138
9139,2018-01-09 09:40:13.912,11.20138
9140,2018-01-09 09:40:14.012,11.20138
9141,2018-01-09 09:40:14.112,11.20138
9142,2018-01-09 09:40:14.212,11.20138
9143,2018-01-09 09:40:14.312,11.20138
9144,2018-01-09 09:40:14.412,11.20138
9145,2018-01-09 09:40:14.512,11.06982
9146,2018-01-09 09:40:14.612,11.06982
9147,2018-01-09 09:40:14.712,11.06982
9148,2018-01-09 09:40:14.812,11.06982
9149,2018-01-09 09:40:14.912,11.06982
9150,2018-01-09 09:40:15.013,11.06982
9151,2018-01-09 09:40:15.112,11.06982
9152,2018-01-09 09:40:15.212,11.06982
9153,2018-01-09 09:40:15.313,11.06982
9154,2018-01-09 09:40:15.412,11.06982
9155,2018-01-09 09:40:15.512,10.76964
9156,2018-01-09 09:40:15.610,10.76964
9157,2018-01-09 09:40:15.711,10.76964
9158,2018-01-09 09:40:15.811,10.76964
9159,2018-01-09 09:40:15.910,10.76964
9160,2018-01-09 09:40:16.011,10.76964
9161,2018-01-09 09:40:16.111,10.76964
9162,2018-01-09 09:40:16.211,10.76964
9163,2018-01-09 09:40:16.311,10.76964
9164,2018-01-09 09:40:16.411,10.76964
9165,2018-01-09 09:40:16.511,10.76964
9166,2018-01-09 09:40:16.611,10.48798
9167,2018-01-09 09:40:16.711,10.48798
9168,2018-01-09 09:40:16.811,10.48798
9169,2018-01-09 09:40:16.911,10.48798
9170,2018-01-09 09:40:17.012,10.48798
9171,2018-01-09 09:40:17.112,10.48798
9172,2018-01-09 09:40:17.212,10.48798
9173,2018-01-09 09:40:17.311,10.48798
9174,2018-01-09 09:40:17.411,10.48798
9175,2018-01-09 09:40:17.512,10.48798
9176,2018-01-09 09:40:17.611,10.24709
9177,2018-01-09 09:40:17.712,10.24709
9178,2018-01-09 09:40:17.811,10.24709
9179,2018-01-09 09:40:17.911,10.24709
9180,2018-01-09 09:40:18.011,10.24709
9181,2018-01-09 09:40:18.111,10.24709
9182,2018-01-09 09:40:18.211,10.24709
9183,2018-01-09 09:40:18.311,10.24709
9184,2018-01-09 09:40:18.411,10.24709
9185,2018-01-09 09:40:18.511,10.24709
9186,2018-01-09 09:40:18.611,10.18223
9187,2018-01-09 09:40:18.711,10.18223
9188,2018-01-09 09:40:18.811,10.18223
9189,2018-01-09 09:40:18.911,10.18223
9190,2018-01-09 09:40:19.012,10.18223
9191,2018-01-09 09:40:19.112,10.18223
9192,2018-01-09 09:40:19.212,10.18223
9193,2018-01-09 09:40:19.312,10.18223
9194,2018-01-09 09:40:19.412,10.18223
9195,2018-01-09 09:40:19.512,10.26191
9196,2018-01-09 09:40:19.613,10.26191
9197,2018-01-09 09:40:19.712,10.26191
9198,2018-01-09 09:40:19.812,10.26191
9199,2018-01-09 09:40:19.912,10.26191
9200,2018-01-09 09:40:20.012,10.26191
9201,2018-01-09 09:40:20.112,10.26191
9202,2018-01-09 09:40:20.212,10.26191
9203,2018-01-09 09:40:20.312,10.26191
9204,2018-01-09 09:40:20.412,10.26191
9205,2018-01-09 09:40:20.512,10.26191
9206,2018-01-09 09:40:20.611,10.41386
9207,2018-01-09 09:40:20.710,10.41386
9208,2018-01-09 09:40:20.810,10.41386
9209,2018-01-09 09:40:20.910,10.41386
9210,2018-01-09 09:40:21.010,10.41386
9211,2018-01-09 09:40:21.110,10.41386
9212,2018-01-09 09:40:21.211,10.41386
9213,2018-01-09 09:40:21.310,10.41386
9214,2018-01-09 09:40:21.410,10.41386
9215,2018-01-09 09:40:21.510,10.41386
9216,2018-01-09 09:40:21.610,10.46945
9217,2018-01-09 09:40:21.710,10.46945
9218,2018-01-09 09:40:21.810,10.46945
9219,2018-01-09 09:40:21.910,10.46945
9220,2018-01-09 09:40:22.011,10.46945
9221,2018-01-09 09:40:22.111,10.46945
9222,2018-01-09 09:40:22.211,10.46945
9223,2018-01-09 09:40:22.311,10.46945
9224,2018-01-09 09:40:22.411,10.46945
9225,2018-01-09 09:40:22.511,10.33047
9226,2018-01-09 09:40:22.611,10.33047
9227,2018-01-09 09:40:22.711,10.33047
9228,2018-01-09 09:40:22.811,10.33047
9229,2018-01-09 09:40:22.911,10.33047
9230,2018-01-09 09:40:23.011,10.33047
9231,2018-01-09 09:40:23.111,10.33047
9232,2018-01-09 09:40:23.211,10.33047
9233,2018-01-09 09:40:23.311,10.33047
9234,2018-01-09 09:40:23.411,10.33047
9235,2018-01-09 09:40:23.511,10.02658
9236,2018-01-09 09:40:23.611,10.02658
9237,2018-01-09 09:40:23.711,10.02658
9238,2018-01-09 09:40:23.811,10.02658
9239,2018-01-09 09:40:23.911,10.02658
9240,2018-01-09 09:40:24.011,10.02658
9241,2018-01-09 09:40:24.111,10.02658
9242,2018-01-09 09:40:24.211,10.02658
9243,2018-01-09 09:40:24.311,10.02658
9244,2018-01-09 09:40:24.411,10.02658
9245,2018-01-09 09:40:24.511,9.607805
9246,2018-01-09 09:40:24.611,9.607805
9247,2018-01-09 09:40:24.711,9.607805
9248,2018-01-09 09:40:24.812,9.607805
9249,2018-01-09 09:40:24.913,9.607805
9250,2018-01-09 09:40:25.012,9.607805
9251,2018-01-09 09:40:25.112,9.607805
9252,2018-01-09 09:40:25.212,9.607805
9253,2018-01-09 09:40:25.312,9.607805
9254,2018-01-09 09:40:25.412,9.607805
9255,2018-01-09 09:40:25.512,9.266853
9256,2018-01-09 09:40:25.610,9.266853
9257,2018-01-09 09:40:25.711,9.266853
9258,2018-01-09 09:40:25.810,9.266853
9259,2018-01-09 09:40:25.910,9.266853
9260,2018-01-09 09:40:26.010,9.266853
9261,2018-01-09 09:40:26.110,9.266853
9262,2018-01-09 09:40:26.210,9.266853
9263,2018-01-09 09:40:26.310,9.266853
9264,2018-01-09 09:40:26.410,9.266853
9265,2018-01-09 09:40:26.510,9.266853
9266,2018-01-09 09:40:26.610,9.146408
9267,2018-01-09 09:40:26.710,9.146408
9268,2018-01-09 09:40:26.810,9.146408
9269,2018-01-09 09:40:26.910,9.146408
9270,2018-01-09 09:40:27.011,9.146408
9271,2018-01-09 09:40:27.110,9.146408
9272,2018-01-09 09:40:27.210,9.146408
9273,2018-01-09 09:40:27.311,9.146408
9274,2018-01-09 09:40:27.411,9.146408
9275,2018-01-09 09:40:27.510,9.346532
9276,2018-01-09 09:40:27.610,9.346532
9277,2018-01-09 09:40:27.711,9.346532
9278,2018-01-09 09:40:27.811,9.346532
9279,2018-01-09 09:40:27.911,9.346532
9280,2018-01-09 09:40:28.011,9.346532
9281,2018-01-09 09:40:28.111,9.346532
9282,2018-01-09 09:40:28.211,9.346532
9283,2018-01-09 09:40:28.311,9.346532
9284,2018-01-09 09:40:28.411,9.346532
9285,2018-01-09 09:40:28.511,9.650424
9286,2018-01-09 09:40:28.611,9.650424
9287,2018-01-09 09:40:28.711,9.650424
9288,2018-01-09 09:40:28.811,9.650424
9289,2018-01-09 09:40:28.912,9.650424
9290,2018-01-09 09:40:29.012,9.650424
9291,2018-01-09 09:40:29.111,9.650424
9292,2018-01-09 09:40:29.212,9.650424
9293,2018-01-09 09:40:29.312,9.650424
9294,2018-01-09 09:40:29.411,9.650424
9295,2018-01-09 09:40:29.512,9.650424
9296,2018-01-09 09:40:29.612,9.93208
9297,2018-01-09 09:40:29.712,9.93208
9298,2018-01-09 09:40:29.812,9.93208
9299,2018-01-09 09:40:29.912,9.93208
9300,2018-01-09 09:40:30.011,9.93208
9301,2018-01-09 09:40:30.111,9.93208
9302,2018-01-09 09:40:30.211,9.93208
9303,2018-01-09 09:40:30.311,9.93208
9304,2018-01-09 09:40:30.411,9.93208
9305,2018-01-09 09:40:30.511,10.07847
9306,2018-01-09 09:40:30.609,10.07847
9307,2018-01-09 09:40:30.709,10.07847
9308,2018-01-09 09:40:30.810,10.07847
9309,2018-01-09 09:40:30.910,10.07847
9310,2018-01-09 09:40:31.010,10.07847
9311,2018-01-09 09:40:31.111,10.07847
9312,2018-01-09 09:40:31.210,10.07847
9313,2018-01-09 09:40:31.310,10.07847
9314,2018-01-09 09:40:31.410,10.07847
9315,2018-01-09 09:40:31.511,9.980258
9316,2018-01-09 09:40:31.610,9.980258
9317,2018-01-09 09:40:31.710,9.980258
9318,2018-01-09 09:40:31.810,9.980258
9319,2018-01-09 09:40:31.910,9.980258
9320,2018-01-09 09:40:32.010,9.980258
9321,2018-01-09 09:40:32.110,9.980258
9322,2018-01-09 09:40:32.210,9.980258
9323,2018-01-09 09:40:32.310,9.980258
9324,2018-01-09 09:40:32.410,9.980258
9325,2018-01-09 09:40:32.510,9.78384
9326,2018-01-09 09:40:32.610,9.78384
9327,2018-01-09 09:40:32.710,9.78384
9328,2018-01-09 09:40:32.810,9.78384
9329,2018-01-09 09:40:32.910,9.78384
9330,2018-01-09 09:40:33.010,9.78384
9331,2018-01-09 09:40:33.110,9.78384
9332,2018-01-09 09:40:33.211,9.78384
9333,2018-01-09 09:40:33.310,9.78384
9334,2018-01-09 09:40:33.410,9.78384
9335,2018-01-09 09:40:33.510,9.567039
9336,2018-01-09 09:40:33.611,9.567039
9337,2018-01-09 09:40:33.711,9.567039
9338,2018-01-09 09:40:33.810,9.567039
9339,2018-01-09 09:40:33.911,9.567039
9340,2018-01-09 09:40:34.011,9.567039
9341,2018-01-09 09:40:34.111,9.567039
9342,2018-01-09 09:40:34.211,9.567039
9343,2018-01-09 09:40:34.311,9.567039
9344,2018-01-09 09:40:34.411,9.567039
9345,2018-01-09 09:40:34.511,9.420652
9346,2018-01-09 09:40:34.611,9.420652
9347,2018-01-09 09:40:34.711,9.420652
9348,2018-01-09 09:40:34.811,9.420652
9349,2018-01-09 09:40:34.911,9.420652
9350,2018-01-09 09:40:35.011,9.420652
9351,2018-01-09 09:40:35.112,9.420652
9352,2018-01-09 09:40:35.211,9.420652
9353,2018-01-09 09:40:35.311,9.420652
9354,2018-01-09 09:40:35.412,9.420652
9355,2018-01-09 09:40:35.511,9.557774
9356,2018-01-09 09:40:35.609,9.557774
9357,2018-01-09 09:40:35.709,9.557774
9358,2018-01-09 09:40:35.809,9.557774
9359,2018-01-09 09:40:35.909,9.557774
9360,2018-01-09 09:40:36.009,9.557774
9361,2018-01-09 09:40:36.109,9.557774
9362,2018-01-09 09:40:36.209,9.557774
9363,2018-01-09 09:40:36.309,9.557774
9364,2018-01-09 09:40:36.409,9.557774
9365,2018-01-09 09:40:36.509,9.796811
9366,2018-01-09 09:40:36.609,9.796811
9367,2018-01-09 09:40:36.709,9.796811
9368,2018-01-09 09:40:36.809,9.796811
9369,2018-01-09 09:40:36.910,9.796811
9370,2018-01-09 09:40:37.010,9.796811
9371,2018-01-09 09:40:37.110,9.796811
9372,2018-01-09 09:40:37.211,9.796811
9373,2018-01-09 09:40:37.310,9.796811
9374,2018-01-09 09:40:37.410,9.796811
9375,2018-01-09 09:40:37.511,10.19521
9376,2018-01-09 09:40:37.611,10.19521
9377,2018-01-09 09:40:37.710,10.19521
9378,2018-01-09 09:40:37.810,10.19521
9379,2018-01-09 09:40:37.910,10.19521
9380,2018-01-09 09:40:38.010,10.19521
9381,2018-01-09 09:40:38.110,10.19521
9382,2018-01-09 09:40:38.210,10.19521
9383,2018-01-09 09:40:38.310,10.19521
9384,2018-01-09 09:40:38.410,10.19521
9385,2018-01-09 09:40:38.510,10.4991
9386,2018-01-09 09:40:38.610,10.4991
9387,2018-01-09 09:40:38.710,10.4991
9388,2018-01-09 09:40:38.810,10.4991
9389,2018-01-09 09:40:38.910,10.4991
9390,2018-01-09 09:40:39.010,10.4991
9391,2018-01-09 09:40:39.110,10.4991
9392,2018-01-09 09:40:39.211,10.4991
9393,2018-01-09 09:40:39.311,10.4991
9394,2018-01-09 09:40:39.410,10.4991
9395,2018-01-09 09:40:39.510,10.4991
9396,2018-01-09 09:40:39.610,10.64734
9397,2018-01-09 09:40:39.711,10.64734
9398,2018-01-09 09:40:39.810,10.64734
9399,2018-01-09 09:40:39.911,10.64734
9400,2018-01-09 09:40:40.011,10.64734
9401,2018-01-09 09:40:40.111,10.64734
9402,2018-01-09 09:40:40.211,10.64734
9403,2018-01-09 09:40:40.311,10.64734
9404,2018-01-09 09:40:40.411,10.64734
9405,2018-01-09 09:40:40.511,10.64734
9406,2018-01-09 09:40:40.609,10.56395
9407,2018-01-09 09:40:40.709,10.56395
9408,2018-01-09 09:40:40.809,10.56395
9409,2018-01-09 09:40:40.909,10.56395
9410,2018-01-09 09:40:41.010,10.56395
9411,2018-01-09 09:40:41.109,10.56395
9412,2018-01-09 09:40:41.210,10.56395
9413,2018-01-09 09:40:41.309,10.56395
9414,2018-01-09 09:40:41.410,10.56395
9415,2018-01-09 09:40:41.510,10.28415
9416,2018-01-09 09:40:41.609,10.28415
9417,2018-01-09 09:40:41.709,10.28415
9418,2018-01-09 09:40:41.810,10.28415
9419,2018-01-09 09:40:41.909,10.28415
9420,2018-01-09 09:40:42.009,10.28415
9421,2018-01-09 09:40:42.109,10.28415
9422,2018-01-09 09:40:42.209,10.28415
9423,2018-01-09 09:40:42.309,10.28415
9424,2018-01-09 09:40:42.409,10.28415
9425,2018-01-09 09:40:42.509,10.06735
9426,2018-01-09 09:40:42.609,10.06735
9427,2018-01-09 09:40:42.709,10.06735
9428,2018-01-09 09:40:42.809,10.06735
9429,2018-01-09 09:40:42.909,10.06735
9430,2018-01-09 09:40:43.010,10.06735
9431,2018-01-09 09:40:43.110,10.06735
9432,2018-01-09 09:40:43.210,10.06735
9433,2018-01-09 09:40:43.310,10.06735
9434,2018-01-09 09:40:43.411,10.06735
9435,2018-01-09 09:40:43.511,10.04697
9436,2018-01-09 09:40:43.611,10.04697
9437,2018-01-09 09:40:43.711,10.04697
9438,2018-01-09 09:40:43.811,10.04697
9439,2018-01-09 09:40:43.910,10.04697
9440,2018-01-09 09:40:44.010,10.04697
9441,2018-01-09 09:40:44.110,10.04697
9442,2018-01-09 09:40:44.210,10.04697
9443,2018-01-09 09:40:44.310,10.04697
9444,2018-01-09 09:40:44.410,10.04697
9445,2018-01-09 09:40:44.510,10.19521
9446,2018-01-09 09:40:44.610,10.19521
9447,2018-01-09 09:40:44.710,10.19521
9448,2018-01-09 09:40:44.810,10.19521
9449,2018-01-09 09:40:44.910,10.19521
9450,2018-01-09 09:40:45.011,10.19521
9451,2018-01-09 09:40:45.110,10.19521
9452,2018-01-09 09:40:45.210,10.19521
9453,2018-01-09 09:40:45.310,10.19521
9454,2018-01-09 09:40:45.410,10.19521
9455,2018-01-09 09:40:45.511,10.349
9456,2018-01-09 09:40:45.608,10.349
9457,2018-01-09 09:40:45.708,10.349
9458,2018-01-09 09:40:45.809,10.349
9459,2018-01-09 09:40:45.909,10.349
9460,2018-01-09 09:40:46.009,10.349
9461,2018-01-09 09:40:46.109,10.349
9462,2018-01-09 09:40:46.209,10.349
9463,2018-01-09 09:40:46.309,10.349
9464,2018-01-09 09:40:46.409,10.349
9465,2018-01-09 09:40:46.509,10.41757
9466,2018-01-09 09:40:46.609,10.41757
9467,2018-01-09 09:40:46.709,10.41757
9468,2018-01-09 09:40:46.809,10.41757
9469,2018-01-09 09:40:46.909,10.41757
9470,2018-01-09 09:40:47.010,10.41757
9471,2018-01-09 09:40:47.110,10.41757
9472,2018-01-09 09:40:47.210,10.41757
9473,2018-01-09 09:40:47.310,10.41757
9474,2018-01-09 09:40:47.409,10.41757
9475,2018-01-09 09:40:47.509,10.38792
9476,2018-01-09 09:40:47.610,10.38792
9477,2018-01-09 09:40:47.710,10.38792
9478,2018-01-09 09:40:47.810,10.38792
9479,2018-01-09 09:40:47.909,10.38792
9480,2018-01-09 09:40:48.009,10.38792
9481,2018-01-09 09:40:48.109,10.38792
9482,2018-01-09 09:40:48.209,10.38792
9483,2018-01-09 09:40:48.309,10.38792
9484,2018-01-09 09:40:48.409,10.38792
9485,2018-01-09 09:40:48.509,10.33789
9486,2018-01-09 09:40:48.609,10.33789
9487,2018-01-09 09:40:48.709,10.33789
9488,2018-01-09 09:40:48.809,10.33789
9489,2018-01-09 09:40:48.910,10.33789
9490,2018-01-09 09:40:49.010,10.33789
9491,2018-01-09 09:40:49.111,10.33789
9492,2018-01-09 09:40:49.210,10.33789
9493,2018-01-09 09:40:49.310,10.33789
9494,2018-01-09 09:40:49.411,10.33789
9495,2018-01-09 09:40:49.510,10.26377
9496,2018-01-09 09:40:49.611,10.26377
9497,2018-01-09 09:40:49.710,10.26377
9498,2018-01-09 09:40:49.811,10.26377
9499,2018-01-09 09:40:49.910,10.26377
9500,2018-01-09 09:40:50.010,10.26377
9501,2018-01-09 09:40:50.110,10.26377
9502,2018-01-09 09:40:50.210,10.26377
9503,2018-01-09 09:40:50.310,10.26377
9504,2018-01-09 09:40:50.410,10.26377
9505,2018-01-09 09:40:50.510,10.17482
9506,2018-01-09 09:40:50.608,10.17482
9507,2018-01-09 09:40:50.708,10.17482
9508,2018-01-09 09:40:50.808,10.17482
9509,2018-01-09 09:40:50.908,10.17482
9510,2018-01-09 09:40:51.009,10.17482
9511,2018-01-09 09:40:51.108,10.17482
9512,2018-01-09 09:40:51.208,10.17482
9513,2018-01-09 09:40:51.308,10.17482
9514,2018-01-09 09:40:51.408,10.17482
9515,2018-01-09 09:40:51.508,10.0655
9516,2018-01-09 09:40:51.609,10.0655
9517,2018-01-09 09:40:51.709,10.0655
9518,2018-01-09 09:40:51.808,10.0655
9519,2018-01-09 09:40:51.908,10.0655
9520,2018-01-09 09:40:52.008,10.0655
9521,2018-01-09 09:40:52.109,10.0655
9522,2018-01-09 09:40:52.209,10.0655
9523,2018-01-09 09:40:52.309,10.0655
9524,2018-01-09 09:40:52.409,10.0655
9525,2018-01-09 09:40:52.509,9.980258
9526,2018-01-09 09:40:52.609,9.980258
9527,2018-01-09 09:40:52.709,9.980258
9528,2018-01-09 09:40:52.809,9.980258
9529,2018-01-09 09:40:52.909,9.980258
9530,2018-01-09 09:40:53.010,9.980258
9531,2018-01-09 09:40:53.109,9.980258
9532,2018-01-09 09:40:53.209,9.980258
9533,2018-01-09 09:40:53.310,9.980258
9534,2018-01-09 09:40:53.409,9.980258
9535,2018-01-09 09:40:53.509,9.980258
9536,2018-01-09 09:40:53.609,9.945051
9537,2018-01-09 09:40:53.709,9.945051
9538,2018-01-09 09:40:53.810,9.945051
9539,2018-01-09 09:40:53.910,9.945051
9540,2018-01-09 09:40:54.009,9.945051
9541,2018-01-09 09:40:54.109,9.945051
9542,2018-01-09 09:40:54.209,9.945051
9543,2018-01-09 09:40:54.309,9.945051
9544,2018-01-09 09:40:54.409,9.945051
9545,2018-01-09 09:40:54.509,9.945051
9546,2018-01-09 09:40:54.609,9.915403
9547,2018-01-09 09:40:54.709,9.915403
9548,2018-01-09 09:40:54.809,9.915403
9549,2018-01-09 09:40:54.910,9.915403
9550,2018-01-09 09:40:55.010,9.915403
9551,2018-01-09 09:40:55.110,9.915403
9552,2018-01-09 09:40:55.210,9.915403
9553,2018-01-09 09:40:55.310,9.915403
9554,2018-01-09 09:40:55.411,9.915403
9555,2018-01-09 09:40:55.510,9.917256
9556,2018-01-09 09:40:55.608,9.917256
9557,2018-01-09 09:40:55.708,9.917256
9558,2018-01-09 09:40:55.808,9.917256
9559,2018-01-09 09:40:55.908,9.917256
9560,2018-01-09 09:40:56.008,9.917256
9561,2018-01-09 09:40:56.108,9.917256
9562,2018-01-09 09:40:56.208,9.917256
9563,2018-01-09 09:40:56.308,9.917256
9564,2018-01-09 09:40:56.408,9.917256
9565,2018-01-09 09:40:56.508,9.972846
9566,2018-01-09 09:40:56.608,9.972846
9567,2018-01-09 09:40:56.708,9.972846
9568,2018-01-09 09:40:56.808,9.972846
9569,2018-01-09 09:40:56.908,9.972846
9570,2018-01-09 09:40:57.008,9.972846
9571,2018-01-09 09:40:57.108,9.972846
9572,2018-01-09 09:40:57.208,9.972846
9573,2018-01-09 09:40:57.308,9.972846
9574,2018-01-09 09:40:57.408,9.972846
9575,2018-01-09 09:40:57.508,9.911697
9576,2018-01-09 09:40:57.608,9.911697
9577,2018-01-09 09:40:57.708,9.911697
9578,2018-01-09 09:40:57.808,9.911697
9579,2018-01-09 09:40:57.908,9.911697
9580,2018-01-09 09:40:58.008,9.911697
9581,2018-01-09 09:40:58.109,9.911697
9582,2018-01-09 09:40:58.209,9.911697
9583,2018-01-09 09:40:58.309,9.911697
9584,2018-01-09 09:40:58.409,9.911697
9585,2018-01-09 09:40:58.509,9.996935
9586,2018-01-09 09:40:58.609,9.996935
9587,2018-01-09 09:40:58.709,9.996935
9588,2018-01-09 09:40:58.809,9.996935
9589,2018-01-09 09:40:58.909,9.996935
9590,2018-01-09 09:40:59.009,9.996935
9591,2018-01-09 09:40:59.109,9.996935
9592,2018-01-09 09:40:59.209,9.996935
9593,2018-01-09 09:40:59.309,9.996935
9594,2018-01-09 09:40:59.409,9.996935
9595,2018-01-09 09:40:59.509,9.996935
9596,2018-01-09 09:40:59.609,10.05623
9597,2018-01-09 09:40:59.709,10.05623
9598,2018-01-09 09:40:59.809,10.05623
9599,2018-01-09 09:40:59.909,10.05623
9600,2018-01-09 09:41:00.009,10.05623
9601,2018-01-09 09:41:00.109,10.05623
9602,2018-01-09 09:41:00.209,10.05623
9603,2018-01-09 09:41:00.309,10.05623
9604,2018-01-09 09:41:00.409,10.05623
9605,2018-01-09 09:41:00.509,10.05623
9606,2018-01-09 09:41:00.606,10.08773
9607,2018-01-09 09:41:00.706,10.08773
9608,2018-01-09 09:41:00.806,10.08773
9609,2018-01-09 09:41:00.906,10.08773
9610,2018-01-09 09:41:01.007,10.08773
9611,2018-01-09 09:41:01.107,10.08773
9612,2018-01-09 09:41:01.207,10.08773
9613,2018-01-09 09:41:01.308,10.08773
9614,2018-01-09 09:41:01.408,10.08773
9615,2018-01-09 09:41:01.507,10.08773
9616,2018-01-09 09:41:01.608,9.98767
9617,2018-01-09 09:41:01.708,9.98767
9618,2018-01-09 09:41:01.807,9.98767
9619,2018-01-09 09:41:01.907,9.98767
9620,2018-01-09 09:41:02.007,9.98767
9621,2018-01-09 09:41:02.107,9.98767
9622,2018-01-09 09:41:02.207,9.98767
9623,2018-01-09 09:41:02.307,9.98767
9624,2018-01-09 09:41:02.407,9.98767
9625,2018-01-09 09:41:02.507,9.98767
9626,2018-01-09 09:41:02.607,9.752339
9627,2018-01-09 09:41:02.707,9.752339
9628,2018-01-09 09:41:02.807,9.752339
9629,2018-01-09 09:41:02.907,9.752339
9630,2018-01-09 09:41:03.007,9.752339
9631,2018-01-09 09:41:03.108,9.752339
9632,2018-01-09 09:41:03.208,9.752339
9633,2018-01-09 09:41:03.307,9.752339
9634,2018-01-09 09:41:03.407,9.752339
9635,2018-01-09 09:41:03.507,9.752339
9636,2018-01-09 09:41:03.608,9.581863
9637,2018-01-09 09:41:03.707,9.581863
9638,2018-01-09 09:41:03.808,9.581863
9639,2018-01-09 09:41:03.907,9.581863
9640,2018-01-09 09:41:04.008,9.581863
9641,2018-01-09 09:41:04.108,9.581863
9642,2018-01-09 09:41:04.208,9.581863
9643,2018-01-09 09:41:04.308,9.581863
9644,2018-01-09 09:41:04.408,9.581863
9645,2018-01-09 09:41:04.508,9.581863
9646,2018-01-09 09:41:04.608,9.463271
9647,2018-01-09 09:41:04.708,9.463271
9648,2018-01-09 09:41:04.808,9.463271
9649,2018-01-09 09:41:04.908,9.463271
9650,2018-01-09 09:41:05.008,9.463271
9651,2018-01-09 09:41:05.108,9.463271
9652,2018-01-09 09:41:05.208,9.463271
9653,2018-01-09 09:41:05.309,9.463271
9654,2018-01-09 09:41:05.409,9.463271
9655,2018-01-09 09:41:05.508,9.463271
9656,2018-01-09 09:41:05.606,9.454006
9657,2018-01-09 09:41:05.706,9.454006
9658,2018-01-09 09:41:05.806,9.454006
9659,2018-01-09 09:41:05.906,9.454006
9660,2018-01-09 09:41:06.006,9.454006
9661,2018-01-09 09:41:06.106,9.454006
9662,2018-01-09 09:41:06.206,9.454006
9663,2018-01-09 09:41:06.306,9.454006
9664,2018-01-09 09:41:06.406,9.454006
9665,2018-01-09 09:41:06.506,9.454006
9666,2018-01-09 09:41:06.606,9.517008
9667,2018-01-09 09:41:06.706,9.517008
9668,2018-01-09 09:41:06.806,9.517008
9669,2018-01-09 09:41:06.906,9.517008
9670,2018-01-09 09:41:07.006,9.517008
9671,2018-01-09 09:41:07.106,9.517008
9672,2018-01-09 09:41:07.207,9.517008
9673,2018-01-09 09:41:07.307,9.517008
9674,2018-01-09 09:41:07.407,9.517008
9675,2018-01-09 09:41:07.507,9.517008
9676,2018-01-09 09:41:07.607,9.615217
9677,2018-01-09 09:41:07.707,9.615217
9678,2018-01-09 09:41:07.807,9.615217
9679,2018-01-09 09:41:07.907,9.615217
9680,2018-01-09 09:41:08.007,9.615217
9681,2018-01-09 09:41:08.107,9.615217
9682,2018-01-09 09:41:08.207,9.615217
9683,2018-01-09 09:41:08.307,9.615217
9684,2018-01-09 09:41:08.407,9.615217
9685,2018-01-09 09:41:08.507,9.65413
9686,2018-01-09 09:41:08.607,9.65413
9687,2018-01-09 09:41:08.707,9.65413
9688,2018-01-09 09:41:08.807,9.65413
9689,2018-01-09 09:41:08.907,9.65413
9690,2018-01-09 09:41:09.007,9.65413
9691,2018-01-09 09:41:09.107,9.65413
9692,2018-01-09 09:41:09.207,9.65413
9693,2018-01-09 09:41:09.307,9.65413
9694,2018-01-09 09:41:09.407,9.65413
9695,2018-01-09 09:41:09.507,9.476242
9696,2018-01-09 09:41:09.607,9.476242
9697,2018-01-09 09:41:09.707,9.476242
9698,2018-01-09 09:41:09.807,9.476242
9699,2018-01-09 09:41:09.907,9.476242
9700,2018-01-09 09:41:10.007,9.476242
9701,2018-01-09 09:41:10.107,9.476242
9702,2018-01-09 09:41:10.208,9.476242
9703,2018-01-09 09:41:10.308,9.476242
9704,2018-01-09 09:41:10.408,9.476242
9705,2018-01-09 09:41:10.508,9.387298
9706,2018-01-09 09:41:10.606,9.387298
9707,2018-01-09 09:41:10.706,9.387298
9708,2018-01-09 09:41:10.806,9.387298
9709,2018-01-09 09:41:10.906,9.387298
9710,2018-01-09 09:41:11.006,9.387298
9711,2018-01-09 09:41:11.107,9.387298
9712,2018-01-09 09:41:11.206,9.387298
9713,2018-01-09 09:41:11.306,9.387298
9714,2018-01-09 09:41:11.406,9.387298
9715,2018-01-09 09:41:11.507,9.315031
9716,2018-01-09 09:41:11.606,9.315031
9717,2018-01-09 09:41:11.706,9.315031
9718,2018-01-09 09:41:11.806,9.315031
9719,2018-01-09 09:41:11.907,9.315031
9720,2018-01-09 09:41:12.006,9.315031
9721,2018-01-09 09:41:12.106,9.315031
9722,2018-01-09 09:41:12.206,9.315031
9723,2018-01-09 09:41:12.306,9.315031
9724,2018-01-09 09:41:12.406,9.315031
9725,2018-01-09 09:41:12.506,9.402122
9726,2018-01-09 09:41:12.606,9.402122
9727,2018-01-09 09:41:12.706,9.402122
9728,2018-01-09 09:41:12.806,9.402122
9729,2018-01-09 09:41:12.906,9.402122
9730,2018-01-09 09:41:13.006,9.402122
9731,2018-01-09 09:41:13.107,9.402122
9732,2018-01-09 09:41:13.208,9.402122
9733,2018-01-09 09:41:13.306,9.402122
9734,2018-01-09 09:41:13.408,9.402122
9735,2018-01-09 09:41:13.507,9.620776
9736,2018-01-09 09:41:13.607,9.620776
9737,2018-01-09 09:41:13.708,9.620776
9738,2018-01-09 09:41:13.808,9.620776
9739,2018-01-09 09:41:13.907,9.620776
9740,2018-01-09 09:41:14.008,9.620776
9741,2018-01-09 09:41:14.107,9.620776
9742,2018-01-09 09:41:14.207,9.620776
9743,2018-01-09 09:41:14.307,9.620776
9744,2018-01-09 09:41:14.407,9.620776
9745,2018-01-09 09:41:14.507,9.828312
9746,2018-01-09 09:41:14.607,9.828312
9747,2018-01-09 09:41:14.707,9.828312
9748,2018-01-09 09:41:14.807,9.828312
9749,2018-01-09 09:41:14.907,9.828312
9750,2018-01-09 09:41:15.007,9.828312
9751,2018-01-09 09:41:15.108,9.828312
9752,2018-01-09 09:41:15.207,9.828312
9753,2018-01-09 09:41:15.307,9.828312
9754,2018-01-09 09:41:15.407,9.828312
9755,2018-01-09 09:41:15.508,10.12294
9756,2018-01-09 09:41:15.605,10.12294
9757,2018-01-09 09:41:15.705,10.12294
9758,2018-01-09 09:41:15.805,10.12294
9759,2018-01-09 09:41:15.905,10.12294
9760,2018-01-09 09:41:16.005,10.12294
9761,2018-01-09 09:41:16.106,10.12294
9762,2018-01-09 09:41:16.206,10.12294
9763,2018-01-09 09:41:16.306,10.12294
9764,2018-01-09 09:41:16.406,10.12294
9765,2018-01-09 09:41:16.506,10.23412
9766,2018-01-09 09:41:16.606,10.23412
9767,2018-01-09 09:41:16.706,10.23412
9768,2018-01-09 09:41:16.806,10.23412
9769,2018-01-09 09:41:16.906,10.23412
9770,2018-01-09 09:41:17.006,10.23412
9771,2018-01-09 09:41:17.106,10.23412
9772,2018-01-09 09:41:17.206,10.23412
9773,2018-01-09 09:41:17.306,10.23412
9774,2018-01-09 09:41:17.406,10.23412
9775,2018-01-09 09:41:17.506,10.23412
9776,2018-01-09 09:41:17.606,10.30824
9777,2018-01-09 09:41:17.706,10.30824
9778,2018-01-09 09:41:17.806,10.30824
9779,2018-01-09 09:41:17.906,10.30824
9780,2018-01-09 09:41:18.006,10.30824
9781,2018-01-09 09:41:18.106,10.30824
9782,2018-01-09 09:41:18.206,10.30824
9783,2018-01-09 09:41:18.306,10.30824
9784,2018-01-09 09:41:18.406,10.30824
9785,2018-01-09 09:41:18.506,10.30824
9786,2018-01-09 09:41:18.606,10.434239999999999
9787,2018-01-09 09:41:18.706,10.434239999999999
9788,2018-01-09 09:41:18.806,10.434239999999999
9789,2018-01-09 09:41:18.906,10.434239999999999
9790,2018-01-09 09:41:19.006,10.434239999999999
9791,2018-01-09 09:41:19.107,10.434239999999999
9792,2018-01-09 09:41:19.207,10.434239999999999
9793,2018-01-09 09:41:19.307,10.434239999999999
9794,2018-01-09 09:41:19.407,10.434239999999999
9795,2018-01-09 09:41:19.507,10.44907
9796,2018-01-09 09:41:19.607,10.44907
9797,2018-01-09 09:41:19.707,10.44907
9798,2018-01-09 09:41:19.807,10.44907
9799,2018-01-09 09:41:19.907,10.44907
9800,2018-01-09 09:41:20.007,10.44907
9801,2018-01-09 09:41:20.107,10.44907
9802,2018-01-09 09:41:20.207,10.44907
9803,2018-01-09 09:41:20.307,10.44907
9804,2018-01-09 09:41:20.407,10.44907
9805,2018-01-09 09:41:20.507,10.33603
9806,2018-01-09 09:41:20.605,10.33603
9807,2018-01-09 09:41:20.705,10.33603
9808,2018-01-09 09:41:20.805,10.33603
9809,2018-01-09 09:41:20.905,10.33603
9810,2018-01-09 09:41:21.005,10.33603
9811,2018-01-09 09:41:21.105,10.33603
9812,2018-01-09 09:41:21.205,10.33603
9813,2018-01-09 09:41:21.306,10.33603
9814,2018-01-09 09:41:21.406,10.33603
9815,2018-01-09 09:41:21.505,10.10812
9816,2018-01-09 09:41:21.606,10.10812
9817,2018-01-09 09:41:21.705,10.10812
9818,2018-01-09 09:41:21.806,10.10812
9819,2018-01-09 09:41:21.905,10.10812
9820,2018-01-09 09:41:22.005,10.10812
9821,2018-01-09 09:41:22.106,10.10812
9822,2018-01-09 09:41:22.206,10.10812
9823,2018-01-09 09:41:22.306,10.10812
9824,2018-01-09 09:41:22.406,10.10812
9825,2018-01-09 09:41:22.506,10.10812
9826,2018-01-09 09:41:22.606,9.806076
9827,2018-01-09 09:41:22.706,9.806076
9828,2018-01-09 09:41:22.806,9.806076
9829,2018-01-09 09:41:22.906,9.806076
9830,2018-01-09 09:41:23.006,9.806076
9831,2018-01-09 09:41:23.106,9.806076
9832,2018-01-09 09:41:23.207,9.806076
9833,2018-01-09 09:41:23.307,9.806076
9834,2018-01-09 09:41:23.407,9.806076
9835,2018-01-09 09:41:23.507,9.806076
9836,2018-01-09 09:41:23.607,9.743074
9837,2018-01-09 09:41:23.706,9.743074
9838,2018-01-09 09:41:23.806,9.743074
9839,2018-01-09 09:41:23.907,9.743074
9840,2018-01-09 09:41:24.006,9.743074
9841,2018-01-09 09:41:24.106,9.743074
9842,2018-01-09 09:41:24.206,9.743074
9843,2018-01-09 09:41:24.306,9.743074
9844,2018-01-09 09:41:24.406,9.743074
9845,2018-01-09 09:41:24.506,9.743074
9846,2018-01-09 09:41:24.606,9.900579
9847,2018-01-09 09:41:24.706,9.900579
9848,2018-01-09 09:41:24.806,9.900579
9849,2018-01-09 09:41:24.906,9.900579
9850,2018-01-09 09:41:25.006,9.900579
9851,2018-01-09 09:41:25.106,9.900579
9852,2018-01-09 09:41:25.207,9.900579
9853,2018-01-09 09:41:25.307,9.900579
9854,2018-01-09 09:41:25.407,9.900579
9855,2018-01-09 09:41:25.507,10.1285
9856,2018-01-09 09:41:25.606,10.1285
9857,2018-01-09 09:41:25.705,10.1285
9858,2018-01-09 09:41:25.805,10.1285
9859,2018-01-09 09:41:25.905,10.1285
9860,2018-01-09 09:41:26.005,10.1285
9861,2018-01-09 09:41:26.105,10.1285
9862,2018-01-09 09:41:26.205,10.1285
9863,2018-01-09 09:41:26.305,10.1285
9864,2018-01-09 09:41:26.405,10.1285
9865,2018-01-09 09:41:26.505,10.33974
9866,2018-01-09 09:41:26.605,10.33974
9867,2018-01-09 09:41:26.705,10.33974
9868,2018-01-09 09:41:26.805,10.33974
9869,2018-01-09 09:41:26.905,10.33974
9870,2018-01-09 09:41:27.005,10.33974
9871,2018-01-09 09:41:27.105,10.33974
9872,2018-01-09 09:41:27.205,10.33974
9873,2018-01-09 09:41:27.305,10.33974
9874,2018-01-09 09:41:27.405,10.33974
9875,2018-01-09 09:41:27.505,10.34715
9876,2018-01-09 09:41:27.605,10.34715
9877,2018-01-09 09:41:27.705,10.34715
9878,2018-01-09 09:41:27.806,10.34715
9879,2018-01-09 09:41:27.905,10.34715
9880,2018-01-09 09:41:28.005,10.34715
9881,2018-01-09 09:41:28.105,10.34715
9882,2018-01-09 09:41:28.205,10.34715
9883,2018-01-09 09:41:28.306,10.34715
9884,2018-01-09 09:41:28.406,10.34715
9885,2018-01-09 09:41:28.506,10.16556
9886,2018-01-09 09:41:28.606,10.16556
9887,2018-01-09 09:41:28.706,10.16556
9888,2018-01-09 09:41:28.806,10.16556
9889,2018-01-09 09:41:28.906,10.16556
9890,2018-01-09 09:41:29.006,10.16556
9891,2018-01-09 09:41:29.106,10.16556
9892,2018-01-09 09:41:29.206,10.16556
9893,2018-01-09 09:41:29.306,10.16556
9894,2018-01-09 09:41:29.406,10.16556
9895,2018-01-09 09:41:29.506,10.01361
9896,2018-01-09 09:41:29.606,10.01361
9897,2018-01-09 09:41:29.706,10.01361
9898,2018-01-09 09:41:29.806,10.01361
9899,2018-01-09 09:41:29.906,10.01361
9900,2018-01-09 09:41:30.006,10.01361
9901,2018-01-09 09:41:30.106,10.01361
9902,2018-01-09 09:41:30.206,10.01361
9903,2018-01-09 09:41:30.306,10.01361
9904,2018-01-09 09:41:30.406,10.01361
9905,2018-01-09 09:41:30.506,9.946904
9906,2018-01-09 09:41:30.604,9.946904
9907,2018-01-09 09:41:30.704,9.946904
9908,2018-01-09 09:41:30.804,9.946904
9909,2018-01-09 09:41:30.904,9.946904
9910,2018-01-09 09:41:31.004,9.946904
9911,2018-01-09 09:41:31.104,9.946904
9912,2018-01-09 09:41:31.205,9.946904
9913,2018-01-09 09:41:31.305,9.946904
9914,2018-01-09 09:41:31.406,9.946904
9915,2018-01-09 09:41:31.505,9.869078
9916,2018-01-09 09:41:31.605,9.869078
9917,2018-01-09 09:41:31.705,9.869078
9918,2018-01-09 09:41:31.806,9.869078
9919,2018-01-09 09:41:31.905,9.869078
9920,2018-01-09 09:41:32.005,9.869078
9921,2018-01-09 09:41:32.106,9.869078
9922,2018-01-09 09:41:32.205,9.869078
9923,2018-01-09 09:41:32.305,9.869078
9924,2018-01-09 09:41:32.405,9.869078
9925,2018-01-09 09:41:32.505,9.628188
9926,2018-01-09 09:41:32.605,9.628188
9927,2018-01-09 09:41:32.705,9.628188
9928,2018-01-09 09:41:32.805,9.628188
9929,2018-01-09 09:41:32.905,9.628188
9930,2018-01-09 09:41:33.005,9.628188
9931,2018-01-09 09:41:33.105,9.628188
9932,2018-01-09 09:41:33.205,9.628188
9933,2018-01-09 09:41:33.305,9.628188
9934,2018-01-09 09:41:33.406,9.628188
9935,2018-01-09 09:41:33.505,9.35765
9936,2018-01-09 09:41:33.605,9.35765
9937,2018-01-09 09:41:33.706,9.35765
9938,2018-01-09 09:41:33.805,9.35765
9939,2018-01-09 09:41:33.905,9.35765
9940,2018-01-09 09:41:34.005,9.35765
9941,2018-01-09 09:41:34.105,9.35765
9942,2018-01-09 09:41:34.205,9.35765
9943,2018-01-09 09:41:34.305,9.35765
9944,2018-01-09 09:41:34.406,9.35765
9945,2018-01-09 09:41:34.506,9.203851
9946,2018-01-09 09:41:34.606,9.203851
9947,2018-01-09 09:41:34.706,9.203851
9948,2018-01-09 09:41:34.806,9.203851
9949,2018-01-09 09:41:34.906,9.203851
9950,2018-01-09 09:41:35.006,9.203851
9951,2018-01-09 09:41:35.106,9.203851
9952,2018-01-09 09:41:35.207,9.203851
9953,2018-01-09 09:41:35.307,9.203851
9954,2018-01-09 09:41:35.406,9.203851
9955,2018-01-09 09:41:35.506,9.124172
9956,2018-01-09 09:41:35.604,9.124172
9957,2018-01-09 09:41:35.704,9.124172
9958,2018-01-09 09:41:35.804,9.124172
9959,2018-01-09 09:41:35.904,9.124172
9960,2018-01-09 09:41:36.004,9.124172
9961,2018-01-09 09:41:36.104,9.124172
9962,2018-01-09 09:41:36.204,9.124172
9963,2018-01-09 09:41:36.304,9.124172
9964,2018-01-09 09:41:36.404,9.124172
9965,2018-01-09 09:41:36.504,9.138996
9966,2018-01-09 09:41:36.604,9.138996
9967,2018-01-09 09:41:36.704,9.138996
9968,2018-01-09 09:41:36.804,9.138996
9969,2018-01-09 09:41:36.904,9.138996
9970,2018-01-09 09:41:37.004,9.138996
9971,2018-01-09 09:41:37.104,9.138996
9972,2018-01-09 09:41:37.205,9.138996
9973,2018-01-09 09:41:37.305,9.138996
9974,2018-01-09 09:41:37.405,9.138996
9975,2018-01-09 09:41:37.505,9.138996
9976,2018-01-09 09:41:37.605,9.198292
9977,2018-01-09 09:41:37.706,9.198292
9978,2018-01-09 09:41:37.805,9.198292
9979,2018-01-09 09:41:37.905,9.198292
9980,2018-01-09 09:41:38.006,9.198292
9981,2018-01-09 09:41:38.106,9.198292
9982,2018-01-09 09:41:38.205,9.198292
9983,2018-01-09 09:41:38.305,9.198292
9984,2018-01-09 09:41:38.405,9.198292
9985,2018-01-09 09:41:38.505,9.307619
9986,2018-01-09 09:41:38.605,9.307619
9987,2018-01-09 09:41:38.705,9.307619
9988,2018-01-09 09:41:38.805,9.307619
9989,2018-01-09 09:41:38.905,9.307619
9990,2018-01-09 09:41:39.005,9.307619
9991,2018-01-09 09:41:39.105,9.307619
9992,2018-01-09 09:41:39.205,9.307619
9993,2018-01-09 09:41:39.305,9.307619
9994,2018-01-09 09:41:39.406,9.307619
9995,2018-01-09 09:41:39.506,9.307619
9996,2018-01-09 09:41:39.605,9.344679
9997,2018-01-09 09:41:39.705,9.344679
9998,2018-01-09 09:41:39.806,9.344679
9999,2018-01-09 09:41:39.905,9.344679
10000,2018-01-09 09:41:40.006,9.344679
10001,2018-01-09 09:41:40.105,9.344679
10002,2018-01-09 09:41:40.205,9.344679
10003,2018-01-09 09:41:40.306,9.344679
10004,2018-01-09 09:41:40.406,9.344679
10005,2018-01-09 09:41:40.506,9.344679
10006,2018-01-09 09:41:40.604,9.265
10007,2018-01-09 09:41:40.704,9.265
10008,2018-01-09 09:41:40.804,9.265
10009,2018-01-09 09:41:40.904,9.265
10010,2018-01-09 09:41:41.004,9.265
10011,2018-01-09 09:41:41.104,9.265
10012,2018-01-09 09:41:41.205,9.265
10013,2018-01-09 09:41:41.305,9.265
10014,2018-01-09 09:41:41.405,9.265
10015,2018-01-09 09:41:41.504,9.265
10016,2018-01-09 09:41:41.604,9.151967
10017,2018-01-09 09:41:41.705,9.151967
10018,2018-01-09 09:41:41.804,9.151967
10019,2018-01-09 09:41:41.905,9.151967
10020,2018-01-09 09:41:42.004,9.151967
10021,2018-01-09 09:41:42.104,9.151967
10022,2018-01-09 09:41:42.204,9.151967
10023,2018-01-09 09:41:42.304,9.151967
10024,2018-01-09 09:41:42.404,9.151967
10025,2018-01-09 09:41:42.504,9.164938
10026,2018-01-09 09:41:42.604,9.164938
10027,2018-01-09 09:41:42.704,9.164938
10028,2018-01-09 09:41:42.804,9.164938
10029,2018-01-09 09:41:42.904,9.164938
10030,2018-01-09 09:41:43.004,9.164938
10031,2018-01-09 09:41:43.104,9.164938
10032,2018-01-09 09:41:43.205,9.164938
10033,2018-01-09 09:41:43.305,9.164938
10034,2018-01-09 09:41:43.406,9.164938
10035,2018-01-09 09:41:43.505,9.342826
10036,2018-01-09 09:41:43.605,9.342826
10037,2018-01-09 09:41:43.706,9.342826
10038,2018-01-09 09:41:43.806,9.342826
10039,2018-01-09 09:41:43.905,9.342826
10040,2018-01-09 09:41:44.005,9.342826
10041,2018-01-09 09:41:44.105,9.342826
10042,2018-01-09 09:41:44.205,9.342826
10043,2018-01-09 09:41:44.305,9.342826
10044,2018-01-09 09:41:44.405,9.342826
10045,2018-01-09 09:41:44.505,9.581863
10046,2018-01-09 09:41:44.605,9.581863
10047,2018-01-09 09:41:44.705,9.581863
10048,2018-01-09 09:41:44.805,9.581863
10049,2018-01-09 09:41:44.905,9.581863
10050,2018-01-09 09:41:45.005,9.581863
10051,2018-01-09 09:41:45.105,9.581863
10052,2018-01-09 09:41:45.206,9.581863
10053,2018-01-09 09:41:45.306,9.581863
10054,2018-01-09 09:41:45.405,9.581863
10055,2018-01-09 09:41:45.505,9.706014
10056,2018-01-09 09:41:45.604,9.706014
10057,2018-01-09 09:41:45.703,9.706014
10058,2018-01-09 09:41:45.804,9.706014
10059,2018-01-09 09:41:45.904,9.706014
10060,2018-01-09 09:41:46.003,9.706014
10061,2018-01-09 09:41:46.103,9.706014
10062,2018-01-09 09:41:46.203,9.706014
10063,2018-01-09 09:41:46.304,9.706014
10064,2018-01-09 09:41:46.404,9.706014
10065,2018-01-09 09:41:46.504,9.722691
10066,2018-01-09 09:41:46.604,9.722691
10067,2018-01-09 09:41:46.704,9.722691
10068,2018-01-09 09:41:46.804,9.722691
10069,2018-01-09 09:41:46.904,9.722691
10070,2018-01-09 09:41:47.004,9.722691
10071,2018-01-09 09:41:47.104,9.722691
10072,2018-01-09 09:41:47.205,9.722691
10073,2018-01-09 09:41:47.304,9.722691
10074,2018-01-09 09:41:47.405,9.722691
10075,2018-01-09 09:41:47.504,9.722691
10076,2018-01-09 09:41:47.604,9.722691
10077,2018-01-09 09:41:47.704,9.722691
10078,2018-01-09 09:41:47.804,9.722691
10079,2018-01-09 09:41:47.905,9.722691
10080,2018-01-09 09:41:48.005,9.722691
10081,2018-01-09 09:41:48.104,9.722691
10082,2018-01-09 09:41:48.204,9.722691
10083,2018-01-09 09:41:48.304,9.722691
10084,2018-01-09 09:41:48.404,9.722691
10085,2018-01-09 09:41:48.504,9.722691
10086,2018-01-09 09:41:48.604,9.785692999999998
10087,2018-01-09 09:41:48.704,9.785692999999998
10088,2018-01-09 09:41:48.804,9.785692999999998
10089,2018-01-09 09:41:48.904,9.785692999999998
10090,2018-01-09 09:41:49.004,9.785692999999998
10091,2018-01-09 09:41:49.104,9.785692999999998
10092,2018-01-09 09:41:49.204,9.785692999999998
10093,2018-01-09 09:41:49.304,9.785692999999998
10094,2018-01-09 09:41:49.406,9.785692999999998
10095,2018-01-09 09:41:49.505,9.854254
10096,2018-01-09 09:41:49.605,9.854254
10097,2018-01-09 09:41:49.706,9.854254
10098,2018-01-09 09:41:49.805,9.854254
10099,2018-01-09 09:41:49.905,9.854254
10100,2018-01-09 09:41:50.005,9.854254
10101,2018-01-09 09:41:50.105,9.854254
10102,2018-01-09 09:41:50.206,9.854254
10103,2018-01-09 09:41:50.305,9.854254
10104,2018-01-09 09:41:50.405,9.854254
10105,2018-01-09 09:41:50.505,9.922815
10106,2018-01-09 09:41:50.603,9.922815
10107,2018-01-09 09:41:50.703,9.922815
10108,2018-01-09 09:41:50.803,9.922815
10109,2018-01-09 09:41:50.903,9.922815
10110,2018-01-09 09:41:51.003,9.922815
10111,2018-01-09 09:41:51.103,9.922815
10112,2018-01-09 09:41:51.203,9.922815
10113,2018-01-09 09:41:51.303,9.922815
10114,2018-01-09 09:41:51.403,9.922815
10115,2018-01-09 09:41:51.504,10.08773
10116,2018-01-09 09:41:51.604,10.08773
10117,2018-01-09 09:41:51.703,10.08773
10118,2018-01-09 09:41:51.803,10.08773
10119,2018-01-09 09:41:51.904,10.08773
10120,2018-01-09 09:41:52.003,10.08773
10121,2018-01-09 09:41:52.104,10.08773
10122,2018-01-09 09:41:52.204,10.08773
10123,2018-01-09 09:41:52.303,10.08773
10124,2018-01-09 09:41:52.404,10.08773
10125,2018-01-09 09:41:52.504,10.08773
10126,2018-01-09 09:41:52.604,10.04511
10127,2018-01-09 09:41:52.704,10.04511
10128,2018-01-09 09:41:52.804,10.04511
10129,2018-01-09 09:41:52.904,10.04511
10130,2018-01-09 09:41:53.004,10.04511
10131,2018-01-09 09:41:53.104,10.04511
10132,2018-01-09 09:41:53.204,10.04511
10133,2018-01-09 09:41:53.305,10.04511
10134,2018-01-09 09:41:53.405,10.04511
10135,2018-01-09 09:41:53.504,10.04511
10136,2018-01-09 09:41:53.604,10.02658
10137,2018-01-09 09:41:53.704,10.02658
10138,2018-01-09 09:41:53.804,10.02658
10139,2018-01-09 09:41:53.905,10.02658
10140,2018-01-09 09:41:54.004,10.02658
10141,2018-01-09 09:41:54.104,10.02658
10142,2018-01-09 09:41:54.205,10.02658
10143,2018-01-09 09:41:54.304,10.02658
10144,2018-01-09 09:41:54.404,10.02658
10145,2018-01-09 09:41:54.504,10.02658
10146,2018-01-09 09:41:54.604,10.00991
10147,2018-01-09 09:41:54.704,10.00991
10148,2018-01-09 09:41:54.804,10.00991
10149,2018-01-09 09:41:54.904,10.00991
10150,2018-01-09 09:41:55.004,10.00991
10151,2018-01-09 09:41:55.104,10.00991
10152,2018-01-09 09:41:55.204,10.00991
10153,2018-01-09 09:41:55.305,10.00991
10154,2018-01-09 09:41:55.406,10.00991
10155,2018-01-09 09:41:55.505,10.08217
10156,2018-01-09 09:41:55.603,10.08217
10157,2018-01-09 09:41:55.703,10.08217
10158,2018-01-09 09:41:55.803,10.08217
10159,2018-01-09 09:41:55.903,10.08217
10160,2018-01-09 09:41:56.003,10.08217
10161,2018-01-09 09:41:56.103,10.08217
10162,2018-01-09 09:41:56.203,10.08217
10163,2018-01-09 09:41:56.303,10.08217
10164,2018-01-09 09:41:56.403,10.08217
10165,2018-01-09 09:41:56.503,10.08217
10166,2018-01-09 09:41:56.603,10.21559
10167,2018-01-09 09:41:56.703,10.21559
10168,2018-01-09 09:41:56.803,10.21559
10169,2018-01-09 09:41:56.903,10.21559
10170,2018-01-09 09:41:57.003,10.21559
10171,2018-01-09 09:41:57.103,10.21559
10172,2018-01-09 09:41:57.203,10.21559
10173,2018-01-09 09:41:57.303,10.21559
10174,2018-01-09 09:41:57.403,10.21559
10175,2018-01-09 09:41:57.504,10.36383
10176,2018-01-09 09:41:57.604,10.36383
10177,2018-01-09 09:41:57.703,10.36383
10178,2018-01-09 09:41:57.803,10.36383
10179,2018-01-09 09:41:57.904,10.36383
10180,2018-01-09 09:41:58.003,10.36383
10181,2018-01-09 09:41:58.103,10.36383
10182,2018-01-09 09:41:58.203,10.36383
10183,2018-01-09 09:41:58.303,10.36383
10184,2018-01-09 09:41:58.403,10.36383
10185,2018-01-09 09:41:58.503,10.36383
10186,2018-01-09 09:41:58.604,10.44351
10187,2018-01-09 09:41:58.704,10.44351
10188,2018-01-09 09:41:58.804,10.44351
10189,2018-01-09 09:41:58.904,10.44351
10190,2018-01-09 09:41:59.004,10.44351
10191,2018-01-09 09:41:59.104,10.44351
10192,2018-01-09 09:41:59.204,10.44351
10193,2018-01-09 09:41:59.304,10.44351
10194,2018-01-09 09:41:59.404,10.44351
10195,2018-01-09 09:41:59.505,10.44351
10196,2018-01-09 09:41:59.604,10.28786
10197,2018-01-09 09:41:59.704,10.28786
10198,2018-01-09 09:41:59.805,10.28786
10199,2018-01-09 09:41:59.904,10.28786
10200,2018-01-09 09:42:00.004,10.28786
10201,2018-01-09 09:42:00.105,10.28786
10202,2018-01-09 09:42:00.205,10.28786
10203,2018-01-09 09:42:00.304,10.28786
10204,2018-01-09 09:42:00.404,10.28786
10205,2018-01-09 09:42:00.504,10.28786
10206,2018-01-09 09:42:00.602,10.0377
10207,2018-01-09 09:42:00.702,10.0377
10208,2018-01-09 09:42:00.802,10.0377
10209,2018-01-09 09:42:00.902,10.0377
10210,2018-01-09 09:42:01.002,10.0377
10211,2018-01-09 09:42:01.102,10.0377
10212,2018-01-09 09:42:01.202,10.0377
10213,2018-01-09 09:42:01.302,10.0377
10214,2018-01-09 09:42:01.402,10.0377
10215,2018-01-09 09:42:01.503,10.0377
10216,2018-01-09 09:42:01.604,9.739368
10217,2018-01-09 09:42:01.703,9.739368
10218,2018-01-09 09:42:01.804,9.739368
10219,2018-01-09 09:42:01.904,9.739368
10220,2018-01-09 09:42:02.003,9.739368
10221,2018-01-09 09:42:02.103,9.739368
10222,2018-01-09 09:42:02.204,9.739368
10223,2018-01-09 09:42:02.303,9.739368
10224,2018-01-09 09:42:02.403,9.739368
10225,2018-01-09 09:42:02.503,9.739368
10226,2018-01-09 09:42:02.603,9.539244
10227,2018-01-09 09:42:02.703,9.539244
10228,2018-01-09 09:42:02.803,9.539244
10229,2018-01-09 09:42:02.903,9.539244
10230,2018-01-09 09:42:03.003,9.539244
10231,2018-01-09 09:42:03.103,9.539244
10232,2018-01-09 09:42:03.203,9.539244
10233,2018-01-09 09:42:03.304,9.539244
10234,2018-01-09 09:42:03.403,9.539244
10235,2018-01-09 09:42:03.503,9.454006
10236,2018-01-09 09:42:03.604,9.454006
10237,2018-01-09 09:42:03.703,9.454006
10238,2018-01-09 09:42:03.803,9.454006
10239,2018-01-09 09:42:03.904,9.454006
10240,2018-01-09 09:42:04.004,9.454006
10241,2018-01-09 09:42:04.103,9.454006
10242,2018-01-09 09:42:04.204,9.454006
10243,2018-01-09 09:42:04.303,9.454006
10244,2018-01-09 09:42:04.404,9.454006
10245,2018-01-09 09:42:04.503,9.466977
10246,2018-01-09 09:42:04.604,9.466977
10247,2018-01-09 09:42:04.704,9.466977
10248,2018-01-09 09:42:04.804,9.466977
10249,2018-01-09 09:42:04.904,9.466977
10250,2018-01-09 09:42:05.004,9.466977
10251,2018-01-09 09:42:05.104,9.466977
10252,2018-01-09 09:42:05.204,9.466977
10253,2018-01-09 09:42:05.304,9.466977
10254,2018-01-09 09:42:05.404,9.466977
10255,2018-01-09 09:42:05.505,9.455859
10256,2018-01-09 09:42:05.602,9.455859
10257,2018-01-09 09:42:05.703,9.455859
10258,2018-01-09 09:42:05.802,9.455859
10259,2018-01-09 09:42:05.902,9.455859
10260,2018-01-09 09:42:06.003,9.455859
10261,2018-01-09 09:42:06.103,9.455859
10262,2018-01-09 09:42:06.202,9.455859
10263,2018-01-09 09:42:06.302,9.455859
10264,2018-01-09 09:42:06.402,9.455859
10265,2018-01-09 09:42:06.502,9.32059
10266,2018-01-09 09:42:06.602,9.32059
10267,2018-01-09 09:42:06.702,9.32059
10268,2018-01-09 09:42:06.802,9.32059
10269,2018-01-09 09:42:06.902,9.32059
10270,2018-01-09 09:42:07.002,9.32059
10271,2018-01-09 09:42:07.102,9.32059
10272,2018-01-09 09:42:07.202,9.32059
10273,2018-01-09 09:42:07.302,9.32059
10274,2018-01-09 09:42:07.402,9.32059
10275,2018-01-09 09:42:07.504,9.083406
10276,2018-01-09 09:42:07.603,9.083406
10277,2018-01-09 09:42:07.704,9.083406
10278,2018-01-09 09:42:07.803,9.083406
10279,2018-01-09 09:42:07.903,9.083406
10280,2018-01-09 09:42:08.003,9.083406
10281,2018-01-09 09:42:08.104,9.083406
10282,2018-01-09 09:42:08.203,9.083406
10283,2018-01-09 09:42:08.303,9.083406
10284,2018-01-09 09:42:08.403,9.083406
10285,2018-01-09 09:42:08.503,8.872164
10286,2018-01-09 09:42:08.603,8.872164
10287,2018-01-09 09:42:08.703,8.872164
10288,2018-01-09 09:42:08.803,8.872164
10289,2018-01-09 09:42:08.903,8.872164
10290,2018-01-09 09:42:09.003,8.872164
10291,2018-01-09 09:42:09.103,8.872164
10292,2018-01-09 09:42:09.203,8.872164
10293,2018-01-09 09:42:09.303,8.872164
10294,2018-01-09 09:42:09.404,8.872164
10295,2018-01-09 09:42:09.504,8.851780999999997
10296,2018-01-09 09:42:09.603,8.851780999999997
10297,2018-01-09 09:42:09.703,8.851780999999997
10298,2018-01-09 09:42:09.803,8.851780999999997
10299,2018-01-09 09:42:09.903,8.851780999999997
10300,2018-01-09 09:42:10.003,8.851780999999997
10301,2018-01-09 09:42:10.104,8.851780999999997
10302,2018-01-09 09:42:10.203,8.851780999999997
10303,2018-01-09 09:42:10.303,8.851780999999997
10304,2018-01-09 09:42:10.403,8.851780999999997
10305,2018-01-09 09:42:10.504,8.853634
10306,2018-01-09 09:42:10.602,8.853634
10307,2018-01-09 09:42:10.702,8.853634
10308,2018-01-09 09:42:10.802,8.853634
10309,2018-01-09 09:42:10.902,8.853634
10310,2018-01-09 09:42:11.002,8.853634
10311,2018-01-09 09:42:11.102,8.853634
10312,2018-01-09 09:42:11.202,8.853634
10313,2018-01-09 09:42:11.302,8.853634
10314,2018-01-09 09:42:11.402,8.853634
10315,2018-01-09 09:42:11.502,8.868458
10316,2018-01-09 09:42:11.602,8.868458
10317,2018-01-09 09:42:11.702,8.868458
10318,2018-01-09 09:42:11.802,8.868458
10319,2018-01-09 09:42:11.902,8.868458
10320,2018-01-09 09:42:12.003,8.868458
10321,2018-01-09 09:42:12.102,8.868458
10322,2018-01-09 09:42:12.202,8.868458
10323,2018-01-09 09:42:12.302,8.868458
10324,2018-01-09 09:42:12.402,8.868458
10325,2018-01-09 09:42:12.502,8.788779
10326,2018-01-09 09:42:12.602,8.788779
10327,2018-01-09 09:42:12.702,8.788779
10328,2018-01-09 09:42:12.802,8.788779
10329,2018-01-09 09:42:12.902,8.788779
10330,2018-01-09 09:42:13.002,8.788779
10331,2018-01-09 09:42:13.102,8.788779
10332,2018-01-09 09:42:13.202,8.788779
10333,2018-01-09 09:42:13.303,8.788779
10334,2018-01-09 09:42:13.402,8.788779
10335,2018-01-09 09:42:13.503,8.748013
10336,2018-01-09 09:42:13.603,8.748013
10337,2018-01-09 09:42:13.703,8.748013
10338,2018-01-09 09:42:13.803,8.748013
10339,2018-01-09 09:42:13.903,8.748013
10340,2018-01-09 09:42:14.003,8.748013
10341,2018-01-09 09:42:14.104,8.748013
10342,2018-01-09 09:42:14.203,8.748013
10343,2018-01-09 09:42:14.303,8.748013
10344,2018-01-09 09:42:14.403,8.748013
10345,2018-01-09 09:42:14.503,8.725777
10346,2018-01-09 09:42:14.603,8.725777
10347,2018-01-09 09:42:14.703,8.725777
10348,2018-01-09 09:42:14.803,8.725777
10349,2018-01-09 09:42:14.903,8.725777
10350,2018-01-09 09:42:15.003,8.725777
10351,2018-01-09 09:42:15.103,8.725777
10352,2018-01-09 09:42:15.203,8.725777
10353,2018-01-09 09:42:15.303,8.725777
10354,2018-01-09 09:42:15.403,8.725777
10355,2018-01-09 09:42:15.503,8.805456
10356,2018-01-09 09:42:15.601,8.805456
10357,2018-01-09 09:42:15.701,8.805456
10358,2018-01-09 09:42:15.801,8.805456
10359,2018-01-09 09:42:15.901,8.805456
10360,2018-01-09 09:42:16.001,8.805456
10361,2018-01-09 09:42:16.101,8.805456
10362,2018-01-09 09:42:16.201,8.805456
10363,2018-01-09 09:42:16.301,8.805456
10364,2018-01-09 09:42:16.401,8.805456
10365,2018-01-09 09:42:16.501,8.925901
10366,2018-01-09 09:42:16.602,8.925901
10367,2018-01-09 09:42:16.702,8.925901
10368,2018-01-09 09:42:16.802,8.925901
10369,2018-01-09 09:42:16.902,8.925901
10370,2018-01-09 09:42:17.002,8.925901
10371,2018-01-09 09:42:17.102,8.925901
10372,2018-01-09 09:42:17.202,8.925901
10373,2018-01-09 09:42:17.302,8.925901
10374,2018-01-09 09:42:17.402,8.925901
10375,2018-01-09 09:42:17.502,9.231646
10376,2018-01-09 09:42:17.602,9.231646
10377,2018-01-09 09:42:17.702,9.231646
10378,2018-01-09 09:42:17.802,9.231646
10379,2018-01-09 09:42:17.902,9.231646
10380,2018-01-09 09:42:18.002,9.231646
10381,2018-01-09 09:42:18.102,9.231646
10382,2018-01-09 09:42:18.202,9.231646
10383,2018-01-09 09:42:18.302,9.231646
10384,2018-01-09 09:42:18.402,9.231646
10385,2018-01-09 09:42:18.502,9.398416
10386,2018-01-09 09:42:18.602,9.398416
10387,2018-01-09 09:42:18.702,9.398416
10388,2018-01-09 09:42:18.802,9.398416
10389,2018-01-09 09:42:18.902,9.398416
10390,2018-01-09 09:42:19.002,9.398416
10391,2018-01-09 09:42:19.102,9.398416
10392,2018-01-09 09:42:19.202,9.398416
10393,2018-01-09 09:42:19.302,9.398416
10394,2018-01-09 09:42:19.402,9.398416
10395,2018-01-09 09:42:19.503,9.576304
10396,2018-01-09 09:42:19.603,9.576304
10397,2018-01-09 09:42:19.703,9.576304
10398,2018-01-09 09:42:19.803,9.576304
10399,2018-01-09 09:42:19.903,9.576304
10400,2018-01-09 09:42:20.003,9.576304
10401,2018-01-09 09:42:20.103,9.576304
10402,2018-01-09 09:42:20.203,9.576304
10403,2018-01-09 09:42:20.303,9.576304
10404,2018-01-09 09:42:20.403,9.576304
10405,2018-01-09 09:42:20.503,9.937639
10406,2018-01-09 09:42:20.601,9.937639
10407,2018-01-09 09:42:20.701,9.937639
10408,2018-01-09 09:42:20.801,9.937639
10409,2018-01-09 09:42:20.901,9.937639
10410,2018-01-09 09:42:21.001,9.937639
10411,2018-01-09 09:42:21.101,9.937639
10412,2018-01-09 09:42:21.201,9.937639
10413,2018-01-09 09:42:21.301,9.937639
10414,2018-01-09 09:42:21.401,9.937639
10415,2018-01-09 09:42:21.501,10.09885
10416,2018-01-09 09:42:21.601,10.09885
10417,2018-01-09 09:42:21.701,10.09885
10418,2018-01-09 09:42:21.801,10.09885
10419,2018-01-09 09:42:21.901,10.09885
10420,2018-01-09 09:42:22.001,10.09885
10421,2018-01-09 09:42:22.102,10.09885
10422,2018-01-09 09:42:22.201,10.09885
10423,2018-01-09 09:42:22.301,10.09885
10424,2018-01-09 09:42:22.401,10.09885
10425,2018-01-09 09:42:22.501,9.700455
10426,2018-01-09 09:42:22.602,9.700455
10427,2018-01-09 09:42:22.702,9.700455
10428,2018-01-09 09:42:22.802,9.700455
10429,2018-01-09 09:42:22.902,9.700455
10430,2018-01-09 09:42:23.002,9.700455
10431,2018-01-09 09:42:23.102,9.700455
10432,2018-01-09 09:42:23.202,9.700455
10433,2018-01-09 09:42:23.302,9.700455
10434,2018-01-09 09:42:23.403,9.700455
10435,2018-01-09 09:42:23.502,9.700455
10436,2018-01-09 09:42:23.602,10.20447
10437,2018-01-09 09:42:23.702,10.20447
10438,2018-01-09 09:42:23.802,10.20447
10439,2018-01-09 09:42:23.902,10.20447
10440,2018-01-09 09:42:24.002,10.20447
10441,2018-01-09 09:42:24.103,10.20447
10442,2018-01-09 09:42:24.202,10.20447
10443,2018-01-09 09:42:24.302,10.20447
10444,2018-01-09 09:42:24.402,10.20447
10445,2018-01-09 09:42:24.502,10.21003
10446,2018-01-09 09:42:24.602,10.21003
10447,2018-01-09 09:42:24.702,10.21003
10448,2018-01-09 09:42:24.802,10.21003
10449,2018-01-09 09:42:24.902,10.21003
10450,2018-01-09 09:42:25.002,10.21003
10451,2018-01-09 09:42:25.102,10.21003
10452,2018-01-09 09:42:25.202,10.21003
10453,2018-01-09 09:42:25.302,10.21003
10454,2018-01-09 09:42:25.402,10.21003
10455,2018-01-09 09:42:25.502,10.21003
10456,2018-01-09 09:42:25.600,10.4046
10457,2018-01-09 09:42:25.701,10.4046
10458,2018-01-09 09:42:25.801,10.4046
10459,2018-01-09 09:42:25.902,10.4046
10460,2018-01-09 09:42:26.001,10.4046
10461,2018-01-09 09:42:26.101,10.4046
10462,2018-01-09 09:42:26.201,10.4046
10463,2018-01-09 09:42:26.301,10.4046
10464,2018-01-09 09:42:26.401,10.4046
10465,2018-01-09 09:42:26.501,10.6529
10466,2018-01-09 09:42:26.601,10.6529
10467,2018-01-09 09:42:26.701,10.6529
10468,2018-01-09 09:42:26.801,10.6529
10469,2018-01-09 09:42:26.901,10.6529
10470,2018-01-09 09:42:27.001,10.6529
10471,2018-01-09 09:42:27.101,10.6529
10472,2018-01-09 09:42:27.201,10.6529
10473,2018-01-09 09:42:27.301,10.6529
10474,2018-01-09 09:42:27.401,10.6529
10475,2018-01-09 09:42:27.501,10.89935
10476,2018-01-09 09:42:27.601,10.89935
10477,2018-01-09 09:42:27.701,10.89935
10478,2018-01-09 09:42:27.801,10.89935
10479,2018-01-09 09:42:27.901,10.89935
10480,2018-01-09 09:42:28.002,10.89935
10481,2018-01-09 09:42:28.101,10.89935
10482,2018-01-09 09:42:28.201,10.89935
10483,2018-01-09 09:42:28.301,10.89935
10484,2018-01-09 09:42:28.401,10.89935
10485,2018-01-09 09:42:28.501,11.1495
10486,2018-01-09 09:42:28.601,11.1495
10487,2018-01-09 09:42:28.702,11.1495
10488,2018-01-09 09:42:28.802,11.1495
10489,2018-01-09 09:42:28.902,11.1495
10490,2018-01-09 09:42:29.002,11.1495
10491,2018-01-09 09:42:29.102,11.1495
10492,2018-01-09 09:42:29.202,11.1495
10493,2018-01-09 09:42:29.302,11.1495
10494,2018-01-09 09:42:29.403,11.1495
10495,2018-01-09 09:42:29.502,11.28477
10496,2018-01-09 09:42:29.602,11.28477
10497,2018-01-09 09:42:29.702,11.28477
10498,2018-01-09 09:42:29.802,11.28477
10499,2018-01-09 09:42:29.903,11.28477
10500,2018-01-09 09:42:30.002,11.28477
10501,2018-01-09 09:42:30.102,11.28477
10502,2018-01-09 09:42:30.202,11.28477
10503,2018-01-09 09:42:30.302,11.28477
10504,2018-01-09 09:42:30.402,11.28477
10505,2018-01-09 09:42:30.502,11.28292
10506,2018-01-09 09:42:30.600,11.28292
10507,2018-01-09 09:42:30.700,11.28292
10508,2018-01-09 09:42:30.800,11.28292
10509,2018-01-09 09:42:30.900,11.28292
10510,2018-01-09 09:42:31.000,11.28292
10511,2018-01-09 09:42:31.100,11.28292
10512,2018-01-09 09:42:31.200,11.28292
10513,2018-01-09 09:42:31.300,11.28292
10514,2018-01-09 09:42:31.401,11.28292
10515,2018-01-09 09:42:31.500,11.10688
10516,2018-01-09 09:42:31.602,11.10688
10517,2018-01-09 09:42:31.701,11.10688
10518,2018-01-09 09:42:31.801,11.10688
10519,2018-01-09 09:42:31.901,11.10688
10520,2018-01-09 09:42:32.001,11.10688
10521,2018-01-09 09:42:32.101,11.10688
10522,2018-01-09 09:42:32.202,11.10688
10523,2018-01-09 09:42:32.301,11.10688
10524,2018-01-09 09:42:32.401,11.10688
10525,2018-01-09 09:42:32.501,11.10688
10526,2018-01-09 09:42:32.601,11.01608
10527,2018-01-09 09:42:32.701,11.01608
10528,2018-01-09 09:42:32.801,11.01608
10529,2018-01-09 09:42:32.901,11.01608
10530,2018-01-09 09:42:33.001,11.01608
10531,2018-01-09 09:42:33.101,11.01608
10532,2018-01-09 09:42:33.201,11.01608
10533,2018-01-09 09:42:33.301,11.01608
10534,2018-01-09 09:42:33.402,11.01608
10535,2018-01-09 09:42:33.502,10.78075
10536,2018-01-09 09:42:33.601,10.78075
10537,2018-01-09 09:42:33.701,10.78075
10538,2018-01-09 09:42:33.802,10.78075
10539,2018-01-09 09:42:33.902,10.78075
10540,2018-01-09 09:42:34.001,10.78075
10541,2018-01-09 09:42:34.101,10.78075
10542,2018-01-09 09:42:34.202,10.78075
10543,2018-01-09 09:42:34.301,10.78075
10544,2018-01-09 09:42:34.401,10.78075
10545,2018-01-09 09:42:34.501,10.51577
10546,2018-01-09 09:42:34.602,10.51577
10547,2018-01-09 09:42:34.702,10.51577
10548,2018-01-09 09:42:34.802,10.51577
10549,2018-01-09 09:42:34.902,10.51577
10550,2018-01-09 09:42:35.002,10.51577
10551,2018-01-09 09:42:35.102,10.51577
10552,2018-01-09 09:42:35.203,10.51577
10553,2018-01-09 09:42:35.302,10.51577
10554,2018-01-09 09:42:35.402,10.51577
10555,2018-01-09 09:42:35.502,10.56581
10556,2018-01-09 09:42:35.600,10.56581
10557,2018-01-09 09:42:35.700,10.56581
10558,2018-01-09 09:42:35.800,10.56581
10559,2018-01-09 09:42:35.900,10.56581
10560,2018-01-09 09:42:36.000,10.56581
10561,2018-01-09 09:42:36.100,10.56581
10562,2018-01-09 09:42:36.201,10.56581
10563,2018-01-09 09:42:36.300,10.56581
10564,2018-01-09 09:42:36.400,10.56581
10565,2018-01-09 09:42:36.500,10.56581
10566,2018-01-09 09:42:36.600,10.66587
10567,2018-01-09 09:42:36.700,10.66587
10568,2018-01-09 09:42:36.800,10.66587
10569,2018-01-09 09:42:36.900,10.66587
10570,2018-01-09 09:42:37.000,10.66587
10571,2018-01-09 09:42:37.100,10.66587
10572,2018-01-09 09:42:37.200,10.66587
10573,2018-01-09 09:42:37.300,10.66587
10574,2018-01-09 09:42:37.400,10.66587
10575,2018-01-09 09:42:37.500,10.66587
10576,2018-01-09 09:42:37.600,10.73814
10577,2018-01-09 09:42:37.701,10.73814
10578,2018-01-09 09:42:37.802,10.73814
10579,2018-01-09 09:42:37.901,10.73814
10580,2018-01-09 09:42:38.001,10.73814
10581,2018-01-09 09:42:38.101,10.73814
10582,2018-01-09 09:42:38.202,10.73814
10583,2018-01-09 09:42:38.301,10.73814
10584,2018-01-09 09:42:38.401,10.73814
10585,2018-01-09 09:42:38.501,10.73814
10586,2018-01-09 09:42:38.601,10.95679
10587,2018-01-09 09:42:38.701,10.95679
10588,2018-01-09 09:42:38.801,10.95679
10589,2018-01-09 09:42:38.901,10.95679
10590,2018-01-09 09:42:39.001,10.95679
10591,2018-01-09 09:42:39.101,10.95679
10592,2018-01-09 09:42:39.202,10.95679
10593,2018-01-09 09:42:39.301,10.95679
10594,2018-01-09 09:42:39.401,10.95679
10595,2018-01-09 09:42:39.501,10.39162
10596,2018-01-09 09:42:39.602,10.39162
10597,2018-01-09 09:42:39.702,10.39162
10598,2018-01-09 09:42:39.801,10.39162
10599,2018-01-09 09:42:39.902,10.39162
10600,2018-01-09 09:42:40.002,10.39162
10601,2018-01-09 09:42:40.102,10.39162
10602,2018-01-09 09:42:40.201,10.39162
10603,2018-01-09 09:42:40.301,10.39162
10604,2018-01-09 09:42:40.401,10.39162
10605,2018-01-09 09:42:40.502,9.993229
10606,2018-01-09 09:42:40.599,9.993229
10607,2018-01-09 09:42:40.700,9.993229
10608,2018-01-09 09:42:40.800,9.993229
10609,2018-01-09 09:42:40.900,9.993229
10610,2018-01-09 09:42:41.000,9.993229
10611,2018-01-09 09:42:41.100,9.993229
10612,2018-01-09 09:42:41.201,9.993229
10613,2018-01-09 09:42:41.300,9.993229
10614,2018-01-09 09:42:41.400,9.993229
10615,2018-01-09 09:42:41.500,9.704161
10616,2018-01-09 09:42:41.601,9.704161
10617,2018-01-09 09:42:41.700,9.704161
10618,2018-01-09 09:42:41.800,9.704161
10619,2018-01-09 09:42:41.900,9.704161
10620,2018-01-09 09:42:42.001,9.704161
10621,2018-01-09 09:42:42.101,9.704161
10622,2018-01-09 09:42:42.200,9.704161
10623,2018-01-09 09:42:42.300,9.704161
10624,2018-01-09 09:42:42.400,9.704161
10625,2018-01-09 09:42:42.500,9.626335
10626,2018-01-09 09:42:42.600,9.626335
10627,2018-01-09 09:42:42.700,9.626335
10628,2018-01-09 09:42:42.800,9.626335
10629,2018-01-09 09:42:42.900,9.626335
10630,2018-01-09 09:42:43.000,9.626335
10631,2018-01-09 09:42:43.100,9.626335
10632,2018-01-09 09:42:43.200,9.626335
10633,2018-01-09 09:42:43.300,9.626335
10634,2018-01-09 09:42:43.400,9.626335
10635,2018-01-09 09:42:43.500,9.626335
10636,2018-01-09 09:42:43.600,9.626335
10637,2018-01-09 09:42:43.701,9.626335
10638,2018-01-09 09:42:43.802,9.626335
10639,2018-01-09 09:42:43.901,9.626335
10640,2018-01-09 09:42:44.001,9.626335
10641,2018-01-09 09:42:44.102,9.626335
10642,2018-01-09 09:42:44.202,9.626335
10643,2018-01-09 09:42:44.302,9.626335
10644,2018-01-09 09:42:44.401,9.626335
10645,2018-01-09 09:42:44.501,9.626335
10646,2018-01-09 09:42:44.601,9.626335
10647,2018-01-09 09:42:44.702,9.626335
10648,2018-01-09 09:42:44.801,9.626335
10649,2018-01-09 09:42:44.901,9.626335
10650,2018-01-09 09:42:45.001,9.626335
10651,2018-01-09 09:42:45.101,9.626335
10652,2018-01-09 09:42:45.201,9.626335
10653,2018-01-09 09:42:45.301,9.626335
10654,2018-01-09 09:42:45.401,9.626335
10655,2018-01-09 09:42:45.501,9.626335
10656,2018-01-09 09:42:45.600,9.626335
10657,2018-01-09 09:42:45.699,9.626335
10658,2018-01-09 09:42:45.799,9.626335
10659,2018-01-09 09:42:45.900,9.626335
10660,2018-01-09 09:42:45.999,9.626335
10661,2018-01-09 09:42:46.099,9.626335
10662,2018-01-09 09:42:46.199,9.626335
10663,2018-01-09 09:42:46.299,9.626335
10664,2018-01-09 09:42:46.399,9.626335
10665,2018-01-09 09:42:46.499,9.626335
10666,2018-01-09 09:42:46.600,9.626335
10667,2018-01-09 09:42:46.700,9.626335
10668,2018-01-09 09:42:46.800,9.626335
10669,2018-01-09 09:42:46.900,9.626335
10670,2018-01-09 09:42:47.000,9.626335
10671,2018-01-09 09:42:47.100,9.626335
10672,2018-01-09 09:42:47.200,9.626335
10673,2018-01-09 09:42:47.300,9.626335
10674,2018-01-09 09:42:47.400,9.626335
10675,2018-01-09 09:42:47.500,9.626335
10676,2018-01-09 09:42:47.601,9.626335
10677,2018-01-09 09:42:47.700,9.626335
10678,2018-01-09 09:42:47.800,9.626335
10679,2018-01-09 09:42:47.900,9.626335
10680,2018-01-09 09:42:48.001,9.626335
10681,2018-01-09 09:42:48.100,9.626335
10682,2018-01-09 09:42:48.200,9.626335
10683,2018-01-09 09:42:48.300,9.626335
10684,2018-01-09 09:42:48.400,9.626335
10685,2018-01-09 09:42:48.500,9.626335
10686,2018-01-09 09:42:48.600,9.626335
10687,2018-01-09 09:42:48.700,9.626335
10688,2018-01-09 09:42:48.800,9.626335
10689,2018-01-09 09:42:48.900,9.626335
10690,2018-01-09 09:42:49.000,9.626335
10691,2018-01-09 09:42:49.100,9.626335
10692,2018-01-09 09:42:49.200,9.626335
10693,2018-01-09 09:42:49.300,9.626335
10694,2018-01-09 09:42:49.400,9.626335
10695,2018-01-09 09:42:49.500,9.626335
10696,2018-01-09 09:42:49.600,9.626335
10697,2018-01-09 09:42:49.700,9.626335
10698,2018-01-09 09:42:49.801,9.626335
10699,2018-01-09 09:42:49.901,9.626335
10700,2018-01-09 09:42:50.001,9.626335
10701,2018-01-09 09:42:50.101,9.626335
10702,2018-01-09 09:42:50.201,9.626335
10703,2018-01-09 09:42:50.302,9.626335
10704,2018-01-09 09:42:50.401,9.626335
10705,2018-01-09 09:42:50.501,8.964814
10706,2018-01-09 09:42:50.599,8.964814
10707,2018-01-09 09:42:50.699,8.964814
10708,2018-01-09 09:42:50.799,8.964814
10709,2018-01-09 09:42:50.899,8.964814
10710,2018-01-09 09:42:50.999,8.964814
10711,2018-01-09 09:42:51.099,8.964814
10712,2018-01-09 09:42:51.199,8.964814
10713,2018-01-09 09:42:51.299,8.964814
10714,2018-01-09 09:42:51.399,8.964814
10715,2018-01-09 09:42:51.499,8.948137
10716,2018-01-09 09:42:51.599,8.948137
10717,2018-01-09 09:42:51.699,8.948137
10718,2018-01-09 09:42:51.799,8.948137
10719,2018-01-09 09:42:51.899,8.948137
10720,2018-01-09 09:42:52.000,8.948137
10721,2018-01-09 09:42:52.099,8.948137
10722,2018-01-09 09:42:52.199,8.948137
10723,2018-01-09 09:42:52.299,8.948137
10724,2018-01-09 09:42:52.399,8.948137
10725,2018-01-09 09:42:52.499,9.13529
10726,2018-01-09 09:42:52.599,9.13529
10727,2018-01-09 09:42:52.699,9.13529
10728,2018-01-09 09:42:52.800,9.13529
10729,2018-01-09 09:42:52.900,9.13529
10730,2018-01-09 09:42:53.000,9.13529
10731,2018-01-09 09:42:53.100,9.13529
10732,2018-01-09 09:42:53.200,9.13529
10733,2018-01-09 09:42:53.300,9.13529
10734,2018-01-09 09:42:53.400,9.13529
10735,2018-01-09 09:42:53.501,9.415093
10736,2018-01-09 09:42:53.600,9.415093
10737,2018-01-09 09:42:53.701,9.415093
10738,2018-01-09 09:42:53.801,9.415093
10739,2018-01-09 09:42:53.900,9.415093
10740,2018-01-09 09:42:54.000,9.415093
10741,2018-01-09 09:42:54.100,9.415093
10742,2018-01-09 09:42:54.200,9.415093
10743,2018-01-09 09:42:54.300,9.415093
10744,2018-01-09 09:42:54.400,9.415093
10745,2018-01-09 09:42:54.500,9.46883
10746,2018-01-09 09:42:54.600,9.46883
10747,2018-01-09 09:42:54.700,9.46883
10748,2018-01-09 09:42:54.800,9.46883
10749,2018-01-09 09:42:54.900,9.46883
10750,2018-01-09 09:42:55.000,9.46883
10751,2018-01-09 09:42:55.100,9.46883
10752,2018-01-09 09:42:55.200,9.46883
10753,2018-01-09 09:42:55.300,9.46883
10754,2018-01-09 09:42:55.400,9.46883
10755,2018-01-09 09:42:55.501,9.856107000000002
10756,2018-01-09 09:42:55.598,9.856107000000002
10757,2018-01-09 09:42:55.698,9.856107000000002
10758,2018-01-09 09:42:55.799,9.856107000000002
10759,2018-01-09 09:42:55.899,9.856107000000002
10760,2018-01-09 09:42:55.999,9.856107000000002
10761,2018-01-09 09:42:56.100,9.856107000000002
10762,2018-01-09 09:42:56.199,9.856107000000002
10763,2018-01-09 09:42:56.299,9.856107000000002
10764,2018-01-09 09:42:56.399,9.856107000000002
10765,2018-01-09 09:42:56.499,10.22671
10766,2018-01-09 09:42:56.599,10.22671
10767,2018-01-09 09:42:56.699,10.22671
10768,2018-01-09 09:42:56.799,10.22671
10769,2018-01-09 09:42:56.899,10.22671
10770,2018-01-09 09:42:56.999,10.22671
10771,2018-01-09 09:42:57.099,10.22671
10772,2018-01-09 09:42:57.199,10.22671
10773,2018-01-09 09:42:57.299,10.22671
10774,2018-01-09 09:42:57.399,10.22671
10775,2018-01-09 09:42:57.499,10.85487
10776,2018-01-09 09:42:57.599,10.85487
10777,2018-01-09 09:42:57.699,10.85487
10778,2018-01-09 09:42:57.799,10.85487
10779,2018-01-09 09:42:57.899,10.85487
10780,2018-01-09 09:42:58.000,10.85487
10781,2018-01-09 09:42:58.099,10.85487
10782,2018-01-09 09:42:58.200,10.85487
10783,2018-01-09 09:42:58.299,10.85487
10784,2018-01-09 09:42:58.399,10.85487
10785,2018-01-09 09:42:58.499,11.55531
10786,2018-01-09 09:42:58.599,11.55531
10787,2018-01-09 09:42:58.700,11.55531
10788,2018-01-09 09:42:58.800,11.55531
10789,2018-01-09 09:42:58.900,11.55531
10790,2018-01-09 09:42:59.000,11.55531
10791,2018-01-09 09:42:59.100,11.55531
10792,2018-01-09 09:42:59.200,11.55531
10793,2018-01-09 09:42:59.300,11.55531
10794,2018-01-09 09:42:59.400,11.55531
10795,2018-01-09 09:42:59.500,11.55531
10796,2018-01-09 09:42:59.600,12.07415
10797,2018-01-09 09:42:59.700,12.07415
10798,2018-01-09 09:42:59.800,12.07415
10799,2018-01-09 09:42:59.901,12.07415
10800,2018-01-09 09:43:00.000,12.07415
10801,2018-01-09 09:43:00.100,12.07415
10802,2018-01-09 09:43:00.200,12.07415
10803,2018-01-09 09:43:00.301,12.07415
10804,2018-01-09 09:43:00.400,12.07415
10805,2018-01-09 09:43:00.500,12.07415
10806,2018-01-09 09:43:00.598,12.36507
10807,2018-01-09 09:43:00.698,12.36507
10808,2018-01-09 09:43:00.798,12.36507
10809,2018-01-09 09:43:00.898,12.36507
10810,2018-01-09 09:43:00.998,12.36507
10811,2018-01-09 09:43:01.098,12.36507
10812,2018-01-09 09:43:01.199,12.36507
10813,2018-01-09 09:43:01.298,12.36507
10814,2018-01-09 09:43:01.398,12.36507
10815,2018-01-09 09:43:01.498,12.36507
10816,2018-01-09 09:43:01.599,12.69861
10817,2018-01-09 09:43:01.698,12.69861
10818,2018-01-09 09:43:01.800,12.69861
10819,2018-01-09 09:43:01.899,12.69861
10820,2018-01-09 09:43:02.000,12.69861
10821,2018-01-09 09:43:02.099,12.69861
10822,2018-01-09 09:43:02.200,12.69861
10823,2018-01-09 09:43:02.299,12.69861
10824,2018-01-09 09:43:02.399,12.69861
10825,2018-01-09 09:43:02.499,12.69861
10826,2018-01-09 09:43:02.599,12.68379
10827,2018-01-09 09:43:02.699,12.68379
10828,2018-01-09 09:43:02.799,12.68379
10829,2018-01-09 09:43:02.899,12.68379
10830,2018-01-09 09:43:02.999,12.68379
10831,2018-01-09 09:43:03.099,12.68379
10832,2018-01-09 09:43:03.199,12.68379
10833,2018-01-09 09:43:03.299,12.68379
10834,2018-01-09 09:43:03.399,12.68379
10835,2018-01-09 09:43:03.500,12.68379
10836,2018-01-09 09:43:03.599,12.70232
10837,2018-01-09 09:43:03.699,12.70232
10838,2018-01-09 09:43:03.799,12.70232
10839,2018-01-09 09:43:03.899,12.70232
10840,2018-01-09 09:43:04.000,12.70232
10841,2018-01-09 09:43:04.099,12.70232
10842,2018-01-09 09:43:04.200,12.70232
10843,2018-01-09 09:43:04.300,12.70232
10844,2018-01-09 09:43:04.399,12.70232
10845,2018-01-09 09:43:04.500,12.70232
10846,2018-01-09 09:43:04.599,12.75049
10847,2018-01-09 09:43:04.700,12.75049
10848,2018-01-09 09:43:04.799,12.75049
10849,2018-01-09 09:43:04.900,12.75049
10850,2018-01-09 09:43:05.000,12.75049
10851,2018-01-09 09:43:05.100,12.75049
10852,2018-01-09 09:43:05.200,12.75049
10853,2018-01-09 09:43:05.300,12.75049
10854,2018-01-09 09:43:05.400,12.75049
10855,2018-01-09 09:43:05.501,12.75049
10856,2018-01-09 09:43:05.598,12.93023
10857,2018-01-09 09:43:05.698,12.93023
10858,2018-01-09 09:43:05.798,12.93023
10859,2018-01-09 09:43:05.898,12.93023
10860,2018-01-09 09:43:05.998,12.93023
10861,2018-01-09 09:43:06.098,12.93023
10862,2018-01-09 09:43:06.198,12.93023
10863,2018-01-09 09:43:06.298,12.93023
10864,2018-01-09 09:43:06.398,12.93023
10865,2018-01-09 09:43:06.498,13.20633
10866,2018-01-09 09:43:06.598,13.20633
10867,2018-01-09 09:43:06.698,13.20633
10868,2018-01-09 09:43:06.798,13.20633
10869,2018-01-09 09:43:06.898,13.20633
10870,2018-01-09 09:43:06.998,13.20633
10871,2018-01-09 09:43:07.098,13.20633
10872,2018-01-09 09:43:07.198,13.20633
10873,2018-01-09 09:43:07.298,13.20633
10874,2018-01-09 09:43:07.398,13.20633
10875,2018-01-09 09:43:07.498,13.20633
10876,2018-01-09 09:43:07.598,13.45093
10877,2018-01-09 09:43:07.698,13.45093
10878,2018-01-09 09:43:07.798,13.45093
10879,2018-01-09 09:43:07.899,13.45093
10880,2018-01-09 09:43:07.999,13.45093
10881,2018-01-09 09:43:08.099,13.45093
10882,2018-01-09 09:43:08.199,13.45093
10883,2018-01-09 09:43:08.299,13.45093
10884,2018-01-09 09:43:08.399,13.45093
10885,2018-01-09 09:43:08.499,13.45093
10886,2018-01-09 09:43:08.599,13.48984
10887,2018-01-09 09:43:08.699,13.48984
10888,2018-01-09 09:43:08.799,13.48984
10889,2018-01-09 09:43:08.899,13.48984
10890,2018-01-09 09:43:08.999,13.48984
10891,2018-01-09 09:43:09.099,13.48984
10892,2018-01-09 09:43:09.199,13.48984
10893,2018-01-09 09:43:09.299,13.48984
10894,2018-01-09 09:43:09.399,13.48984
10895,2018-01-09 09:43:09.499,13.48984
10896,2018-01-09 09:43:09.599,13.21374
10897,2018-01-09 09:43:09.699,13.21374
10898,2018-01-09 09:43:09.799,13.21374
10899,2018-01-09 09:43:09.899,13.21374
10900,2018-01-09 09:43:09.999,13.21374
10901,2018-01-09 09:43:10.100,13.21374
10902,2018-01-09 09:43:10.199,13.21374
10903,2018-01-09 09:43:10.299,13.21374
10904,2018-01-09 09:43:10.399,13.21374
10905,2018-01-09 09:43:10.499,13.21374
10906,2018-01-09 09:43:10.597,12.67823
10907,2018-01-09 09:43:10.697,12.67823
10908,2018-01-09 09:43:10.797,12.67823
10909,2018-01-09 09:43:10.898,12.67823
10910,2018-01-09 09:43:10.998,12.67823
10911,2018-01-09 09:43:11.098,12.67823
10912,2018-01-09 09:43:11.198,12.67823
10913,2018-01-09 09:43:11.298,12.67823
10914,2018-01-09 09:43:11.398,12.67823
10915,2018-01-09 09:43:11.499,12.05377
10916,2018-01-09 09:43:11.598,12.05377
10917,2018-01-09 09:43:11.698,12.05377
10918,2018-01-09 09:43:11.798,12.05377
10919,2018-01-09 09:43:11.899,12.05377
10920,2018-01-09 09:43:11.999,12.05377
10921,2018-01-09 09:43:12.099,12.05377
10922,2018-01-09 09:43:12.199,12.05377
10923,2018-01-09 09:43:12.299,12.05377
10924,2018-01-09 09:43:12.398,12.05377
10925,2018-01-09 09:43:12.498,11.63128
10926,2018-01-09 09:43:12.598,11.63128
10927,2018-01-09 09:43:12.698,11.63128
10928,2018-01-09 09:43:12.798,11.63128
10929,2018-01-09 09:43:12.898,11.63128
10930,2018-01-09 09:43:12.998,11.63128
10931,2018-01-09 09:43:13.098,11.63128
10932,2018-01-09 09:43:13.198,11.63128
10933,2018-01-09 09:43:13.298,11.63128
10934,2018-01-09 09:43:13.398,11.63128
10935,2018-01-09 09:43:13.498,11.55346
10936,2018-01-09 09:43:13.598,11.55346
10937,2018-01-09 09:43:13.698,11.55346
10938,2018-01-09 09:43:13.798,11.55346
10939,2018-01-09 09:43:13.899,11.55346
10940,2018-01-09 09:43:13.999,11.55346
10941,2018-01-09 09:43:14.100,11.55346
10942,2018-01-09 09:43:14.200,11.55346
10943,2018-01-09 09:43:14.299,11.55346
10944,2018-01-09 09:43:14.399,11.55346
10945,2018-01-09 09:43:14.499,11.6146
10946,2018-01-09 09:43:14.599,11.6146
10947,2018-01-09 09:43:14.699,11.6146
10948,2018-01-09 09:43:14.799,11.6146
10949,2018-01-09 09:43:14.899,11.6146
10950,2018-01-09 09:43:14.999,11.6146
10951,2018-01-09 09:43:15.099,11.6146
10952,2018-01-09 09:43:15.199,11.6146
10953,2018-01-09 09:43:15.299,11.6146
10954,2018-01-09 09:43:15.399,11.6146
10955,2018-01-09 09:43:15.500,11.64425
10956,2018-01-09 09:43:15.597,11.64425
10957,2018-01-09 09:43:15.697,11.64425
10958,2018-01-09 09:43:15.797,11.64425
10959,2018-01-09 09:43:15.897,11.64425
10960,2018-01-09 09:43:15.997,11.64425
10961,2018-01-09 09:43:16.097,11.64425
10962,2018-01-09 09:43:16.197,11.64425
10963,2018-01-09 09:43:16.297,11.64425
10964,2018-01-09 09:43:16.397,11.64425
10965,2018-01-09 09:43:16.497,11.45895
10966,2018-01-09 09:43:16.597,11.45895
10967,2018-01-09 09:43:16.697,11.45895
10968,2018-01-09 09:43:16.797,11.45895
10969,2018-01-09 09:43:16.898,11.45895
10970,2018-01-09 09:43:16.998,11.45895
10971,2018-01-09 09:43:17.098,11.45895
10972,2018-01-09 09:43:17.198,11.45895
10973,2018-01-09 09:43:17.298,11.45895
10974,2018-01-09 09:43:17.398,11.45895
10975,2018-01-09 09:43:17.498,11.23103
10976,2018-01-09 09:43:17.598,11.23103
10977,2018-01-09 09:43:17.698,11.23103
10978,2018-01-09 09:43:17.798,11.23103
10979,2018-01-09 09:43:17.898,11.23103
10980,2018-01-09 09:43:17.998,11.23103
10981,2018-01-09 09:43:18.098,11.23103
10982,2018-01-09 09:43:18.198,11.23103
10983,2018-01-09 09:43:18.298,11.23103
10984,2018-01-09 09:43:18.398,11.23103
10985,2018-01-09 09:43:18.498,10.8734
10986,2018-01-09 09:43:18.598,10.8734
10987,2018-01-09 09:43:18.698,10.8734
10988,2018-01-09 09:43:18.798,10.8734
10989,2018-01-09 09:43:18.898,10.8734
10990,2018-01-09 09:43:18.998,10.8734
10991,2018-01-09 09:43:19.098,10.8734
10992,2018-01-09 09:43:19.198,10.8734
10993,2018-01-09 09:43:19.298,10.8734
10994,2018-01-09 09:43:19.398,10.8734
10995,2018-01-09 09:43:19.498,10.4713
10996,2018-01-09 09:43:19.598,10.4713
10997,2018-01-09 09:43:19.698,10.4713
10998,2018-01-09 09:43:19.798,10.4713
10999,2018-01-09 09:43:19.898,10.4713
11000,2018-01-09 09:43:19.999,10.4713
11001,2018-01-09 09:43:20.099,10.4713
11002,2018-01-09 09:43:20.199,10.4713
11003,2018-01-09 09:43:20.299,10.4713
11004,2018-01-09 09:43:20.399,10.4713
11005,2018-01-09 09:43:20.499,10.19706
11006,2018-01-09 09:43:20.597,10.19706
11007,2018-01-09 09:43:20.697,10.19706
11008,2018-01-09 09:43:20.797,10.19706
11009,2018-01-09 09:43:20.897,10.19706
11010,2018-01-09 09:43:20.997,10.19706
11011,2018-01-09 09:43:21.097,10.19706
11012,2018-01-09 09:43:21.197,10.19706
11013,2018-01-09 09:43:21.297,10.19706
11014,2018-01-09 09:43:21.397,10.19706
11015,2018-01-09 09:43:21.497,9.982111
11016,2018-01-09 09:43:21.598,9.982111
11017,2018-01-09 09:43:21.698,9.982111
11018,2018-01-09 09:43:21.797,9.982111
11019,2018-01-09 09:43:21.897,9.982111
11020,2018-01-09 09:43:21.997,9.982111
11021,2018-01-09 09:43:22.097,9.982111
11022,2018-01-09 09:43:22.197,9.982111
11023,2018-01-09 09:43:22.297,9.982111
11024,2018-01-09 09:43:22.398,9.982111
11025,2018-01-09 09:43:22.497,9.822753
11026,2018-01-09 09:43:22.597,9.822753
11027,2018-01-09 09:43:22.697,9.822753
11028,2018-01-09 09:43:22.797,9.822753
11029,2018-01-09 09:43:22.897,9.822753
11030,2018-01-09 09:43:22.998,9.822753
11031,2018-01-09 09:43:23.098,9.822753
11032,2018-01-09 09:43:23.198,9.822753
11033,2018-01-09 09:43:23.298,9.822753
11034,2018-01-09 09:43:23.398,9.822753
11035,2018-01-09 09:43:23.498,9.822753
11036,2018-01-09 09:43:23.598,9.830165
11037,2018-01-09 09:43:23.699,9.830165
11038,2018-01-09 09:43:23.799,9.830165
11039,2018-01-09 09:43:23.898,9.830165
11040,2018-01-09 09:43:23.998,9.830165
11041,2018-01-09 09:43:24.098,9.830165
11042,2018-01-09 09:43:24.199,9.830165
11043,2018-01-09 09:43:24.298,9.830165
11044,2018-01-09 09:43:24.398,9.830165
11045,2018-01-09 09:43:24.498,10.00805
11046,2018-01-09 09:43:24.598,10.00805
11047,2018-01-09 09:43:24.698,10.00805
11048,2018-01-09 09:43:24.798,10.00805
11049,2018-01-09 09:43:24.898,10.00805
11050,2018-01-09 09:43:24.998,10.00805
11051,2018-01-09 09:43:25.098,10.00805
11052,2018-01-09 09:43:25.198,10.00805
11053,2018-01-09 09:43:25.298,10.00805
11054,2018-01-09 09:43:25.398,10.00805
11055,2018-01-09 09:43:25.498,10.13776
11056,2018-01-09 09:43:25.596,10.13776
11057,2018-01-09 09:43:25.696,10.13776
11058,2018-01-09 09:43:25.796,10.13776
11059,2018-01-09 09:43:25.896,10.13776
11060,2018-01-09 09:43:25.997,10.13776
11061,2018-01-09 09:43:26.097,10.13776
11062,2018-01-09 09:43:26.197,10.13776
11063,2018-01-09 09:43:26.297,10.13776
11064,2018-01-09 09:43:26.397,10.13776
11065,2018-01-09 09:43:26.497,10.13406
11066,2018-01-09 09:43:26.597,10.13406
11067,2018-01-09 09:43:26.697,10.13406
11068,2018-01-09 09:43:26.797,10.13406
11069,2018-01-09 09:43:26.897,10.13406
11070,2018-01-09 09:43:26.997,10.13406
11071,2018-01-09 09:43:27.097,10.13406
11072,2018-01-09 09:43:27.197,10.13406
11073,2018-01-09 09:43:27.297,10.13406
11074,2018-01-09 09:43:27.397,10.13406
11075,2018-01-09 09:43:27.497,10.13406
11076,2018-01-09 09:43:27.597,10.01917
11077,2018-01-09 09:43:27.697,10.01917
11078,2018-01-09 09:43:27.797,10.01917
11079,2018-01-09 09:43:27.897,10.01917
11080,2018-01-09 09:43:27.997,10.01917
11081,2018-01-09 09:43:28.097,10.01917
11082,2018-01-09 09:43:28.197,10.01917
11083,2018-01-09 09:43:28.297,10.01917
11084,2018-01-09 09:43:28.397,10.01917
11085,2018-01-09 09:43:28.497,10.01917
11086,2018-01-09 09:43:28.597,9.841283
11087,2018-01-09 09:43:28.697,9.841283
11088,2018-01-09 09:43:28.797,9.841283
11089,2018-01-09 09:43:28.897,9.841283
11090,2018-01-09 09:43:28.997,9.841283
11091,2018-01-09 09:43:29.098,9.841283
11092,2018-01-09 09:43:29.198,9.841283
11093,2018-01-09 09:43:29.298,9.841283
11094,2018-01-09 09:43:29.398,9.841283
11095,2018-01-09 09:43:29.498,9.841283
11096,2018-01-09 09:43:29.598,9.704161
11097,2018-01-09 09:43:29.698,9.704161
11098,2018-01-09 09:43:29.798,9.704161
11099,2018-01-09 09:43:29.898,9.704161
11100,2018-01-09 09:43:29.998,9.704161
11101,2018-01-09 09:43:30.098,9.704161
11102,2018-01-09 09:43:30.198,9.704161
11103,2018-01-09 09:43:30.298,9.704161
11104,2018-01-09 09:43:30.398,9.704161
11105,2018-01-09 09:43:30.498,9.704161
11106,2018-01-09 09:43:30.596,9.693043
11107,2018-01-09 09:43:30.696,9.693043
11108,2018-01-09 09:43:30.796,9.693043
11109,2018-01-09 09:43:30.896,9.693043
11110,2018-01-09 09:43:30.996,9.693043
11111,2018-01-09 09:43:31.096,9.693043
11112,2018-01-09 09:43:31.196,9.693043
11113,2018-01-09 09:43:31.296,9.693043
11114,2018-01-09 09:43:31.396,9.693043
11115,2018-01-09 09:43:31.496,9.720838
11116,2018-01-09 09:43:31.597,9.720838
11117,2018-01-09 09:43:31.696,9.720838
11118,2018-01-09 09:43:31.796,9.720838
11119,2018-01-09 09:43:31.896,9.720838
11120,2018-01-09 09:43:31.996,9.720838
11121,2018-01-09 09:43:32.097,9.720838
11122,2018-01-09 09:43:32.197,9.720838
11123,2018-01-09 09:43:32.297,9.720838
11124,2018-01-09 09:43:32.397,9.720838
11125,2018-01-09 09:43:32.497,9.720838
11126,2018-01-09 09:43:32.597,9.754192
11127,2018-01-09 09:43:32.697,9.754192
11128,2018-01-09 09:43:32.797,9.754192
11129,2018-01-09 09:43:32.897,9.754192
11130,2018-01-09 09:43:32.997,9.754192
11131,2018-01-09 09:43:33.097,9.754192
11132,2018-01-09 09:43:33.197,9.754192
11133,2018-01-09 09:43:33.297,9.754192
11134,2018-01-09 09:43:33.397,9.754192
11135,2018-01-09 09:43:33.497,9.754192
11136,2018-01-09 09:43:33.598,9.655983
11137,2018-01-09 09:43:33.697,9.655983
11138,2018-01-09 09:43:33.797,9.655983
11139,2018-01-09 09:43:33.897,9.655983
11140,2018-01-09 09:43:33.998,9.655983
11141,2018-01-09 09:43:34.097,9.655983
11142,2018-01-09 09:43:34.197,9.655983
11143,2018-01-09 09:43:34.297,9.655983
11144,2018-01-09 09:43:34.398,9.655983
11145,2018-01-09 09:43:34.497,9.655983
11146,2018-01-09 09:43:34.597,9.441035
11147,2018-01-09 09:43:34.697,9.441035
11148,2018-01-09 09:43:34.797,9.441035
11149,2018-01-09 09:43:34.897,9.441035
11150,2018-01-09 09:43:34.998,9.441035
11151,2018-01-09 09:43:35.098,9.441035
11152,2018-01-09 09:43:35.198,9.441035
11153,2018-01-09 09:43:35.298,9.441035
11154,2018-01-09 09:43:35.398,9.441035
11155,2018-01-09 09:43:35.498,9.441035
11156,2018-01-09 09:43:35.596,9.235352
11157,2018-01-09 09:43:35.697,9.235352
11158,2018-01-09 09:43:35.796,9.235352
11159,2018-01-09 09:43:35.896,9.235352
11160,2018-01-09 09:43:35.997,9.235352
11161,2018-01-09 09:43:36.097,9.235352
11162,2018-01-09 09:43:36.197,9.235352
11163,2018-01-09 09:43:36.297,9.235352
11164,2018-01-09 09:43:36.396,9.235352
11165,2018-01-09 09:43:36.496,9.235352
11166,2018-01-09 09:43:36.596,9.187174
11167,2018-01-09 09:43:36.696,9.187174
11168,2018-01-09 09:43:36.796,9.187174
11169,2018-01-09 09:43:36.896,9.187174
11170,2018-01-09 09:43:36.996,9.187174
11171,2018-01-09 09:43:37.096,9.187174
11172,2018-01-09 09:43:37.196,9.187174
11173,2018-01-09 09:43:37.296,9.187174
11174,2018-01-09 09:43:37.396,9.187174
11175,2018-01-09 09:43:37.496,9.255735
11176,2018-01-09 09:43:37.596,9.255735
11177,2018-01-09 09:43:37.696,9.255735
11178,2018-01-09 09:43:37.797,9.255735
11179,2018-01-09 09:43:37.896,9.255735
11180,2018-01-09 09:43:37.996,9.255735
11181,2018-01-09 09:43:38.097,9.255735
11182,2018-01-09 09:43:38.197,9.255735
11183,2018-01-09 09:43:38.298,9.255735
11184,2018-01-09 09:43:38.397,9.255735
11185,2018-01-09 09:43:38.497,9.255735
11186,2018-01-09 09:43:38.597,9.429917
11187,2018-01-09 09:43:38.697,9.429917
11188,2018-01-09 09:43:38.797,9.429917
11189,2018-01-09 09:43:38.897,9.429917
11190,2018-01-09 09:43:38.997,9.429917
11191,2018-01-09 09:43:39.097,9.429917
11192,2018-01-09 09:43:39.197,9.429917
11193,2018-01-09 09:43:39.297,9.429917
11194,2018-01-09 09:43:39.397,9.429917
11195,2018-01-09 09:43:39.497,9.541097
11196,2018-01-09 09:43:39.597,9.541097
11197,2018-01-09 09:43:39.697,9.541097
11198,2018-01-09 09:43:39.797,9.541097
11199,2018-01-09 09:43:39.897,9.541097
11200,2018-01-09 09:43:39.997,9.541097
11201,2018-01-09 09:43:40.098,9.541097
11202,2018-01-09 09:43:40.198,9.541097
11203,2018-01-09 09:43:40.297,9.541097
11204,2018-01-09 09:43:40.397,9.541097
11205,2018-01-09 09:43:40.498,9.609658
11206,2018-01-09 09:43:40.595,9.609658
11207,2018-01-09 09:43:40.695,9.609658
11208,2018-01-09 09:43:40.795,9.609658
11209,2018-01-09 09:43:40.895,9.609658
11210,2018-01-09 09:43:40.995,9.609658
11211,2018-01-09 09:43:41.096,9.609658
11212,2018-01-09 09:43:41.196,9.609658
11213,2018-01-09 09:43:41.296,9.609658
11214,2018-01-09 09:43:41.396,9.609658
11215,2018-01-09 09:43:41.496,9.609658
11216,2018-01-09 09:43:41.596,9.72825
11217,2018-01-09 09:43:41.697,9.72825
11218,2018-01-09 09:43:41.796,9.72825
11219,2018-01-09 09:43:41.897,9.72825
11220,2018-01-09 09:43:41.996,9.72825
11221,2018-01-09 09:43:42.097,9.72825
11222,2018-01-09 09:43:42.196,9.72825
11223,2018-01-09 09:43:42.297,9.72825
11224,2018-01-09 09:43:42.396,9.72825
11225,2018-01-09 09:43:42.496,9.72825
11226,2018-01-09 09:43:42.596,9.911697
11227,2018-01-09 09:43:42.696,9.911697
11228,2018-01-09 09:43:42.796,9.911697
11229,2018-01-09 09:43:42.896,9.911697
11230,2018-01-09 09:43:42.996,9.911697
11231,2018-01-09 09:43:43.096,9.911697
11232,2018-01-09 09:43:43.196,9.911697
11233,2018-01-09 09:43:43.296,9.911697
11234,2018-01-09 09:43:43.396,9.911697
11235,2018-01-09 09:43:43.496,9.946904
11236,2018-01-09 09:43:43.596,9.946904
11237,2018-01-09 09:43:43.696,9.946904
11238,2018-01-09 09:43:43.796,9.946904
11239,2018-01-09 09:43:43.896,9.946904
11240,2018-01-09 09:43:43.998,9.946904
11241,2018-01-09 09:43:44.096,9.946904
11242,2018-01-09 09:43:44.197,9.946904
11243,2018-01-09 09:43:44.297,9.946904
11244,2018-01-09 09:43:44.398,9.946904
11245,2018-01-09 09:43:44.497,9.830165
11246,2018-01-09 09:43:44.597,9.830165
11247,2018-01-09 09:43:44.697,9.830165
11248,2018-01-09 09:43:44.797,9.830165
11249,2018-01-09 09:43:44.897,9.830165
11250,2018-01-09 09:43:44.997,9.830165
11251,2018-01-09 09:43:45.097,9.830165
11252,2018-01-09 09:43:45.197,9.830165
11253,2018-01-09 09:43:45.297,9.830165
11254,2018-01-09 09:43:45.397,9.830165
11255,2018-01-09 09:43:45.497,9.74678
11256,2018-01-09 09:43:45.595,9.74678
11257,2018-01-09 09:43:45.696,9.74678
11258,2018-01-09 09:43:45.796,9.74678
11259,2018-01-09 09:43:45.896,9.74678
11260,2018-01-09 09:43:45.995,9.74678
11261,2018-01-09 09:43:46.095,9.74678
11262,2018-01-09 09:43:46.196,9.74678
11263,2018-01-09 09:43:46.295,9.74678
11264,2018-01-09 09:43:46.395,9.74678
11265,2018-01-09 09:43:46.495,9.744927
11266,2018-01-09 09:43:46.595,9.744927
11267,2018-01-09 09:43:46.695,9.744927
11268,2018-01-09 09:43:46.795,9.744927
11269,2018-01-09 09:43:46.895,9.744927
11270,2018-01-09 09:43:46.995,9.744927
11271,2018-01-09 09:43:47.095,9.744927
11272,2018-01-09 09:43:47.197,9.744927
11273,2018-01-09 09:43:47.296,9.744927
11274,2018-01-09 09:43:47.396,9.744927
11275,2018-01-09 09:43:47.496,9.744927
11276,2018-01-09 09:43:47.596,9.809782
11277,2018-01-09 09:43:47.696,9.809782
11278,2018-01-09 09:43:47.796,9.809782
11279,2018-01-09 09:43:47.897,9.809782
11280,2018-01-09 09:43:47.996,9.809782
11281,2018-01-09 09:43:48.096,9.809782
11282,2018-01-09 09:43:48.196,9.809782
11283,2018-01-09 09:43:48.296,9.809782
11284,2018-01-09 09:43:48.396,9.809782
11285,2018-01-09 09:43:48.496,9.902432
11286,2018-01-09 09:43:48.596,9.902432
11287,2018-01-09 09:43:48.696,9.902432
11288,2018-01-09 09:43:48.796,9.902432
11289,2018-01-09 09:43:48.896,9.902432
11290,2018-01-09 09:43:48.996,9.902432
11291,2018-01-09 09:43:49.096,9.902432
11292,2018-01-09 09:43:49.196,9.902432
11293,2018-01-09 09:43:49.296,9.902432
11294,2018-01-09 09:43:49.396,9.902432
11295,2018-01-09 09:43:49.496,9.95061
11296,2018-01-09 09:43:49.596,9.95061
11297,2018-01-09 09:43:49.697,9.95061
11298,2018-01-09 09:43:49.796,9.95061
11299,2018-01-09 09:43:49.896,9.95061
11300,2018-01-09 09:43:49.997,9.95061
11301,2018-01-09 09:43:50.098,9.95061
11302,2018-01-09 09:43:50.198,9.95061
11303,2018-01-09 09:43:50.297,9.95061
11304,2018-01-09 09:43:50.397,9.95061
11305,2018-01-09 09:43:50.497,9.922815
11306,2018-01-09 09:43:50.595,9.922815
11307,2018-01-09 09:43:50.695,9.922815
11308,2018-01-09 09:43:50.795,9.922815
11309,2018-01-09 09:43:50.895,9.922815
11310,2018-01-09 09:43:50.995,9.922815
11311,2018-01-09 09:43:51.095,9.922815
11312,2018-01-09 09:43:51.195,9.922815
11313,2018-01-09 09:43:51.295,9.922815
11314,2018-01-09 09:43:51.395,9.922815
11315,2018-01-09 09:43:51.495,9.706014
11316,2018-01-09 09:43:51.595,9.706014
11317,2018-01-09 09:43:51.695,9.706014
11318,2018-01-09 09:43:51.795,9.706014
11319,2018-01-09 09:43:51.896,9.706014
11320,2018-01-09 09:43:51.996,9.706014
11321,2018-01-09 09:43:52.095,9.706014
11322,2018-01-09 09:43:52.195,9.706014
11323,2018-01-09 09:43:52.296,9.706014
11324,2018-01-09 09:43:52.395,9.706014
11325,2018-01-09 09:43:52.495,9.483654
11326,2018-01-09 09:43:52.595,9.483654
11327,2018-01-09 09:43:52.695,9.483654
11328,2018-01-09 09:43:52.795,9.483654
11329,2018-01-09 09:43:52.895,9.483654
11330,2018-01-09 09:43:52.995,9.483654
11331,2018-01-09 09:43:53.095,9.483654
11332,2018-01-09 09:43:53.196,9.483654
11333,2018-01-09 09:43:53.296,9.483654
11334,2018-01-09 09:43:53.396,9.483654
11335,2018-01-09 09:43:53.496,9.292795
11336,2018-01-09 09:43:53.596,9.292795
11337,2018-01-09 09:43:53.696,9.292795
11338,2018-01-09 09:43:53.797,9.292795
11339,2018-01-09 09:43:53.896,9.292795
11340,2018-01-09 09:43:53.996,9.292795
11341,2018-01-09 09:43:54.096,9.292795
11342,2018-01-09 09:43:54.196,9.292795
11343,2018-01-09 09:43:54.296,9.292795
11344,2018-01-09 09:43:54.397,9.292795
11345,2018-01-09 09:43:54.497,9.231646
11346,2018-01-09 09:43:54.596,9.231646
11347,2018-01-09 09:43:54.696,9.231646
11348,2018-01-09 09:43:54.796,9.231646
11349,2018-01-09 09:43:54.896,9.231646
11350,2018-01-09 09:43:54.996,9.231646
11351,2018-01-09 09:43:55.096,9.231646
11352,2018-01-09 09:43:55.196,9.231646
11353,2018-01-09 09:43:55.296,9.231646
11354,2018-01-09 09:43:55.396,9.231646
11355,2018-01-09 09:43:55.496,9.231646
11356,2018-01-09 09:43:55.594,9.231646
11357,2018-01-09 09:43:55.695,9.231646
11358,2018-01-09 09:43:55.794,9.231646
11359,2018-01-09 09:43:55.895,9.231646
11360,2018-01-09 09:43:55.994,9.231646
11361,2018-01-09 09:43:56.094,9.231646
11362,2018-01-09 09:43:56.195,9.231646
11363,2018-01-09 09:43:56.296,9.231646
11364,2018-01-09 09:43:56.395,9.231646
11365,2018-01-09 09:43:56.495,9.231646
11366,2018-01-09 09:43:56.595,9.231646
11367,2018-01-09 09:43:56.695,9.231646
11368,2018-01-09 09:43:56.795,9.231646
11369,2018-01-09 09:43:56.895,9.231646
11370,2018-01-09 09:43:56.995,9.231646
11371,2018-01-09 09:43:57.095,9.231646
11372,2018-01-09 09:43:57.195,9.231646
11373,2018-01-09 09:43:57.295,9.231646
11374,2018-01-09 09:43:57.395,9.231646
11375,2018-01-09 09:43:57.495,9.231646
11376,2018-01-09 09:43:57.595,9.231646
11377,2018-01-09 09:43:57.695,9.231646
11378,2018-01-09 09:43:57.795,9.231646
11379,2018-01-09 09:43:57.895,9.231646
11380,2018-01-09 09:43:57.995,9.231646
11381,2018-01-09 09:43:58.095,9.231646
11382,2018-01-09 09:43:58.195,9.231646
11383,2018-01-09 09:43:58.296,9.231646
11384,2018-01-09 09:43:58.396,9.231646
11385,2018-01-09 09:43:58.496,9.231646
11386,2018-01-09 09:43:58.595,9.231646
11387,2018-01-09 09:43:58.695,9.231646
11388,2018-01-09 09:43:58.795,9.231646
11389,2018-01-09 09:43:58.895,9.231646
11390,2018-01-09 09:43:58.995,9.231646
11391,2018-01-09 09:43:59.096,9.231646
11392,2018-01-09 09:43:59.196,9.231646
11393,2018-01-09 09:43:59.296,9.231646
11394,2018-01-09 09:43:59.396,9.231646
11395,2018-01-09 09:43:59.496,9.231646
11396,2018-01-09 09:43:59.596,9.231646
11397,2018-01-09 09:43:59.696,9.231646
11398,2018-01-09 09:43:59.796,9.231646
11399,2018-01-09 09:43:59.896,9.231646
11400,2018-01-09 09:43:59.997,9.231646
11401,2018-01-09 09:44:00.096,9.231646
11402,2018-01-09 09:44:00.196,9.231646
11403,2018-01-09 09:44:00.296,9.231646
11404,2018-01-09 09:44:00.396,9.231646
11405,2018-01-09 09:44:00.497,9.231646
11406,2018-01-09 09:44:00.594,9.231646
11407,2018-01-09 09:44:00.694,9.231646
11408,2018-01-09 09:44:00.794,9.231646
11409,2018-01-09 09:44:00.894,9.231646
11410,2018-01-09 09:44:00.994,9.231646
11411,2018-01-09 09:44:01.094,9.231646
11412,2018-01-09 09:44:01.194,9.231646
11413,2018-01-09 09:44:01.294,9.231646
11414,2018-01-09 09:44:01.394,9.231646
11415,2018-01-09 09:44:01.494,9.231646
11416,2018-01-09 09:44:01.594,9.231646
11417,2018-01-09 09:44:01.694,9.231646
11418,2018-01-09 09:44:01.794,9.231646
11419,2018-01-09 09:44:01.894,9.231646
11420,2018-01-09 09:44:01.995,9.231646
11421,2018-01-09 09:44:02.094,9.231646
11422,2018-01-09 09:44:02.194,9.231646
11423,2018-01-09 09:44:02.295,9.231646
11424,2018-01-09 09:44:02.395,9.231646
11425,2018-01-09 09:44:02.495,9.231646
11426,2018-01-09 09:44:02.595,8.948137
11427,2018-01-09 09:44:02.695,8.948137
11428,2018-01-09 09:44:02.795,8.948137
11429,2018-01-09 09:44:02.895,8.948137
11430,2018-01-09 09:44:02.995,8.948137
11431,2018-01-09 09:44:03.095,8.948137
11432,2018-01-09 09:44:03.195,8.948137
11433,2018-01-09 09:44:03.295,8.948137
11434,2018-01-09 09:44:03.395,8.948137
11435,2018-01-09 09:44:03.495,8.948137
11436,2018-01-09 09:44:03.595,8.683158
11437,2018-01-09 09:44:03.695,8.683158
11438,2018-01-09 09:44:03.796,8.683158
11439,2018-01-09 09:44:03.895,8.683158
11440,2018-01-09 09:44:03.995,8.683158
11441,2018-01-09 09:44:04.095,8.683158
11442,2018-01-09 09:44:04.195,8.683158
11443,2018-01-09 09:44:04.295,8.683158
11444,2018-01-09 09:44:04.395,8.683158
11445,2018-01-09 09:44:04.495,8.683158
11446,2018-01-09 09:44:04.595,8.835104
11447,2018-01-09 09:44:04.695,8.835104
11448,2018-01-09 09:44:04.795,8.835104
11449,2018-01-09 09:44:04.895,8.835104
11450,2018-01-09 09:44:04.995,8.835104
11451,2018-01-09 09:44:05.095,8.835104
11452,2018-01-09 09:44:05.196,8.835104
11453,2018-01-09 09:44:05.295,8.835104
11454,2018-01-09 09:44:05.396,8.835104
11455,2018-01-09 09:44:05.496,8.835104
11456,2018-01-09 09:44:05.594,8.668334
11457,2018-01-09 09:44:05.694,8.668334
11458,2018-01-09 09:44:05.795,8.668334
11459,2018-01-09 09:44:05.895,8.668334
11460,2018-01-09 09:44:05.994,8.668334
11461,2018-01-09 09:44:06.095,8.668334
11462,2018-01-09 09:44:06.194,8.668334
11463,2018-01-09 09:44:06.294,8.668334
11464,2018-01-09 09:44:06.395,8.668334
11465,2018-01-09 09:44:06.494,8.156906
11466,2018-01-09 09:44:06.594,8.156906
11467,2018-01-09 09:44:06.694,8.156906
11468,2018-01-09 09:44:06.794,8.156906
11469,2018-01-09 09:44:06.894,8.156906
11470,2018-01-09 09:44:06.994,8.156906
11471,2018-01-09 09:44:07.094,8.156906
11472,2018-01-09 09:44:07.194,8.156906
11473,2018-01-09 09:44:07.294,8.156906
11474,2018-01-09 09:44:07.394,8.156906
11475,2018-01-09 09:44:07.494,7.651037
11476,2018-01-09 09:44:07.594,7.651037
11477,2018-01-09 09:44:07.694,7.651037
11478,2018-01-09 09:44:07.794,7.651037
11479,2018-01-09 09:44:07.895,7.651037
11480,2018-01-09 09:44:07.995,7.651037
11481,2018-01-09 09:44:08.094,7.651037
11482,2018-01-09 09:44:08.194,7.651037
11483,2018-01-09 09:44:08.296,7.651037
11484,2018-01-09 09:44:08.396,7.651037
11485,2018-01-09 09:44:08.495,7.487972999999998
11486,2018-01-09 09:44:08.596,7.487972999999998
11487,2018-01-09 09:44:08.696,7.487972999999998
11488,2018-01-09 09:44:08.795,7.487972999999998
11489,2018-01-09 09:44:08.895,7.487972999999998
11490,2018-01-09 09:44:08.995,7.487972999999998
11491,2018-01-09 09:44:09.095,7.487972999999998
11492,2018-01-09 09:44:09.195,7.487972999999998
11493,2018-01-09 09:44:09.295,7.487972999999998
11494,2018-01-09 09:44:09.395,7.487972999999998
11495,2018-01-09 09:44:09.495,7.747392999999999
11496,2018-01-09 09:44:09.595,7.747392999999999
11497,2018-01-09 09:44:09.695,7.747392999999999
11498,2018-01-09 09:44:09.796,7.747392999999999
11499,2018-01-09 09:44:09.895,7.747392999999999
11500,2018-01-09 09:44:09.995,7.747392999999999
11501,2018-01-09 09:44:10.095,7.747392999999999
11502,2018-01-09 09:44:10.196,7.747392999999999
11503,2018-01-09 09:44:10.295,7.747392999999999
11504,2018-01-09 09:44:10.396,7.747392999999999
11505,2018-01-09 09:44:10.495,8.099463
11506,2018-01-09 09:44:10.593,8.099463
11507,2018-01-09 09:44:10.693,8.099463
11508,2018-01-09 09:44:10.793,8.099463
11509,2018-01-09 09:44:10.893,8.099463
11510,2018-01-09 09:44:10.993,8.099463
11511,2018-01-09 09:44:11.093,8.099463
11512,2018-01-09 09:44:11.193,8.099463
11513,2018-01-09 09:44:11.294,8.099463
11514,2018-01-09 09:44:11.394,8.099463
11515,2018-01-09 09:44:11.494,8.557153999999999
11516,2018-01-09 09:44:11.594,8.557153999999999
11517,2018-01-09 09:44:11.694,8.557153999999999
11518,2018-01-09 09:44:11.794,8.557153999999999
11519,2018-01-09 09:44:11.894,8.557153999999999
11520,2018-01-09 09:44:11.994,8.557153999999999
11521,2018-01-09 09:44:12.094,8.557153999999999
11522,2018-01-09 09:44:12.194,8.557153999999999
11523,2018-01-09 09:44:12.294,8.557153999999999
11524,2018-01-09 09:44:12.394,8.557153999999999
11525,2018-01-09 09:44:12.494,8.749866
11526,2018-01-09 09:44:12.594,8.749866
11527,2018-01-09 09:44:12.694,8.749866
11528,2018-01-09 09:44:12.794,8.749866
11529,2018-01-09 09:44:12.894,8.749866
11530,2018-01-09 09:44:12.994,8.749866
11531,2018-01-09 09:44:13.094,8.749866
11532,2018-01-09 09:44:13.194,8.749866
11533,2018-01-09 09:44:13.294,8.749866
11534,2018-01-09 09:44:13.394,8.749866
11535,2018-01-09 09:44:13.494,8.677599
11536,2018-01-09 09:44:13.594,8.677599
11537,2018-01-09 09:44:13.694,8.677599
11538,2018-01-09 09:44:13.794,8.677599
11539,2018-01-09 09:44:13.894,8.677599
11540,2018-01-09 09:44:13.994,8.677599
11541,2018-01-09 09:44:14.094,8.677599
11542,2018-01-09 09:44:14.194,8.677599
11543,2018-01-09 09:44:14.295,8.677599
11544,2018-01-09 09:44:14.395,8.677599
11545,2018-01-09 09:44:14.495,8.427444
11546,2018-01-09 09:44:14.595,8.427444
11547,2018-01-09 09:44:14.695,8.427444
11548,2018-01-09 09:44:14.795,8.427444
11549,2018-01-09 09:44:14.895,8.427444
11550,2018-01-09 09:44:14.995,8.427444
11551,2018-01-09 09:44:15.095,8.427444
11552,2018-01-09 09:44:15.195,8.427444
11553,2018-01-09 09:44:15.295,8.427444
11554,2018-01-09 09:44:15.395,8.427444
11555,2018-01-09 09:44:15.495,8.295881
11556,2018-01-09 09:44:15.593,8.295881
11557,2018-01-09 09:44:15.693,8.295881
11558,2018-01-09 09:44:15.793,8.295881
11559,2018-01-09 09:44:15.893,8.295881
11560,2018-01-09 09:44:15.994,8.295881
11561,2018-01-09 09:44:16.094,8.295881
11562,2018-01-09 09:44:16.194,8.295881
11563,2018-01-09 09:44:16.293,8.295881
11564,2018-01-09 09:44:16.393,8.295881
11565,2018-01-09 09:44:16.493,8.186554
11566,2018-01-09 09:44:16.593,8.186554
11567,2018-01-09 09:44:16.693,8.186554
11568,2018-01-09 09:44:16.793,8.186554
11569,2018-01-09 09:44:16.893,8.186554
11570,2018-01-09 09:44:16.993,8.186554
11571,2018-01-09 09:44:17.093,8.186554
11572,2018-01-09 09:44:17.194,8.186554
11573,2018-01-09 09:44:17.293,8.186554
11574,2018-01-09 09:44:17.394,8.186554
11575,2018-01-09 09:44:17.494,8.186554
11576,2018-01-09 09:44:17.594,8.13467
11577,2018-01-09 09:44:17.694,8.13467
11578,2018-01-09 09:44:17.794,8.13467
11579,2018-01-09 09:44:17.894,8.13467
11580,2018-01-09 09:44:17.995,8.13467
11581,2018-01-09 09:44:18.094,8.13467
11582,2018-01-09 09:44:18.194,8.13467
11583,2018-01-09 09:44:18.294,8.13467
11584,2018-01-09 09:44:18.394,8.13467
11585,2018-01-09 09:44:18.494,8.223614
11586,2018-01-09 09:44:18.594,8.223614
11587,2018-01-09 09:44:18.694,8.223614
11588,2018-01-09 09:44:18.794,8.223614
11589,2018-01-09 09:44:18.894,8.223614
11590,2018-01-09 09:44:18.994,8.223614
11591,2018-01-09 09:44:19.094,8.223614
11592,2018-01-09 09:44:19.194,8.223614
11593,2018-01-09 09:44:19.294,8.223614
11594,2018-01-09 09:44:19.394,8.223614
11595,2018-01-09 09:44:19.494,8.258821000000001
11596,2018-01-09 09:44:19.594,8.258821000000001
11597,2018-01-09 09:44:19.694,8.258821000000001
11598,2018-01-09 09:44:19.794,8.258821000000001
11599,2018-01-09 09:44:19.894,8.258821000000001
11600,2018-01-09 09:44:19.994,8.258821000000001
11601,2018-01-09 09:44:20.095,8.258821000000001
11602,2018-01-09 09:44:20.194,8.258821000000001
11603,2018-01-09 09:44:20.295,8.258821000000001
11604,2018-01-09 09:44:20.395,8.258821000000001
11605,2018-01-09 09:44:20.495,8.410767
11606,2018-01-09 09:44:20.593,8.410767
11607,2018-01-09 09:44:20.692,8.410767
11608,2018-01-09 09:44:20.792,8.410767
11609,2018-01-09 09:44:20.892,8.410767
11610,2018-01-09 09:44:20.992,8.410767
11611,2018-01-09 09:44:21.092,8.410767
11612,2018-01-09 09:44:21.192,8.410767
11613,2018-01-09 09:44:21.292,8.410767
11614,2018-01-09 09:44:21.392,8.410767
11615,2018-01-09 09:44:21.492,8.433003
11616,2018-01-09 09:44:21.592,8.433003
11617,2018-01-09 09:44:21.692,8.433003
11618,2018-01-09 09:44:21.792,8.433003
11619,2018-01-09 09:44:21.892,8.433003
11620,2018-01-09 09:44:21.992,8.433003
11621,2018-01-09 09:44:22.092,8.433003
11622,2018-01-09 09:44:22.192,8.433003
11623,2018-01-09 09:44:22.292,8.433003
11624,2018-01-09 09:44:22.392,8.433003
11625,2018-01-09 09:44:22.492,8.471916
11626,2018-01-09 09:44:22.592,8.471916
11627,2018-01-09 09:44:22.692,8.471916
11628,2018-01-09 09:44:22.792,8.471916
11629,2018-01-09 09:44:22.892,8.471916
11630,2018-01-09 09:44:22.992,8.471916
11631,2018-01-09 09:44:23.092,8.471916
11632,2018-01-09 09:44:23.193,8.471916
11633,2018-01-09 09:44:23.292,8.471916
11634,2018-01-09 09:44:23.393,8.471916
11635,2018-01-09 09:44:23.493,8.471916
11636,2018-01-09 09:44:23.593,8.592361
11637,2018-01-09 09:44:23.693,8.592361
11638,2018-01-09 09:44:23.793,8.592361
11639,2018-01-09 09:44:23.893,8.592361
11640,2018-01-09 09:44:23.993,8.592361
11641,2018-01-09 09:44:24.093,8.592361
11642,2018-01-09 09:44:24.193,8.592361
11643,2018-01-09 09:44:24.293,8.592361
11644,2018-01-09 09:44:24.393,8.592361
11645,2018-01-09 09:44:24.493,8.592361
11646,2018-01-09 09:44:24.593,8.688717
11647,2018-01-09 09:44:24.693,8.688717
11648,2018-01-09 09:44:24.793,8.688717
11649,2018-01-09 09:44:24.893,8.688717
11650,2018-01-09 09:44:24.993,8.688717
11651,2018-01-09 09:44:25.093,8.688717
11652,2018-01-09 09:44:25.193,8.688717
11653,2018-01-09 09:44:25.293,8.688717
11654,2018-01-09 09:44:25.393,8.688717
11655,2018-01-09 09:44:25.493,8.733189
11656,2018-01-09 09:44:25.591,8.733189
11657,2018-01-09 09:44:25.691,8.733189
11658,2018-01-09 09:44:25.791,8.733189
11659,2018-01-09 09:44:25.891,8.733189
11660,2018-01-09 09:44:25.991,8.733189
11661,2018-01-09 09:44:26.092,8.733189
11662,2018-01-09 09:44:26.191,8.733189
11663,2018-01-09 09:44:26.292,8.733189
11664,2018-01-09 09:44:26.392,8.733189
11665,2018-01-09 09:44:26.493,8.733189
11666,2018-01-09 09:44:26.593,8.65351
11667,2018-01-09 09:44:26.693,8.65351
11668,2018-01-09 09:44:26.792,8.65351
11669,2018-01-09 09:44:26.892,8.65351
11670,2018-01-09 09:44:26.992,8.65351
11671,2018-01-09 09:44:27.092,8.65351
11672,2018-01-09 09:44:27.192,8.65351
11673,2018-01-09 09:44:27.292,8.65351
11674,2018-01-09 09:44:27.392,8.65351
11675,2018-01-09 09:44:27.492,8.65351
11676,2018-01-09 09:44:27.592,8.494152
11677,2018-01-09 09:44:27.692,8.494152
11678,2018-01-09 09:44:27.793,8.494152
11679,2018-01-09 09:44:27.893,8.494152
11680,2018-01-09 09:44:27.993,8.494152
11681,2018-01-09 09:44:28.092,8.494152
11682,2018-01-09 09:44:28.193,8.494152
11683,2018-01-09 09:44:28.292,8.494152
11684,2018-01-09 09:44:28.392,8.494152
11685,2018-01-09 09:44:28.493,8.377413
11686,2018-01-09 09:44:28.593,8.377413
11687,2018-01-09 09:44:28.692,8.377413
11688,2018-01-09 09:44:28.792,8.377413
11689,2018-01-09 09:44:28.892,8.377413
11690,2018-01-09 09:44:28.992,8.377413
11691,2018-01-09 09:44:29.092,8.377413
11692,2018-01-09 09:44:29.192,8.377413
11693,2018-01-09 09:44:29.292,8.377413
11694,2018-01-09 09:44:29.393,8.377413
11695,2018-01-09 09:44:29.493,8.401502
11696,2018-01-09 09:44:29.593,8.401502
11697,2018-01-09 09:44:29.693,8.401502
11698,2018-01-09 09:44:29.793,8.401502
11699,2018-01-09 09:44:29.894,8.401502
11700,2018-01-09 09:44:29.993,8.401502
11701,2018-01-09 09:44:30.093,8.401502
11702,2018-01-09 09:44:30.194,8.401502
11703,2018-01-09 09:44:30.293,8.401502
11704,2018-01-09 09:44:30.393,8.401502
11705,2018-01-09 09:44:30.494,8.405208
11706,2018-01-09 09:44:30.591,8.405208
11707,2018-01-09 09:44:30.691,8.405208
11708,2018-01-09 09:44:30.791,8.405208
11709,2018-01-09 09:44:30.891,8.405208
11710,2018-01-09 09:44:30.991,8.405208
11711,2018-01-09 09:44:31.091,8.405208
11712,2018-01-09 09:44:31.191,8.405208
11713,2018-01-09 09:44:31.291,8.405208
11714,2018-01-09 09:44:31.391,8.405208
11715,2018-01-09 09:44:31.491,8.657216
11716,2018-01-09 09:44:31.591,8.657216
11717,2018-01-09 09:44:31.691,8.657216
11718,2018-01-09 09:44:31.791,8.657216
11719,2018-01-09 09:44:31.891,8.657216
11720,2018-01-09 09:44:31.991,8.657216
11721,2018-01-09 09:44:32.091,8.657216
11722,2018-01-09 09:44:32.191,8.657216
11723,2018-01-09 09:44:32.292,8.657216
11724,2018-01-09 09:44:32.392,8.657216
11725,2018-01-09 09:44:32.492,8.72763
11726,2018-01-09 09:44:32.592,8.72763
11727,2018-01-09 09:44:32.693,8.72763
11728,2018-01-09 09:44:32.792,8.72763
11729,2018-01-09 09:44:32.892,8.72763
11730,2018-01-09 09:44:32.992,8.72763
11731,2018-01-09 09:44:33.092,8.72763
11732,2018-01-09 09:44:33.192,8.72763
11733,2018-01-09 09:44:33.292,8.72763
11734,2018-01-09 09:44:33.392,8.72763
11735,2018-01-09 09:44:33.492,8.760983999999999
11736,2018-01-09 09:44:33.592,8.760983999999999
11737,2018-01-09 09:44:33.692,8.760983999999999
11738,2018-01-09 09:44:33.792,8.760983999999999
11739,2018-01-09 09:44:33.892,8.760983999999999
11740,2018-01-09 09:44:33.992,8.760983999999999
11741,2018-01-09 09:44:34.092,8.760983999999999
11742,2018-01-09 09:44:34.192,8.760983999999999
11743,2018-01-09 09:44:34.292,8.760983999999999
11744,2018-01-09 09:44:34.392,8.760983999999999
11745,2018-01-09 09:44:34.492,8.729483
11746,2018-01-09 09:44:34.592,8.729483
11747,2018-01-09 09:44:34.692,8.729483
11748,2018-01-09 09:44:34.792,8.729483
11749,2018-01-09 09:44:34.892,8.729483
11750,2018-01-09 09:44:34.992,8.729483
11751,2018-01-09 09:44:35.092,8.729483
11752,2018-01-09 09:44:35.192,8.729483
11753,2018-01-09 09:44:35.292,8.729483
11754,2018-01-09 09:44:35.393,8.729483
11755,2018-01-09 09:44:35.493,8.483034
11756,2018-01-09 09:44:35.591,8.483034
11757,2018-01-09 09:44:35.691,8.483034
11758,2018-01-09 09:44:35.791,8.483034
11759,2018-01-09 09:44:35.891,8.483034
11760,2018-01-09 09:44:35.992,8.483034
11761,2018-01-09 09:44:36.092,8.483034
11762,2018-01-09 09:44:36.191,8.483034
11763,2018-01-09 09:44:36.291,8.483034
11764,2018-01-09 09:44:36.392,8.483034
11765,2018-01-09 09:44:36.491,8.39409
11766,2018-01-09 09:44:36.591,8.39409
11767,2018-01-09 09:44:36.691,8.39409
11768,2018-01-09 09:44:36.792,8.39409
11769,2018-01-09 09:44:36.891,8.39409
11770,2018-01-09 09:44:36.991,8.39409
11771,2018-01-09 09:44:37.091,8.39409
11772,2018-01-09 09:44:37.191,8.39409
11773,2018-01-09 09:44:37.291,8.39409
11774,2018-01-09 09:44:37.391,8.39409
11775,2018-01-09 09:44:37.491,8.329235
11776,2018-01-09 09:44:37.591,8.329235
11777,2018-01-09 09:44:37.691,8.329235
11778,2018-01-09 09:44:37.791,8.329235
11779,2018-01-09 09:44:37.892,8.329235
11780,2018-01-09 09:44:37.992,8.329235
11781,2018-01-09 09:44:38.091,8.329235
11782,2018-01-09 09:44:38.191,8.329235
11783,2018-01-09 09:44:38.291,8.329235
11784,2018-01-09 09:44:38.392,8.329235
11785,2018-01-09 09:44:38.493,8.295881
11786,2018-01-09 09:44:38.593,8.295881
11787,2018-01-09 09:44:38.692,8.295881
11788,2018-01-09 09:44:38.792,8.295881
11789,2018-01-09 09:44:38.892,8.295881
11790,2018-01-09 09:44:38.992,8.295881
11791,2018-01-09 09:44:39.092,8.295881
11792,2018-01-09 09:44:39.192,8.295881
11793,2018-01-09 09:44:39.292,8.295881
11794,2018-01-09 09:44:39.392,8.295881
11795,2018-01-09 09:44:39.492,8.538624
11796,2018-01-09 09:44:39.592,8.538624
11797,2018-01-09 09:44:39.692,8.538624
11798,2018-01-09 09:44:39.792,8.538624
11799,2018-01-09 09:44:39.893,8.538624
11800,2018-01-09 09:44:39.993,8.538624
11801,2018-01-09 09:44:40.092,8.538624
11802,2018-01-09 09:44:40.192,8.538624
11803,2018-01-09 09:44:40.293,8.538624
11804,2018-01-09 09:44:40.392,8.538624
11805,2018-01-09 09:44:40.492,8.538624
11806,2018-01-09 09:44:40.590,8.631274000000001
11807,2018-01-09 09:44:40.690,8.631274000000001
11808,2018-01-09 09:44:40.790,8.631274000000001
11809,2018-01-09 09:44:40.890,8.631274000000001
11810,2018-01-09 09:44:40.990,8.631274000000001
11811,2018-01-09 09:44:41.090,8.631274000000001
11812,2018-01-09 09:44:41.190,8.631274000000001
11813,2018-01-09 09:44:41.290,8.631274000000001
11814,2018-01-09 09:44:41.390,8.631274000000001
11815,2018-01-09 09:44:41.491,8.786926
11816,2018-01-09 09:44:41.591,8.786926
11817,2018-01-09 09:44:41.691,8.786926
11818,2018-01-09 09:44:41.791,8.786926
11819,2018-01-09 09:44:41.891,8.786926
11820,2018-01-09 09:44:41.991,8.786926
11821,2018-01-09 09:44:42.091,8.786926
11822,2018-01-09 09:44:42.191,8.786926
11823,2018-01-09 09:44:42.291,8.786926
11824,2018-01-09 09:44:42.391,8.786926
11825,2018-01-09 09:44:42.491,8.98705
11826,2018-01-09 09:44:42.591,8.98705
11827,2018-01-09 09:44:42.691,8.98705
11828,2018-01-09 09:44:42.791,8.98705
11829,2018-01-09 09:44:42.891,8.98705
11830,2018-01-09 09:44:42.991,8.98705
11831,2018-01-09 09:44:43.091,8.98705
11832,2018-01-09 09:44:43.191,8.98705
11833,2018-01-09 09:44:43.291,8.98705
11834,2018-01-09 09:44:43.391,8.98705
11835,2018-01-09 09:44:43.491,8.916636
11836,2018-01-09 09:44:43.591,8.916636
11837,2018-01-09 09:44:43.691,8.916636
11838,2018-01-09 09:44:43.791,8.916636
11839,2018-01-09 09:44:43.891,8.916636
11840,2018-01-09 09:44:43.991,8.916636
11841,2018-01-09 09:44:44.091,8.916636
11842,2018-01-09 09:44:44.191,8.916636
11843,2018-01-09 09:44:44.291,8.916636
11844,2018-01-09 09:44:44.392,8.916636
11845,2018-01-09 09:44:44.492,8.82028
11846,2018-01-09 09:44:44.592,8.82028
11847,2018-01-09 09:44:44.692,8.82028
11848,2018-01-09 09:44:44.792,8.82028
11849,2018-01-09 09:44:44.892,8.82028
11850,2018-01-09 09:44:44.992,8.82028
11851,2018-01-09 09:44:45.092,8.82028
11852,2018-01-09 09:44:45.192,8.82028
11853,2018-01-09 09:44:45.292,8.82028
11854,2018-01-09 09:44:45.392,8.82028
11855,2018-01-09 09:44:45.492,8.570125
11856,2018-01-09 09:44:45.590,8.570125
11857,2018-01-09 09:44:45.690,8.570125
11858,2018-01-09 09:44:45.790,8.570125
11859,2018-01-09 09:44:45.891,8.570125
11860,2018-01-09 09:44:45.990,8.570125
11861,2018-01-09 09:44:46.091,8.570125
11862,2018-01-09 09:44:46.191,8.570125
11863,2018-01-09 09:44:46.290,8.570125
11864,2018-01-09 09:44:46.390,8.570125
11865,2018-01-09 09:44:46.491,8.238438
11866,2018-01-09 09:44:46.590,8.238438
11867,2018-01-09 09:44:46.691,8.238438
11868,2018-01-09 09:44:46.790,8.238438
11869,2018-01-09 09:44:46.890,8.238438
11870,2018-01-09 09:44:46.990,8.238438
11871,2018-01-09 09:44:47.090,8.238438
11872,2018-01-09 09:44:47.190,8.238438
11873,2018-01-09 09:44:47.290,8.238438
11874,2018-01-09 09:44:47.391,8.238438
11875,2018-01-09 09:44:47.490,8.084639
11876,2018-01-09 09:44:47.591,8.084639
11877,2018-01-09 09:44:47.691,8.084639
11878,2018-01-09 09:44:47.791,8.084639
11879,2018-01-09 09:44:47.891,8.084639
11880,2018-01-09 09:44:47.991,8.084639
11881,2018-01-09 09:44:48.091,8.084639
11882,2018-01-09 09:44:48.192,8.084639
11883,2018-01-09 09:44:48.292,8.084639
11884,2018-01-09 09:44:48.391,8.084639
11885,2018-01-09 09:44:48.491,8.129111
11886,2018-01-09 09:44:48.591,8.129111
11887,2018-01-09 09:44:48.692,8.129111
11888,2018-01-09 09:44:48.791,8.129111
11889,2018-01-09 09:44:48.891,8.129111
11890,2018-01-09 09:44:48.991,8.129111
11891,2018-01-09 09:44:49.091,8.129111
11892,2018-01-09 09:44:49.191,8.129111
11893,2018-01-09 09:44:49.291,8.129111
11894,2018-01-09 09:44:49.391,8.129111
11895,2018-01-09 09:44:49.491,8.275497999999999
11896,2018-01-09 09:44:49.591,8.275497999999999
11897,2018-01-09 09:44:49.691,8.275497999999999
11898,2018-01-09 09:44:49.791,8.275497999999999
11899,2018-01-09 09:44:49.891,8.275497999999999
11900,2018-01-09 09:44:49.992,8.275497999999999
11901,2018-01-09 09:44:50.091,8.275497999999999
11902,2018-01-09 09:44:50.192,8.275497999999999
11903,2018-01-09 09:44:50.292,8.275497999999999
11904,2018-01-09 09:44:50.391,8.275497999999999
11905,2018-01-09 09:44:50.493,8.596067
11906,2018-01-09 09:44:50.590,8.596067
11907,2018-01-09 09:44:50.691,8.596067
11908,2018-01-09 09:44:50.790,8.596067
11909,2018-01-09 09:44:50.890,8.596067
11910,2018-01-09 09:44:50.990,8.596067
11911,2018-01-09 09:44:51.090,8.596067
11912,2018-01-09 09:44:51.190,8.596067
11913,2018-01-09 09:44:51.290,8.596067
11914,2018-01-09 09:44:51.390,8.596067
11915,2018-01-09 09:44:51.490,8.964814
11916,2018-01-09 09:44:51.590,8.964814
11917,2018-01-09 09:44:51.690,8.964814
11918,2018-01-09 09:44:51.790,8.964814
11919,2018-01-09 09:44:51.891,8.964814
11920,2018-01-09 09:44:51.990,8.964814
11921,2018-01-09 09:44:52.090,8.964814
11922,2018-01-09 09:44:52.190,8.964814
11923,2018-01-09 09:44:52.290,8.964814
11924,2018-01-09 09:44:52.390,8.964814
11925,2018-01-09 09:44:52.490,9.063023
11926,2018-01-09 09:44:52.590,9.063023
11927,2018-01-09 09:44:52.690,9.063023
11928,2018-01-09 09:44:52.790,9.063023
11929,2018-01-09 09:44:52.890,9.063023
11930,2018-01-09 09:44:52.990,9.063023
11931,2018-01-09 09:44:53.090,9.063023
11932,2018-01-09 09:44:53.190,9.063023
11933,2018-01-09 09:44:53.290,9.063023
11934,2018-01-09 09:44:53.390,9.063023
11935,2018-01-09 09:44:53.491,8.922195
11936,2018-01-09 09:44:53.591,8.922195
11937,2018-01-09 09:44:53.691,8.922195
11938,2018-01-09 09:44:53.791,8.922195
11939,2018-01-09 09:44:53.891,8.922195
11940,2018-01-09 09:44:53.991,8.922195
11941,2018-01-09 09:44:54.091,8.922195
11942,2018-01-09 09:44:54.192,8.922195
11943,2018-01-09 09:44:54.291,8.922195
11944,2018-01-09 09:44:54.391,8.922195
11945,2018-01-09 09:44:54.491,8.512682
11946,2018-01-09 09:44:54.591,8.512682
11947,2018-01-09 09:44:54.691,8.512682
11948,2018-01-09 09:44:54.791,8.512682
11949,2018-01-09 09:44:54.891,8.512682
11950,2018-01-09 09:44:54.991,8.512682
11951,2018-01-09 09:44:55.091,8.512682
11952,2018-01-09 09:44:55.191,8.512682
11953,2018-01-09 09:44:55.291,8.512682
11954,2018-01-09 09:44:55.391,8.512682
11955,2018-01-09 09:44:55.490,8.125405
11956,2018-01-09 09:44:55.589,8.125405
11957,2018-01-09 09:44:55.689,8.125405
11958,2018-01-09 09:44:55.789,8.125405
11959,2018-01-09 09:44:55.889,8.125405
11960,2018-01-09 09:44:55.990,8.125405
11961,2018-01-09 09:44:56.089,8.125405
11962,2018-01-09 09:44:56.189,8.125405
11963,2018-01-09 09:44:56.289,8.125405
11964,2018-01-09 09:44:56.390,8.125405
11965,2018-01-09 09:44:56.489,8.119846
11966,2018-01-09 09:44:56.591,8.119846
11967,2018-01-09 09:44:56.690,8.119846
11968,2018-01-09 09:44:56.790,8.119846
11969,2018-01-09 09:44:56.890,8.119846
11970,2018-01-09 09:44:56.990,8.119846
11971,2018-01-09 09:44:57.090,8.119846
11972,2018-01-09 09:44:57.190,8.119846
11973,2018-01-09 09:44:57.290,8.119846
11974,2018-01-09 09:44:57.390,8.119846
11975,2018-01-09 09:44:57.490,8.247703
11976,2018-01-09 09:44:57.590,8.247703
11977,2018-01-09 09:44:57.690,8.247703
11978,2018-01-09 09:44:57.790,8.247703
11979,2018-01-09 09:44:57.890,8.247703
11980,2018-01-09 09:44:57.991,8.247703
11981,2018-01-09 09:44:58.091,8.247703
11982,2018-01-09 09:44:58.190,8.247703
11983,2018-01-09 09:44:58.290,8.247703
11984,2018-01-09 09:44:58.390,8.247703
11985,2018-01-09 09:44:58.490,8.466357
11986,2018-01-09 09:44:58.590,8.466357
11987,2018-01-09 09:44:58.690,8.466357
11988,2018-01-09 09:44:58.791,8.466357
11989,2018-01-09 09:44:58.890,8.466357
11990,2018-01-09 09:44:58.990,8.466357
11991,2018-01-09 09:44:59.090,8.466357
11992,2018-01-09 09:44:59.190,8.466357
11993,2018-01-09 09:44:59.290,8.466357
11994,2018-01-09 09:44:59.390,8.466357
11995,2018-01-09 09:44:59.490,8.592361
11996,2018-01-09 09:44:59.591,8.592361
11997,2018-01-09 09:44:59.691,8.592361
11998,2018-01-09 09:44:59.791,8.592361
11999,2018-01-09 09:44:59.891,8.592361
12000,2018-01-09 09:44:59.991,8.592361
12001,2018-01-09 09:45:00.092,8.592361
12002,2018-01-09 09:45:00.192,8.592361
12003,2018-01-09 09:45:00.292,8.592361
12004,2018-01-09 09:45:00.391,8.592361
12005,2018-01-09 09:45:00.489,8.735042
12006,2018-01-09 09:45:00.590,8.735042
12007,2018-01-09 09:45:00.689,8.735042
12008,2018-01-09 09:45:00.790,8.735042
12009,2018-01-09 09:45:00.989,8.735042
12010,2018-01-09 09:45:01.089,8.735042
12011,2018-01-09 09:45:01.189,8.735042
12012,2018-01-09 09:45:01.289,8.735042
12013,2018-01-09 09:45:01.389,8.735042
12014,2018-01-09 09:45:01.489,8.773955
12015,2018-01-09 09:45:01.589,8.773955
12016,2018-01-09 09:45:01.689,8.773955
12017,2018-01-09 09:45:01.789,8.773955
12018,2018-01-09 09:45:01.889,8.773955
12019,2018-01-09 09:45:01.989,8.773955
12020,2018-01-09 09:45:02.090,8.773955
12021,2018-01-09 09:45:02.189,8.773955
12022,2018-01-09 09:45:02.289,8.773955
12023,2018-01-09 09:45:02.389,8.773955
12024,2018-01-09 09:45:02.489,8.736895
12025,2018-01-09 09:45:02.591,8.736895
12026,2018-01-09 09:45:02.690,8.736895
12027,2018-01-09 09:45:02.790,8.736895
12028,2018-01-09 09:45:02.890,8.736895
12029,2018-01-09 09:45:02.990,8.736895
12030,2018-01-09 09:45:03.090,8.736895
12031,2018-01-09 09:45:03.190,8.736895
12032,2018-01-09 09:45:03.290,8.736895
12033,2018-01-09 09:45:03.390,8.736895
12034,2018-01-09 09:45:03.490,8.464504
12035,2018-01-09 09:45:03.590,8.464504
12036,2018-01-09 09:45:03.690,8.464504
12037,2018-01-09 09:45:03.790,8.464504
12038,2018-01-09 09:45:03.890,8.464504
12039,2018-01-09 09:45:03.991,8.464504
12040,2018-01-09 09:45:04.090,8.464504
12041,2018-01-09 09:45:04.191,8.464504
12042,2018-01-09 09:45:04.291,8.464504
12043,2018-01-09 09:45:04.390,8.464504
12044,2018-01-09 09:45:04.491,8.306999000000001
12045,2018-01-09 09:45:04.591,8.306999000000001
12046,2018-01-09 09:45:04.690,8.306999000000001
12047,2018-01-09 09:45:04.791,8.306999000000001
12048,2018-01-09 09:45:04.890,8.306999000000001
12049,2018-01-09 09:45:04.990,8.306999000000001
12050,2018-01-09 09:45:05.090,8.306999000000001
12051,2018-01-09 09:45:05.190,8.306999000000001
12052,2018-01-09 09:45:05.290,8.306999000000001
12053,2018-01-09 09:45:05.390,8.306999000000001
12054,2018-01-09 09:45:05.489,8.179142
12055,2018-01-09 09:45:05.588,8.179142
12056,2018-01-09 09:45:05.689,8.179142
12057,2018-01-09 09:45:05.789,8.179142
12058,2018-01-09 09:45:05.889,8.179142
12059,2018-01-09 09:45:05.989,8.179142
12060,2018-01-09 09:45:06.090,8.179142
12061,2018-01-09 09:45:06.189,8.179142
12062,2018-01-09 09:45:06.289,8.179142
12063,2018-01-09 09:45:06.389,8.179142
12064,2018-01-09 09:45:06.489,8.101316
12065,2018-01-09 09:45:06.590,8.101316
12066,2018-01-09 09:45:06.689,8.101316
12067,2018-01-09 09:45:06.790,8.101316
12068,2018-01-09 09:45:06.889,8.101316
12069,2018-01-09 09:45:06.989,8.101316
12070,2018-01-09 09:45:07.089,8.101316
12071,2018-01-09 09:45:07.189,8.101316
12072,2018-01-09 09:45:07.289,8.101316
12073,2018-01-09 09:45:07.389,8.101316
12074,2018-01-09 09:45:07.489,8.147641
12075,2018-01-09 09:45:07.589,8.147641
12076,2018-01-09 09:45:07.689,8.147641
12077,2018-01-09 09:45:07.789,8.147641
12078,2018-01-09 09:45:07.889,8.147641
12079,2018-01-09 09:45:07.990,8.147641
12080,2018-01-09 09:45:08.090,8.147641
12081,2018-01-09 09:45:08.190,8.147641
12082,2018-01-09 09:45:08.289,8.147641
12083,2018-01-09 09:45:08.389,8.147641
12084,2018-01-09 09:45:08.489,8.420031999999999
12085,2018-01-09 09:45:08.590,8.420031999999999
12086,2018-01-09 09:45:08.691,8.420031999999999
12087,2018-01-09 09:45:08.791,8.420031999999999
12088,2018-01-09 09:45:08.890,8.420031999999999
12089,2018-01-09 09:45:08.990,8.420031999999999
12090,2018-01-09 09:45:09.090,8.420031999999999
12091,2018-01-09 09:45:09.190,8.420031999999999
12092,2018-01-09 09:45:09.290,8.420031999999999
12093,2018-01-09 09:45:09.390,8.420031999999999
12094,2018-01-09 09:45:09.490,8.697982000000001
12095,2018-01-09 09:45:09.590,8.697982000000001
12096,2018-01-09 09:45:09.691,8.697982000000001
12097,2018-01-09 09:45:09.790,8.697982000000001
12098,2018-01-09 09:45:09.890,8.697982000000001
12099,2018-01-09 09:45:09.991,8.697982000000001
12100,2018-01-09 09:45:10.091,8.697982000000001
12101,2018-01-09 09:45:10.191,8.697982000000001
12102,2018-01-09 09:45:10.291,8.697982000000001
12103,2018-01-09 09:45:10.390,8.697982000000001
12104,2018-01-09 09:45:10.488,8.942578
12105,2018-01-09 09:45:10.588,8.942578
12106,2018-01-09 09:45:10.688,8.942578
12107,2018-01-09 09:45:10.788,8.942578
12108,2018-01-09 09:45:10.888,8.942578
12109,2018-01-09 09:45:10.988,8.942578
12110,2018-01-09 09:45:11.088,8.942578
12111,2018-01-09 09:45:11.188,8.942578
12112,2018-01-09 09:45:11.288,8.942578
12113,2018-01-09 09:45:11.388,8.942578
12114,2018-01-09 09:45:11.488,8.996315
12115,2018-01-09 09:45:11.589,8.996315
12116,2018-01-09 09:45:11.689,8.996315
12117,2018-01-09 09:45:11.789,8.996315
12118,2018-01-09 09:45:11.889,8.996315
12119,2018-01-09 09:45:11.989,8.996315
12120,2018-01-09 09:45:12.090,8.996315
12121,2018-01-09 09:45:12.189,8.996315
12122,2018-01-09 09:45:12.289,8.996315
12123,2018-01-09 09:45:12.389,8.996315
12124,2018-01-09 09:45:12.489,8.844369
12125,2018-01-09 09:45:12.589,8.844369
12126,2018-01-09 09:45:12.689,8.844369
12127,2018-01-09 09:45:12.789,8.844369
12128,2018-01-09 09:45:12.889,8.844369
12129,2018-01-09 09:45:12.989,8.844369
12130,2018-01-09 09:45:13.089,8.844369
12131,2018-01-09 09:45:13.189,8.844369
12132,2018-01-09 09:45:13.289,8.844369
12133,2018-01-09 09:45:13.389,8.844369
12134,2018-01-09 09:45:13.489,8.636833
12135,2018-01-09 09:45:13.589,8.636833
12136,2018-01-09 09:45:13.689,8.636833
12137,2018-01-09 09:45:13.789,8.636833
12138,2018-01-09 09:45:13.889,8.636833
12139,2018-01-09 09:45:13.989,8.636833
12140,2018-01-09 09:45:14.089,8.636833
12141,2018-01-09 09:45:14.189,8.636833
12142,2018-01-09 09:45:14.289,8.636833
12143,2018-01-09 09:45:14.389,8.636833
12144,2018-01-09 09:45:14.489,8.358883
12145,2018-01-09 09:45:14.589,8.358883
12146,2018-01-09 09:45:14.689,8.358883
12147,2018-01-09 09:45:14.790,8.358883
12148,2018-01-09 09:45:14.890,8.358883
12149,2018-01-09 09:45:14.990,8.358883
12150,2018-01-09 09:45:15.090,8.358883
12151,2018-01-09 09:45:15.190,8.358883
12152,2018-01-09 09:45:15.290,8.358883
12153,2018-01-09 09:45:15.390,8.358883
12154,2018-01-09 09:45:15.488,8.188407000000002
12155,2018-01-09 09:45:15.588,8.188407000000002
12156,2018-01-09 09:45:15.688,8.188407000000002
12157,2018-01-09 09:45:15.788,8.188407000000002
12158,2018-01-09 09:45:15.888,8.188407000000002
12159,2018-01-09 09:45:15.988,8.188407000000002
12160,2018-01-09 09:45:16.089,8.188407000000002
12161,2018-01-09 09:45:16.189,8.188407000000002
12162,2018-01-09 09:45:16.289,8.188407000000002
12163,2018-01-09 09:45:16.389,8.188407000000002
12164,2018-01-09 09:45:16.488,8.269939
12165,2018-01-09 09:45:16.588,8.269939
12166,2018-01-09 09:45:16.688,8.269939
12167,2018-01-09 09:45:16.789,8.269939
12168,2018-01-09 09:45:16.889,8.269939
12169,2018-01-09 09:45:16.988,8.269939
12170,2018-01-09 09:45:17.088,8.269939
12171,2018-01-09 09:45:17.188,8.269939
12172,2018-01-09 09:45:17.288,8.269939
12173,2018-01-09 09:45:17.388,8.269939
12174,2018-01-09 09:45:17.488,8.342206000000001
12175,2018-01-09 09:45:17.588,8.342206000000001
12176,2018-01-09 09:45:17.688,8.342206000000001
12177,2018-01-09 09:45:17.789,8.342206000000001
12178,2018-01-09 09:45:17.889,8.342206000000001
12179,2018-01-09 09:45:17.989,8.342206000000001
12180,2018-01-09 09:45:18.089,8.342206000000001
12181,2018-01-09 09:45:18.189,8.342206000000001
12182,2018-01-09 09:45:18.289,8.342206000000001
12183,2018-01-09 09:45:18.389,8.342206000000001
12184,2018-01-09 09:45:18.490,8.488593
12185,2018-01-09 09:45:18.589,8.488593
12186,2018-01-09 09:45:18.689,8.488593
12187,2018-01-09 09:45:18.790,8.488593
12188,2018-01-09 09:45:18.889,8.488593
12189,2018-01-09 09:45:18.989,8.488593
12190,2018-01-09 09:45:19.089,8.488593
12191,2018-01-09 09:45:19.189,8.488593
12192,2018-01-09 09:45:19.289,8.488593
12193,2018-01-09 09:45:19.389,8.488593
12194,2018-01-09 09:45:19.490,8.799897
12195,2018-01-09 09:45:19.589,8.799897
12196,2018-01-09 09:45:19.689,8.799897
12197,2018-01-09 09:45:19.789,8.799897
12198,2018-01-09 09:45:19.889,8.799897
12199,2018-01-09 09:45:19.990,8.799897
12200,2018-01-09 09:45:20.090,8.799897
12201,2018-01-09 09:45:20.190,8.799897
12202,2018-01-09 09:45:20.290,8.799897
12203,2018-01-09 09:45:20.389,8.799897
12204,2018-01-09 09:45:20.487,9.081553
12205,2018-01-09 09:45:20.588,9.081553
12206,2018-01-09 09:45:20.687,9.081553
12207,2018-01-09 09:45:20.789,9.081553
12208,2018-01-09 09:45:20.888,9.081553
12209,2018-01-09 09:45:20.989,9.081553
12210,2018-01-09 09:45:21.088,9.081553
12211,2018-01-09 09:45:21.188,9.081553
12212,2018-01-09 09:45:21.288,9.081553
12213,2018-01-09 09:45:21.388,9.081553
12214,2018-01-09 09:45:21.488,9.298354
12215,2018-01-09 09:45:21.588,9.298354
12216,2018-01-09 09:45:21.688,9.298354
12217,2018-01-09 09:45:21.788,9.298354
12218,2018-01-09 09:45:21.888,9.298354
12219,2018-01-09 09:45:21.989,9.298354
12220,2018-01-09 09:45:22.089,9.298354
12221,2018-01-09 09:45:22.188,9.298354
12222,2018-01-09 09:45:22.288,9.298354
12223,2018-01-09 09:45:22.388,9.298354
12224,2018-01-09 09:45:22.489,9.263147
12225,2018-01-09 09:45:22.588,9.263147
12226,2018-01-09 09:45:22.688,9.263147
12227,2018-01-09 09:45:22.788,9.263147
12228,2018-01-09 09:45:22.889,9.263147
12229,2018-01-09 09:45:22.988,9.263147
12230,2018-01-09 09:45:23.088,9.263147
12231,2018-01-09 09:45:23.188,9.263147
12232,2018-01-09 09:45:23.288,9.263147
12233,2018-01-09 09:45:23.388,9.263147
12234,2018-01-09 09:45:23.488,9.011139
12235,2018-01-09 09:45:23.589,9.011139
12236,2018-01-09 09:45:23.689,9.011139
12237,2018-01-09 09:45:23.789,9.011139
12238,2018-01-09 09:45:23.889,9.011139
12239,2018-01-09 09:45:23.989,9.011139
12240,2018-01-09 09:45:24.090,9.011139
12241,2018-01-09 09:45:24.189,9.011139
12242,2018-01-09 09:45:24.289,9.011139
12243,2018-01-09 09:45:24.389,9.011139
12244,2018-01-09 09:45:24.490,8.723924
12245,2018-01-09 09:45:24.589,8.723924
12246,2018-01-09 09:45:24.689,8.723924
12247,2018-01-09 09:45:24.789,8.723924
12248,2018-01-09 09:45:24.889,8.723924
12249,2018-01-09 09:45:24.989,8.723924
12250,2018-01-09 09:45:25.089,8.723924
12251,2018-01-09 09:45:25.189,8.723924
12252,2018-01-09 09:45:25.289,8.723924
12253,2018-01-09 09:45:25.389,8.723924
12254,2018-01-09 09:45:25.487,8.581242999999999
12255,2018-01-09 09:45:25.587,8.581242999999999
12256,2018-01-09 09:45:25.687,8.581242999999999
12257,2018-01-09 09:45:25.787,8.581242999999999
12258,2018-01-09 09:45:25.887,8.581242999999999
12259,2018-01-09 09:45:25.987,8.581242999999999
12260,2018-01-09 09:45:26.088,8.581242999999999
12261,2018-01-09 09:45:26.187,8.581242999999999
12262,2018-01-09 09:45:26.287,8.581242999999999
12263,2018-01-09 09:45:26.388,8.581242999999999
12264,2018-01-09 09:45:26.487,8.573831
12265,2018-01-09 09:45:26.587,8.573831
12266,2018-01-09 09:45:26.687,8.573831
12267,2018-01-09 09:45:26.788,8.573831
12268,2018-01-09 09:45:26.888,8.573831
12269,2018-01-09 09:45:26.988,8.573831
12270,2018-01-09 09:45:27.088,8.573831
12271,2018-01-09 09:45:27.188,8.573831
12272,2018-01-09 09:45:27.288,8.573831
12273,2018-01-09 09:45:27.388,8.573831
12274,2018-01-09 09:45:27.488,8.531212
12275,2018-01-09 09:45:27.588,8.531212
12276,2018-01-09 09:45:27.688,8.531212
12277,2018-01-09 09:45:27.788,8.531212
12278,2018-01-09 09:45:27.888,8.531212
12279,2018-01-09 09:45:27.988,8.531212
12280,2018-01-09 09:45:28.089,8.531212
12281,2018-01-09 09:45:28.189,8.531212
12282,2018-01-09 09:45:28.289,8.531212
12283,2018-01-09 09:45:28.388,8.531212
12284,2018-01-09 09:45:28.488,8.640539
12285,2018-01-09 09:45:28.588,8.640539
12286,2018-01-09 09:45:28.688,8.640539
12287,2018-01-09 09:45:28.788,8.640539
12288,2018-01-09 09:45:28.889,8.640539
12289,2018-01-09 09:45:28.988,8.640539
12290,2018-01-09 09:45:29.088,8.640539
12291,2018-01-09 09:45:29.188,8.640539
12292,2018-01-09 09:45:29.288,8.640539
12293,2018-01-09 09:45:29.388,8.640539
12294,2018-01-09 09:45:29.488,8.649804
12295,2018-01-09 09:45:29.588,8.649804
12296,2018-01-09 09:45:29.689,8.649804
12297,2018-01-09 09:45:29.789,8.649804
12298,2018-01-09 09:45:29.889,8.649804
12299,2018-01-09 09:45:29.990,8.649804
12300,2018-01-09 09:45:30.089,8.649804
12301,2018-01-09 09:45:30.190,8.649804
12302,2018-01-09 09:45:30.290,8.649804
12303,2018-01-09 09:45:30.389,8.649804
12304,2018-01-09 09:45:30.487,8.768396000000001
12305,2018-01-09 09:45:30.587,8.768396000000001
12306,2018-01-09 09:45:30.687,8.768396000000001
12307,2018-01-09 09:45:30.787,8.768396000000001
12308,2018-01-09 09:45:30.887,8.768396000000001
12309,2018-01-09 09:45:30.988,8.768396000000001
12310,2018-01-09 09:45:31.087,8.768396000000001
12311,2018-01-09 09:45:31.187,8.768396000000001
12312,2018-01-09 09:45:31.287,8.768396000000001
12313,2018-01-09 09:45:31.387,8.768396000000001
12314,2018-01-09 09:45:31.487,8.981491
12315,2018-01-09 09:45:31.587,8.981491
12316,2018-01-09 09:45:31.687,8.981491
12317,2018-01-09 09:45:31.787,8.981491
12318,2018-01-09 09:45:31.887,8.981491
12319,2018-01-09 09:45:31.987,8.981491
12320,2018-01-09 09:45:32.087,8.981491
12321,2018-01-09 09:45:32.187,8.981491
12322,2018-01-09 09:45:32.287,8.981491
12323,2018-01-09 09:45:32.387,8.981491
12324,2018-01-09 09:45:32.487,9.15382
12325,2018-01-09 09:45:32.588,9.15382
12326,2018-01-09 09:45:32.689,9.15382
12327,2018-01-09 09:45:32.788,9.15382
12328,2018-01-09 09:45:32.888,9.15382
12329,2018-01-09 09:45:32.988,9.15382
12330,2018-01-09 09:45:33.088,9.15382
12331,2018-01-09 09:45:33.188,9.15382
12332,2018-01-09 09:45:33.288,9.15382
12333,2018-01-09 09:45:33.388,9.15382
12334,2018-01-09 09:45:33.488,9.129731
12335,2018-01-09 09:45:33.588,9.129731
12336,2018-01-09 09:45:33.688,9.129731
12337,2018-01-09 09:45:33.788,9.129731
12338,2018-01-09 09:45:33.888,9.129731
12339,2018-01-09 09:45:33.988,9.129731
12340,2018-01-09 09:45:34.088,9.129731
12341,2018-01-09 09:45:34.188,9.129731
12342,2018-01-09 09:45:34.288,9.129731
12343,2018-01-09 09:45:34.388,9.129731
12344,2018-01-09 09:45:34.488,8.961108
12345,2018-01-09 09:45:34.588,8.961108
12346,2018-01-09 09:45:34.688,8.961108
12347,2018-01-09 09:45:34.788,8.961108
12348,2018-01-09 09:45:34.888,8.961108
12349,2018-01-09 09:45:34.988,8.961108
12350,2018-01-09 09:45:35.088,8.961108
12351,2018-01-09 09:45:35.188,8.961108
12352,2018-01-09 09:45:35.288,8.961108
12353,2018-01-09 09:45:35.388,8.961108
12354,2018-01-09 09:45:35.486,8.660922
12355,2018-01-09 09:45:35.586,8.660922
12356,2018-01-09 09:45:35.686,8.660922
12357,2018-01-09 09:45:35.786,8.660922
12358,2018-01-09 09:45:35.887,8.660922
12359,2018-01-09 09:45:35.987,8.660922
12360,2018-01-09 09:45:36.087,8.660922
12361,2018-01-09 09:45:36.188,8.660922
12362,2018-01-09 09:45:36.287,8.660922
12363,2018-01-09 09:45:36.388,8.660922
12364,2018-01-09 09:45:36.487,8.314411
12365,2018-01-09 09:45:36.587,8.314411
12366,2018-01-09 09:45:36.687,8.314411
12367,2018-01-09 09:45:36.787,8.314411
12368,2018-01-09 09:45:36.887,8.314411
12369,2018-01-09 09:45:36.988,8.314411
12370,2018-01-09 09:45:37.087,8.314411
12371,2018-01-09 09:45:37.187,8.314411
12372,2018-01-09 09:45:37.287,8.314411
12373,2018-01-09 09:45:37.387,8.314411
12374,2018-01-09 09:45:37.487,8.382972
12375,2018-01-09 09:45:37.587,8.382972
12376,2018-01-09 09:45:37.687,8.382972
12377,2018-01-09 09:45:37.787,8.382972
12378,2018-01-09 09:45:37.887,8.382972
12379,2018-01-09 09:45:37.987,8.382972
12380,2018-01-09 09:45:38.088,8.382972
12381,2018-01-09 09:45:38.188,8.382972
12382,2018-01-09 09:45:38.287,8.382972
12383,2018-01-09 09:45:38.388,8.382972
12384,2018-01-09 09:45:38.487,8.723924
12385,2018-01-09 09:45:38.587,8.723924
12386,2018-01-09 09:45:38.687,8.723924
12387,2018-01-09 09:45:38.789,8.723924
12388,2018-01-09 09:45:38.888,8.723924
12389,2018-01-09 09:45:38.989,8.723924
12390,2018-01-09 09:45:39.089,8.723924
12391,2018-01-09 09:45:39.188,8.723924
12392,2018-01-09 09:45:39.288,8.723924
12393,2018-01-09 09:45:39.388,8.723924
12394,2018-01-09 09:45:39.488,9.072288
12395,2018-01-09 09:45:39.588,9.072288
12396,2018-01-09 09:45:39.688,9.072288
12397,2018-01-09 09:45:39.788,9.072288
12398,2018-01-09 09:45:39.888,9.072288
12399,2018-01-09 09:45:39.988,9.072288
12400,2018-01-09 09:45:40.088,9.072288
12401,2018-01-09 09:45:40.189,9.072288
12402,2018-01-09 09:45:40.288,9.072288
12403,2018-01-09 09:45:40.388,9.072288
12404,2018-01-09 09:45:40.486,9.226087
12405,2018-01-09 09:45:40.586,9.226087
12406,2018-01-09 09:45:40.686,9.226087
12407,2018-01-09 09:45:40.786,9.226087
12408,2018-01-09 09:45:40.887,9.226087
12409,2018-01-09 09:45:40.986,9.226087
12410,2018-01-09 09:45:41.086,9.226087
12411,2018-01-09 09:45:41.186,9.226087
12412,2018-01-09 09:45:41.286,9.226087
12413,2018-01-09 09:45:41.386,9.226087
12414,2018-01-09 09:45:41.486,9.231646
12415,2018-01-09 09:45:41.587,9.231646
12416,2018-01-09 09:45:41.686,9.231646
12417,2018-01-09 09:45:41.787,9.231646
12418,2018-01-09 09:45:41.887,9.231646
12419,2018-01-09 09:45:41.987,9.231646
12420,2018-01-09 09:45:42.087,9.231646
12421,2018-01-09 09:45:42.187,9.231646
12422,2018-01-09 09:45:42.287,9.231646
12423,2018-01-09 09:45:42.387,9.231646
12424,2018-01-09 09:45:42.487,9.17235
12425,2018-01-09 09:45:42.587,9.17235
12426,2018-01-09 09:45:42.688,9.17235
12427,2018-01-09 09:45:42.787,9.17235
12428,2018-01-09 09:45:42.888,9.17235
12429,2018-01-09 09:45:42.987,9.17235
12430,2018-01-09 09:45:43.087,9.17235
12431,2018-01-09 09:45:43.187,9.17235
12432,2018-01-09 09:45:43.287,9.17235
12433,2018-01-09 09:45:43.387,9.17235
12434,2018-01-09 09:45:43.487,9.17235
12435,2018-01-09 09:45:43.587,9.114907
12436,2018-01-09 09:45:43.687,9.114907
12437,2018-01-09 09:45:43.787,9.114907
12438,2018-01-09 09:45:43.887,9.114907
12439,2018-01-09 09:45:43.987,9.114907
12440,2018-01-09 09:45:44.087,9.114907
12441,2018-01-09 09:45:44.187,9.114907
12442,2018-01-09 09:45:44.287,9.114907
12443,2018-01-09 09:45:44.387,9.114907
12444,2018-01-09 09:45:44.487,8.937019
12445,2018-01-09 09:45:44.587,8.937019
12446,2018-01-09 09:45:44.687,8.937019
12447,2018-01-09 09:45:44.788,8.937019
12448,2018-01-09 09:45:44.889,8.937019
12449,2018-01-09 09:45:44.988,8.937019
12450,2018-01-09 09:45:45.088,8.937019
12451,2018-01-09 09:45:45.188,8.937019
12452,2018-01-09 09:45:45.288,8.937019
12453,2018-01-09 09:45:45.388,8.937019
12454,2018-01-09 09:45:45.486,8.914783
12455,2018-01-09 09:45:45.586,8.914783
12456,2018-01-09 09:45:45.686,8.914783
12457,2018-01-09 09:45:45.786,8.914783
12458,2018-01-09 09:45:45.886,8.914783
12459,2018-01-09 09:45:45.986,8.914783
12460,2018-01-09 09:45:46.086,8.914783
12461,2018-01-09 09:45:46.187,8.914783
12462,2018-01-09 09:45:46.287,8.914783
12463,2018-01-09 09:45:46.387,8.914783
12464,2018-01-09 09:45:46.486,8.914783
12465,2018-01-09 09:45:46.586,9.201998
12466,2018-01-09 09:45:46.686,9.201998
12467,2018-01-09 09:45:46.786,9.201998
12468,2018-01-09 09:45:46.887,9.201998
12469,2018-01-09 09:45:46.987,9.201998
12470,2018-01-09 09:45:47.086,9.201998
12471,2018-01-09 09:45:47.186,9.201998
12472,2018-01-09 09:45:47.286,9.201998
12473,2018-01-09 09:45:47.386,9.201998
12474,2018-01-09 09:45:47.486,9.201998
12475,2018-01-09 09:45:47.586,9.235352
12476,2018-01-09 09:45:47.686,9.235352
12477,2018-01-09 09:45:47.787,9.235352
12478,2018-01-09 09:45:47.887,9.235352
12479,2018-01-09 09:45:47.987,9.235352
12480,2018-01-09 09:45:48.088,9.235352
12481,2018-01-09 09:45:48.188,9.235352
12482,2018-01-09 09:45:48.287,9.235352
12483,2018-01-09 09:45:48.387,9.235352
12484,2018-01-09 09:45:48.488,9.235352
12485,2018-01-09 09:45:48.587,9.168644
12486,2018-01-09 09:45:48.687,9.168644
12487,2018-01-09 09:45:48.787,9.168644
12488,2018-01-09 09:45:48.887,9.168644
12489,2018-01-09 09:45:48.987,9.168644
12490,2018-01-09 09:45:49.087,9.168644
12491,2018-01-09 09:45:49.187,9.168644
12492,2018-01-09 09:45:49.287,9.168644
12493,2018-01-09 09:45:49.387,9.168644
12494,2018-01-09 09:45:49.487,9.168644
12495,2018-01-09 09:45:49.587,9.189027
12496,2018-01-09 09:45:49.687,9.189027
12497,2018-01-09 09:45:49.787,9.189027
12498,2018-01-09 09:45:49.887,9.189027
12499,2018-01-09 09:45:49.987,9.189027
12500,2018-01-09 09:45:50.087,9.189027
12501,2018-01-09 09:45:50.188,9.189027
12502,2018-01-09 09:45:50.288,9.189027
12503,2018-01-09 09:45:50.388,9.189027
12504,2018-01-09 09:45:50.485,9.189027
12505,2018-01-09 09:45:50.585,9.233499
12506,2018-01-09 09:45:50.685,9.233499
12507,2018-01-09 09:45:50.786,9.233499
12508,2018-01-09 09:45:50.886,9.233499
12509,2018-01-09 09:45:50.986,9.233499
12510,2018-01-09 09:45:51.086,9.233499
12511,2018-01-09 09:45:51.186,9.233499
12512,2018-01-09 09:45:51.286,9.233499
12513,2018-01-09 09:45:51.386,9.233499
12514,2018-01-09 09:45:51.486,9.255735
12515,2018-01-09 09:45:51.586,9.255735
12516,2018-01-09 09:45:51.686,9.255735
12517,2018-01-09 09:45:51.786,9.255735
12518,2018-01-09 09:45:51.886,9.255735
12519,2018-01-09 09:45:51.986,9.255735
12520,2018-01-09 09:45:52.086,9.255735
12521,2018-01-09 09:45:52.186,9.255735
12522,2018-01-09 09:45:52.286,9.255735
12523,2018-01-09 09:45:52.386,9.255735
12524,2018-01-09 09:45:52.486,9.255735
12525,2018-01-09 09:45:52.586,9.329855
12526,2018-01-09 09:45:52.686,9.329855
12527,2018-01-09 09:45:52.786,9.329855
12528,2018-01-09 09:45:52.886,9.329855
12529,2018-01-09 09:45:52.986,9.329855
12530,2018-01-09 09:45:53.086,9.329855
12531,2018-01-09 09:45:53.186,9.329855
12532,2018-01-09 09:45:53.286,9.329855
12533,2018-01-09 09:45:53.386,9.329855
12534,2018-01-09 09:45:53.486,9.329855
12535,2018-01-09 09:45:53.586,9.305766
12536,2018-01-09 09:45:53.686,9.305766
12537,2018-01-09 09:45:53.787,9.305766
12538,2018-01-09 09:45:53.887,9.305766
12539,2018-01-09 09:45:53.987,9.305766
12540,2018-01-09 09:45:54.087,9.305766
12541,2018-01-09 09:45:54.187,9.305766
12542,2018-01-09 09:45:54.287,9.305766
12543,2018-01-09 09:45:54.387,9.305766
12544,2018-01-09 09:45:54.488,9.305766
12545,2018-01-09 09:45:54.587,9.255735
12546,2018-01-09 09:45:54.687,9.255735
12547,2018-01-09 09:45:54.787,9.255735
12548,2018-01-09 09:45:54.888,9.255735
12549,2018-01-09 09:45:54.987,9.255735
12550,2018-01-09 09:45:55.087,9.255735
12551,2018-01-09 09:45:55.187,9.255735
12552,2018-01-09 09:45:55.287,9.255735
12553,2018-01-09 09:45:55.387,9.255735
12554,2018-01-09 09:45:55.485,9.22794
12555,2018-01-09 09:45:55.585,9.22794
12556,2018-01-09 09:45:55.685,9.22794
12557,2018-01-09 09:45:55.785,9.22794
12558,2018-01-09 09:45:55.885,9.22794
12559,2018-01-09 09:45:55.985,9.22794
12560,2018-01-09 09:45:56.085,9.22794
12561,2018-01-09 09:45:56.186,9.22794
12562,2018-01-09 09:45:56.285,9.22794
12563,2018-01-09 09:45:56.385,9.22794
12564,2018-01-09 09:45:56.486,9.22794
12565,2018-01-09 09:45:56.585,9.242764
12566,2018-01-09 09:45:56.685,9.242764
12567,2018-01-09 09:45:56.785,9.242764
12568,2018-01-09 09:45:56.887,9.242764
12569,2018-01-09 09:45:56.986,9.242764
12570,2018-01-09 09:45:57.086,9.242764
12571,2018-01-09 09:45:57.186,9.242764
12572,2018-01-09 09:45:57.286,9.242764
12573,2018-01-09 09:45:57.386,9.242764
12574,2018-01-09 09:45:57.486,9.242764
12575,2018-01-09 09:45:57.587,9.298354
12576,2018-01-09 09:45:57.686,9.298354
12577,2018-01-09 09:45:57.786,9.298354
12578,2018-01-09 09:45:57.886,9.298354
12579,2018-01-09 09:45:57.986,9.298354
12580,2018-01-09 09:45:58.086,9.298354
12581,2018-01-09 09:45:58.187,9.298354
12582,2018-01-09 09:45:58.286,9.298354
12583,2018-01-09 09:45:58.386,9.298354
12584,2018-01-09 09:45:58.487,9.307619
12585,2018-01-09 09:45:58.586,9.307619
12586,2018-01-09 09:45:58.686,9.307619
12587,2018-01-09 09:45:58.786,9.307619
12588,2018-01-09 09:45:58.886,9.307619
12589,2018-01-09 09:45:58.987,9.307619
12590,2018-01-09 09:45:59.086,9.307619
12591,2018-01-09 09:45:59.186,9.307619
12592,2018-01-09 09:45:59.286,9.307619
12593,2018-01-09 09:45:59.387,9.307619
12594,2018-01-09 09:45:59.486,9.409534
12595,2018-01-09 09:45:59.586,9.409534
12596,2018-01-09 09:45:59.686,9.409534
12597,2018-01-09 09:45:59.786,9.409534
12598,2018-01-09 09:45:59.887,9.409534
12599,2018-01-09 09:45:59.987,9.409534
12600,2018-01-09 09:46:00.087,9.409534
12601,2018-01-09 09:46:00.187,9.409534
12602,2018-01-09 09:46:00.287,9.409534
12603,2018-01-09 09:46:00.388,9.409534
12604,2018-01-09 09:46:00.485,9.529979
12605,2018-01-09 09:46:00.585,9.529979
12606,2018-01-09 09:46:00.685,9.529979
12607,2018-01-09 09:46:00.785,9.529979
12608,2018-01-09 09:46:00.885,9.529979
12609,2018-01-09 09:46:00.985,9.529979
12610,2018-01-09 09:46:01.085,9.529979
12611,2018-01-09 09:46:01.185,9.529979
12612,2018-01-09 09:46:01.285,9.529979
12613,2018-01-09 09:46:01.385,9.529979
12614,2018-01-09 09:46:01.485,9.557774
12615,2018-01-09 09:46:01.585,9.557774
12616,2018-01-09 09:46:01.685,9.557774
12617,2018-01-09 09:46:01.785,9.557774
12618,2018-01-09 09:46:01.885,9.557774
12619,2018-01-09 09:46:01.985,9.557774
12620,2018-01-09 09:46:02.085,9.557774
12621,2018-01-09 09:46:02.185,9.557774
12622,2018-01-09 09:46:02.285,9.557774
12623,2018-01-09 09:46:02.385,9.557774
12624,2018-01-09 09:46:02.485,9.498478
12625,2018-01-09 09:46:02.585,9.498478
12626,2018-01-09 09:46:02.685,9.498478
12627,2018-01-09 09:46:02.785,9.498478
12628,2018-01-09 09:46:02.885,9.498478
12629,2018-01-09 09:46:02.987,9.498478
12630,2018-01-09 09:46:03.086,9.498478
12631,2018-01-09 09:46:03.186,9.498478
12632,2018-01-09 09:46:03.286,9.498478
12633,2018-01-09 09:46:03.386,9.498478
12634,2018-01-09 09:46:03.486,9.266853
12635,2018-01-09 09:46:03.586,9.266853
12636,2018-01-09 09:46:03.686,9.266853
12637,2018-01-09 09:46:03.786,9.266853
12638,2018-01-09 09:46:03.886,9.266853
12639,2018-01-09 09:46:03.986,9.266853
12640,2018-01-09 09:46:04.086,9.266853
12641,2018-01-09 09:46:04.186,9.266853
12642,2018-01-09 09:46:04.286,9.266853
12643,2018-01-09 09:46:04.386,9.266853
12644,2018-01-09 09:46:04.486,8.998168
12645,2018-01-09 09:46:04.586,8.998168
12646,2018-01-09 09:46:04.686,8.998168
12647,2018-01-09 09:46:04.786,8.998168
12648,2018-01-09 09:46:04.886,8.998168
12649,2018-01-09 09:46:04.986,8.998168
12650,2018-01-09 09:46:05.086,8.998168
12651,2018-01-09 09:46:05.186,8.998168
12652,2018-01-09 09:46:05.286,8.998168
12653,2018-01-09 09:46:05.386,8.998168
12654,2018-01-09 09:46:05.484,8.803603
12655,2018-01-09 09:46:05.584,8.803603
12656,2018-01-09 09:46:05.684,8.803603
12657,2018-01-09 09:46:05.785,8.803603
12658,2018-01-09 09:46:05.884,8.803603
12659,2018-01-09 09:46:05.984,8.803603
12660,2018-01-09 09:46:06.085,8.803603
12661,2018-01-09 09:46:06.185,8.803603
12662,2018-01-09 09:46:06.285,8.803603
12663,2018-01-09 09:46:06.385,8.803603
12664,2018-01-09 09:46:06.485,8.786926
12665,2018-01-09 09:46:06.585,8.786926
12666,2018-01-09 09:46:06.685,8.786926
12667,2018-01-09 09:46:06.786,8.786926
12668,2018-01-09 09:46:06.885,8.786926
12669,2018-01-09 09:46:06.985,8.786926
12670,2018-01-09 09:46:07.085,8.786926
12671,2018-01-09 09:46:07.185,8.786926
12672,2018-01-09 09:46:07.285,8.786926
12673,2018-01-09 09:46:07.385,8.786926
12674,2018-01-09 09:46:07.485,9.003727
12675,2018-01-09 09:46:07.585,9.003727
12676,2018-01-09 09:46:07.685,9.003727
12677,2018-01-09 09:46:07.785,9.003727
12678,2018-01-09 09:46:07.885,9.003727
12679,2018-01-09 09:46:07.985,9.003727
12680,2018-01-09 09:46:08.085,9.003727
12681,2018-01-09 09:46:08.185,9.003727
12682,2018-01-09 09:46:08.286,9.003727
12683,2018-01-09 09:46:08.386,9.003727
12684,2018-01-09 09:46:08.486,9.322443
12685,2018-01-09 09:46:08.585,9.322443
12686,2018-01-09 09:46:08.685,9.322443
12687,2018-01-09 09:46:08.786,9.322443
12688,2018-01-09 09:46:08.886,9.322443
12689,2018-01-09 09:46:08.986,9.322443
12690,2018-01-09 09:46:09.086,9.322443
12691,2018-01-09 09:46:09.186,9.322443
12692,2018-01-09 09:46:09.286,9.322443
12693,2018-01-09 09:46:09.386,9.322443
12694,2018-01-09 09:46:09.486,9.591128
12695,2018-01-09 09:46:09.586,9.591128
12696,2018-01-09 09:46:09.686,9.591128
12697,2018-01-09 09:46:09.786,9.591128
12698,2018-01-09 09:46:09.886,9.591128
12699,2018-01-09 09:46:09.986,9.591128
12700,2018-01-09 09:46:10.086,9.591128
12701,2018-01-09 09:46:10.186,9.591128
12702,2018-01-09 09:46:10.286,9.591128
12703,2018-01-09 09:46:10.386,9.591128
12704,2018-01-09 09:46:10.484,9.741221
12705,2018-01-09 09:46:10.585,9.741221
12706,2018-01-09 09:46:10.684,9.741221
12707,2018-01-09 09:46:10.784,9.741221
12708,2018-01-09 09:46:10.884,9.741221
12709,2018-01-09 09:46:10.984,9.741221
12710,2018-01-09 09:46:11.084,9.741221
12711,2018-01-09 09:46:11.184,9.741221
12712,2018-01-09 09:46:11.284,9.741221
12713,2018-01-09 09:46:11.384,9.741221
12714,2018-01-09 09:46:11.484,9.780134
12715,2018-01-09 09:46:11.584,9.780134
12716,2018-01-09 09:46:11.684,9.780134
12717,2018-01-09 09:46:11.784,9.780134
12718,2018-01-09 09:46:11.885,9.780134
12719,2018-01-09 09:46:11.985,9.780134
12720,2018-01-09 09:46:12.085,9.780134
12721,2018-01-09 09:46:12.185,9.780134
12722,2018-01-09 09:46:12.285,9.780134
12723,2018-01-09 09:46:12.385,9.780134
12724,2018-01-09 09:46:12.485,9.8209
12725,2018-01-09 09:46:12.585,9.8209
12726,2018-01-09 09:46:12.686,9.8209
12727,2018-01-09 09:46:12.785,9.8209
12728,2018-01-09 09:46:12.885,9.8209
12729,2018-01-09 09:46:12.985,9.8209
12730,2018-01-09 09:46:13.085,9.8209
12731,2018-01-09 09:46:13.185,9.8209
12732,2018-01-09 09:46:13.285,9.8209
12733,2018-01-09 09:46:13.385,9.8209
12734,2018-01-09 09:46:13.485,9.696749
12735,2018-01-09 09:46:13.585,9.696749
12736,2018-01-09 09:46:13.685,9.696749
12737,2018-01-09 09:46:13.785,9.696749
12738,2018-01-09 09:46:13.885,9.696749
12739,2018-01-09 09:46:13.985,9.696749
12740,2018-01-09 09:46:14.085,9.696749
12741,2018-01-09 09:46:14.185,9.696749
12742,2018-01-09 09:46:14.285,9.696749
12743,2018-01-09 09:46:14.385,9.696749
12744,2018-01-09 09:46:14.485,9.696749
12745,2018-01-09 09:46:14.585,9.459565
12746,2018-01-09 09:46:14.685,9.459565
12747,2018-01-09 09:46:14.785,9.459565
12748,2018-01-09 09:46:14.885,9.459565
12749,2018-01-09 09:46:14.985,9.459565
12750,2018-01-09 09:46:15.086,9.459565
12751,2018-01-09 09:46:15.186,9.459565
12752,2018-01-09 09:46:15.286,9.459565
12753,2018-01-09 09:46:15.386,9.459565
12754,2018-01-09 09:46:15.484,9.459565
12755,2018-01-09 09:46:15.584,9.352091
12756,2018-01-09 09:46:15.684,9.352091
12757,2018-01-09 09:46:15.784,9.352091
12758,2018-01-09 09:46:15.884,9.352091
12759,2018-01-09 09:46:15.984,9.352091
12760,2018-01-09 09:46:16.084,9.352091
12761,2018-01-09 09:46:16.184,9.352091
12762,2018-01-09 09:46:16.284,9.352091
12763,2018-01-09 09:46:16.384,9.352091
12764,2018-01-09 09:46:16.484,9.352091
12765,2018-01-09 09:46:16.584,9.281677
12766,2018-01-09 09:46:16.685,9.281677
12767,2018-01-09 09:46:16.784,9.281677
12768,2018-01-09 09:46:16.884,9.281677
12769,2018-01-09 09:46:16.985,9.281677
12770,2018-01-09 09:46:17.084,9.281677
12771,2018-01-09 09:46:17.184,9.281677
12772,2018-01-09 09:46:17.284,9.281677
12773,2018-01-09 09:46:17.384,9.281677
12774,2018-01-09 09:46:17.484,9.281677
12775,2018-01-09 09:46:17.584,9.287236
12776,2018-01-09 09:46:17.684,9.287236
12777,2018-01-09 09:46:17.784,9.287236
12778,2018-01-09 09:46:17.884,9.287236
12779,2018-01-09 09:46:17.985,9.287236
12780,2018-01-09 09:46:18.085,9.287236
12781,2018-01-09 09:46:18.185,9.287236
12782,2018-01-09 09:46:18.285,9.287236
12783,2018-01-09 09:46:18.385,9.287236
12784,2018-01-09 09:46:18.485,9.41324
12785,2018-01-09 09:46:18.585,9.41324
12786,2018-01-09 09:46:18.685,9.41324
12787,2018-01-09 09:46:18.785,9.41324
12788,2018-01-09 09:46:18.885,9.41324
12789,2018-01-09 09:46:18.985,9.41324
12790,2018-01-09 09:46:19.086,9.41324
12791,2018-01-09 09:46:19.185,9.41324
12792,2018-01-09 09:46:19.285,9.41324
12793,2018-01-09 09:46:19.385,9.41324
12794,2018-01-09 09:46:19.485,9.41324
12795,2018-01-09 09:46:19.585,9.335414
12796,2018-01-09 09:46:19.685,9.335414
12797,2018-01-09 09:46:19.785,9.335414
12798,2018-01-09 09:46:19.885,9.335414
12799,2018-01-09 09:46:19.985,9.335414
12800,2018-01-09 09:46:20.085,9.335414
12801,2018-01-09 09:46:20.185,9.335414
12802,2018-01-09 09:46:20.286,9.335414
12803,2018-01-09 09:46:20.385,9.335414
12804,2018-01-09 09:46:20.483,9.289089
12805,2018-01-09 09:46:20.583,9.289089
12806,2018-01-09 09:46:20.683,9.289089
12807,2018-01-09 09:46:20.783,9.289089
12808,2018-01-09 09:46:20.883,9.289089
12809,2018-01-09 09:46:20.984,9.289089
12810,2018-01-09 09:46:21.084,9.289089
12811,2018-01-09 09:46:21.184,9.289089
12812,2018-01-09 09:46:21.284,9.289089
12813,2018-01-09 09:46:21.384,9.289089
12814,2018-01-09 09:46:21.484,9.24647
12815,2018-01-09 09:46:21.584,9.24647
12816,2018-01-09 09:46:21.684,9.24647
12817,2018-01-09 09:46:21.784,9.24647
12818,2018-01-09 09:46:21.884,9.24647
12819,2018-01-09 09:46:21.984,9.24647
12820,2018-01-09 09:46:22.084,9.24647
12821,2018-01-09 09:46:22.184,9.24647
12822,2018-01-09 09:46:22.284,9.24647
12823,2018-01-09 09:46:22.384,9.24647
12824,2018-01-09 09:46:22.484,9.203851
12825,2018-01-09 09:46:22.584,9.203851
12826,2018-01-09 09:46:22.684,9.203851
12827,2018-01-09 09:46:22.784,9.203851
12828,2018-01-09 09:46:22.884,9.203851
12829,2018-01-09 09:46:22.984,9.203851
12830,2018-01-09 09:46:23.084,9.203851
12831,2018-01-09 09:46:23.184,9.203851
12832,2018-01-09 09:46:23.284,9.203851
12833,2018-01-09 09:46:23.384,9.203851
12834,2018-01-09 09:46:23.484,9.203851
12835,2018-01-09 09:46:23.584,9.265
12836,2018-01-09 09:46:23.684,9.265
12837,2018-01-09 09:46:23.784,9.265
12838,2018-01-09 09:46:23.884,9.265
12839,2018-01-09 09:46:23.984,9.265
12840,2018-01-09 09:46:24.085,9.265
12841,2018-01-09 09:46:24.185,9.265
12842,2018-01-09 09:46:24.285,9.265
12843,2018-01-09 09:46:24.385,9.265
12844,2018-01-09 09:46:24.485,9.265
12845,2018-01-09 09:46:24.585,9.56148
12846,2018-01-09 09:46:24.685,9.56148
12847,2018-01-09 09:46:24.785,9.56148
12848,2018-01-09 09:46:24.885,9.56148
12849,2018-01-09 09:46:24.985,9.56148
12850,2018-01-09 09:46:25.085,9.56148
12851,2018-01-09 09:46:25.185,9.56148
12852,2018-01-09 09:46:25.285,9.56148
12853,2018-01-09 09:46:25.385,9.56148
12854,2018-01-09 09:46:25.483,9.56148
12855,2018-01-09 09:46:25.583,9.89502
12856,2018-01-09 09:46:25.683,9.89502
12857,2018-01-09 09:46:25.783,9.89502
12858,2018-01-09 09:46:25.883,9.89502
12859,2018-01-09 09:46:25.983,9.89502
12860,2018-01-09 09:46:26.083,9.89502
12861,2018-01-09 09:46:26.184,9.89502
12862,2018-01-09 09:46:26.283,9.89502
12863,2018-01-09 09:46:26.384,9.89502
12864,2018-01-09 09:46:26.483,9.89502
12865,2018-01-09 09:46:26.583,9.958022
12866,2018-01-09 09:46:26.683,9.958022
12867,2018-01-09 09:46:26.783,9.958022
12868,2018-01-09 09:46:26.884,9.958022
12869,2018-01-09 09:46:26.983,9.958022
12870,2018-01-09 09:46:27.085,9.958022
12871,2018-01-09 09:46:27.184,9.958022
12872,2018-01-09 09:46:27.284,9.958022
12873,2018-01-09 09:46:27.384,9.958022
12874,2018-01-09 09:46:27.484,9.958022
12875,2018-01-09 09:46:27.584,9.806076
12876,2018-01-09 09:46:27.684,9.806076
12877,2018-01-09 09:46:27.784,9.806076
12878,2018-01-09 09:46:27.884,9.806076
12879,2018-01-09 09:46:27.984,9.806076
12880,2018-01-09 09:46:28.084,9.806076
12881,2018-01-09 09:46:28.185,9.806076
12882,2018-01-09 09:46:28.284,9.806076
12883,2018-01-09 09:46:28.384,9.806076
12884,2018-01-09 09:46:28.484,9.806076
12885,2018-01-09 09:46:28.585,9.533685
12886,2018-01-09 09:46:28.684,9.533685
12887,2018-01-09 09:46:28.784,9.533685
12888,2018-01-09 09:46:28.885,9.533685
12889,2018-01-09 09:46:28.985,9.533685
12890,2018-01-09 09:46:29.085,9.533685
12891,2018-01-09 09:46:29.184,9.533685
12892,2018-01-09 09:46:29.284,9.533685
12893,2018-01-09 09:46:29.384,9.533685
12894,2018-01-09 09:46:29.484,9.533685
12895,2018-01-09 09:46:29.584,9.444741
12896,2018-01-09 09:46:29.684,9.444741
12897,2018-01-09 09:46:29.784,9.444741
12898,2018-01-09 09:46:29.884,9.444741
12899,2018-01-09 09:46:29.984,9.444741
12900,2018-01-09 09:46:30.085,9.444741
12901,2018-01-09 09:46:30.185,9.444741
12902,2018-01-09 09:46:30.285,9.444741
12903,2018-01-09 09:46:30.386,9.444741
12904,2018-01-09 09:46:30.483,9.444741
12905,2018-01-09 09:46:30.583,9.552215
12906,2018-01-09 09:46:30.683,9.552215
12907,2018-01-09 09:46:30.783,9.552215
12908,2018-01-09 09:46:30.883,9.552215
12909,2018-01-09 09:46:30.983,9.552215
12910,2018-01-09 09:46:31.083,9.552215
12911,2018-01-09 09:46:31.183,9.552215
12912,2018-01-09 09:46:31.283,9.552215
12913,2018-01-09 09:46:31.383,9.552215
12914,2018-01-09 09:46:31.483,9.552215
12915,2018-01-09 09:46:31.583,9.756045
12916,2018-01-09 09:46:31.683,9.756045
12917,2018-01-09 09:46:31.783,9.756045
12918,2018-01-09 09:46:31.883,9.756045
12919,2018-01-09 09:46:31.983,9.756045
12920,2018-01-09 09:46:32.083,9.756045
12921,2018-01-09 09:46:32.183,9.756045
12922,2018-01-09 09:46:32.283,9.756045
12923,2018-01-09 09:46:32.383,9.756045
12924,2018-01-09 09:46:32.483,9.937639
12925,2018-01-09 09:46:32.583,9.937639
12926,2018-01-09 09:46:32.683,9.937639
12927,2018-01-09 09:46:32.783,9.937639
12928,2018-01-09 09:46:32.883,9.937639
12929,2018-01-09 09:46:32.983,9.937639
12930,2018-01-09 09:46:33.083,9.937639
12931,2018-01-09 09:46:33.184,9.937639
12932,2018-01-09 09:46:33.284,9.937639
12933,2018-01-09 09:46:33.384,9.937639
12934,2018-01-09 09:46:33.484,9.882049
12935,2018-01-09 09:46:33.584,9.882049
12936,2018-01-09 09:46:33.684,9.882049
12937,2018-01-09 09:46:33.784,9.882049
12938,2018-01-09 09:46:33.884,9.882049
12939,2018-01-09 09:46:33.984,9.882049
12940,2018-01-09 09:46:34.084,9.882049
12941,2018-01-09 09:46:34.184,9.882049
12942,2018-01-09 09:46:34.284,9.882049
12943,2018-01-09 09:46:34.384,9.882049
12944,2018-01-09 09:46:34.484,9.722691
12945,2018-01-09 09:46:34.584,9.722691
12946,2018-01-09 09:46:34.684,9.722691
12947,2018-01-09 09:46:34.784,9.722691
12948,2018-01-09 09:46:34.884,9.722691
12949,2018-01-09 09:46:34.984,9.722691
12950,2018-01-09 09:46:35.084,9.722691
12951,2018-01-09 09:46:35.184,9.722691
12952,2018-01-09 09:46:35.284,9.722691
12953,2018-01-09 09:46:35.384,9.722691
12954,2018-01-09 09:46:35.482,9.531832
12955,2018-01-09 09:46:35.582,9.531832
12956,2018-01-09 09:46:35.682,9.531832
12957,2018-01-09 09:46:35.782,9.531832
12958,2018-01-09 09:46:35.882,9.531832
12959,2018-01-09 09:46:35.982,9.531832
12960,2018-01-09 09:46:36.082,9.531832
12961,2018-01-09 09:46:36.183,9.531832
12962,2018-01-09 09:46:36.283,9.531832
12963,2018-01-09 09:46:36.383,9.531832
12964,2018-01-09 09:46:36.483,9.396563
12965,2018-01-09 09:46:36.583,9.396563
12966,2018-01-09 09:46:36.683,9.396563
12967,2018-01-09 09:46:36.784,9.396563
12968,2018-01-09 09:46:36.884,9.396563
12969,2018-01-09 09:46:36.984,9.396563
12970,2018-01-09 09:46:37.084,9.396563
12971,2018-01-09 09:46:37.183,9.396563
12972,2018-01-09 09:46:37.283,9.396563
12973,2018-01-09 09:46:37.383,9.396563
12974,2018-01-09 09:46:37.483,9.340973
12975,2018-01-09 09:46:37.583,9.340973
12976,2018-01-09 09:46:37.683,9.340973
12977,2018-01-09 09:46:37.783,9.340973
12978,2018-01-09 09:46:37.883,9.340973
12979,2018-01-09 09:46:37.983,9.340973
12980,2018-01-09 09:46:38.083,9.340973
12981,2018-01-09 09:46:38.183,9.340973
12982,2018-01-09 09:46:38.284,9.340973
12983,2018-01-09 09:46:38.384,9.340973
12984,2018-01-09 09:46:38.483,9.448447
12985,2018-01-09 09:46:38.583,9.448447
12986,2018-01-09 09:46:38.684,9.448447
12987,2018-01-09 09:46:38.783,9.448447
12988,2018-01-09 09:46:38.884,9.448447
12989,2018-01-09 09:46:38.983,9.448447
12990,2018-01-09 09:46:39.083,9.448447
12991,2018-01-09 09:46:39.185,9.448447
12992,2018-01-09 09:46:39.284,9.448447
12993,2018-01-09 09:46:39.384,9.448447
12994,2018-01-09 09:46:39.484,9.683778
12995,2018-01-09 09:46:39.584,9.683778
12996,2018-01-09 09:46:39.684,9.683778
12997,2018-01-09 09:46:39.784,9.683778
12998,2018-01-09 09:46:39.884,9.683778
12999,2018-01-09 09:46:39.984,9.683778
13000,2018-01-09 09:46:40.084,9.683778
13001,2018-01-09 09:46:40.184,9.683778
13002,2018-01-09 09:46:40.285,9.683778
13003,2018-01-09 09:46:40.385,9.683778
13004,2018-01-09 09:46:40.482,9.956169
13005,2018-01-09 09:46:40.582,9.956169
13006,2018-01-09 09:46:40.682,9.956169
13007,2018-01-09 09:46:40.782,9.956169
13008,2018-01-09 09:46:40.882,9.956169
13009,2018-01-09 09:46:40.982,9.956169
13010,2018-01-09 09:46:41.083,9.956169
13011,2018-01-09 09:46:41.182,9.956169
13012,2018-01-09 09:46:41.282,9.956169
13013,2018-01-09 09:46:41.382,9.956169
13014,2018-01-09 09:46:41.482,10.18779
13015,2018-01-09 09:46:41.582,10.18779
13016,2018-01-09 09:46:41.682,10.18779
13017,2018-01-09 09:46:41.782,10.18779
13018,2018-01-09 09:46:41.882,10.18779
13019,2018-01-09 09:46:41.982,10.18779
13020,2018-01-09 09:46:42.082,10.18779
13021,2018-01-09 09:46:42.182,10.18779
13022,2018-01-09 09:46:42.283,10.18779
13023,2018-01-09 09:46:42.383,10.18779
13024,2018-01-09 09:46:42.483,10.21929
13025,2018-01-09 09:46:42.583,10.21929
13026,2018-01-09 09:46:42.683,10.21929
13027,2018-01-09 09:46:42.783,10.21929
13028,2018-01-09 09:46:42.883,10.21929
13029,2018-01-09 09:46:42.983,10.21929
13030,2018-01-09 09:46:43.084,10.21929
13031,2018-01-09 09:46:43.183,10.21929
13032,2018-01-09 09:46:43.283,10.21929
13033,2018-01-09 09:46:43.383,10.21929
13034,2018-01-09 09:46:43.483,9.970993
13035,2018-01-09 09:46:43.583,9.970993
13036,2018-01-09 09:46:43.683,9.970993
13037,2018-01-09 09:46:43.783,9.970993
13038,2018-01-09 09:46:43.883,9.970993
13039,2018-01-09 09:46:43.983,9.970993
13040,2018-01-09 09:46:44.083,9.970993
13041,2018-01-09 09:46:44.183,9.970993
13042,2018-01-09 09:46:44.283,9.970993
13043,2018-01-09 09:46:44.383,9.970993
13044,2018-01-09 09:46:44.483,9.581863
13045,2018-01-09 09:46:44.583,9.581863
13046,2018-01-09 09:46:44.683,9.581863
13047,2018-01-09 09:46:44.783,9.581863
13048,2018-01-09 09:46:44.883,9.581863
13049,2018-01-09 09:46:44.983,9.581863
13050,2018-01-09 09:46:45.083,9.581863
13051,2018-01-09 09:46:45.184,9.581863
13052,2018-01-09 09:46:45.284,9.581863
13053,2018-01-09 09:46:45.384,9.581863
13054,2018-01-09 09:46:45.482,9.103789
13055,2018-01-09 09:46:45.582,9.103789
13056,2018-01-09 09:46:45.682,9.103789
13057,2018-01-09 09:46:45.782,9.103789
13058,2018-01-09 09:46:45.882,9.103789
13059,2018-01-09 09:46:45.982,9.103789
13060,2018-01-09 09:46:46.082,9.103789
13061,2018-01-09 09:46:46.182,9.103789
13062,2018-01-09 09:46:46.282,9.103789
13063,2018-01-09 09:46:46.383,9.103789
13064,2018-01-09 09:46:46.482,8.76469
13065,2018-01-09 09:46:46.582,8.76469
13066,2018-01-09 09:46:46.683,8.76469
13067,2018-01-09 09:46:46.783,8.76469
13068,2018-01-09 09:46:46.883,8.76469
13069,2018-01-09 09:46:46.983,8.76469
13070,2018-01-09 09:46:47.082,8.76469
13071,2018-01-09 09:46:47.183,8.76469
13072,2018-01-09 09:46:47.282,8.76469
13073,2018-01-09 09:46:47.382,8.76469
13074,2018-01-09 09:46:47.482,8.696128999999999
13075,2018-01-09 09:46:47.582,8.696128999999999
13076,2018-01-09 09:46:47.682,8.696128999999999
13077,2018-01-09 09:46:47.782,8.696128999999999
13078,2018-01-09 09:46:47.882,8.696128999999999
13079,2018-01-09 09:46:47.982,8.696128999999999
13080,2018-01-09 09:46:48.082,8.696128999999999
13081,2018-01-09 09:46:48.182,8.696128999999999
13082,2018-01-09 09:46:48.283,8.696128999999999
13083,2018-01-09 09:46:48.383,8.696128999999999
13084,2018-01-09 09:46:48.483,8.883282000000003
13085,2018-01-09 09:46:48.583,8.883282000000003
13086,2018-01-09 09:46:48.683,8.883282000000003
13087,2018-01-09 09:46:48.783,8.883282000000003
13088,2018-01-09 09:46:48.883,8.883282000000003
13089,2018-01-09 09:46:48.983,8.883282000000003
13090,2018-01-09 09:46:49.083,8.883282000000003
13091,2018-01-09 09:46:49.183,8.883282000000003
13092,2018-01-09 09:46:49.283,8.883282000000003
13093,2018-01-09 09:46:49.383,8.883282000000003
13094,2018-01-09 09:46:49.483,9.220528
13095,2018-01-09 09:46:49.583,9.220528
13096,2018-01-09 09:46:49.683,9.220528
13097,2018-01-09 09:46:49.783,9.220528
13098,2018-01-09 09:46:49.883,9.220528
13099,2018-01-09 09:46:49.983,9.220528
13100,2018-01-09 09:46:50.083,9.220528
13101,2018-01-09 09:46:50.183,9.220528
13102,2018-01-09 09:46:50.283,9.220528
13103,2018-01-09 09:46:50.383,9.220528
13104,2018-01-09 09:46:50.481,9.452153
13105,2018-01-09 09:46:50.581,9.452153
13106,2018-01-09 09:46:50.681,9.452153
13107,2018-01-09 09:46:50.781,9.452153
13108,2018-01-09 09:46:50.881,9.452153
13109,2018-01-09 09:46:50.982,9.452153
13110,2018-01-09 09:46:51.081,9.452153
13111,2018-01-09 09:46:51.181,9.452153
13112,2018-01-09 09:46:51.282,9.452153
13113,2018-01-09 09:46:51.382,9.452153
13114,2018-01-09 09:46:51.482,9.422505
13115,2018-01-09 09:46:51.582,9.422505
13116,2018-01-09 09:46:51.682,9.422505
13117,2018-01-09 09:46:51.782,9.422505
13118,2018-01-09 09:46:51.882,9.422505
13119,2018-01-09 09:46:51.982,9.422505
13120,2018-01-09 09:46:52.082,9.422505
13121,2018-01-09 09:46:52.182,9.422505
13122,2018-01-09 09:46:52.283,9.422505
13123,2018-01-09 09:46:52.382,9.422505
13124,2018-01-09 09:46:52.482,9.259441
13125,2018-01-09 09:46:52.582,9.259441
13126,2018-01-09 09:46:52.682,9.259441
13127,2018-01-09 09:46:52.782,9.259441
13128,2018-01-09 09:46:52.882,9.259441
13129,2018-01-09 09:46:52.982,9.259441
13130,2018-01-09 09:46:53.082,9.259441
13131,2018-01-09 09:46:53.182,9.259441
13132,2018-01-09 09:46:53.282,9.259441
13133,2018-01-09 09:46:53.382,9.259441
13134,2018-01-09 09:46:53.482,8.938872
13135,2018-01-09 09:46:53.582,8.938872
13136,2018-01-09 09:46:53.682,8.938872
13137,2018-01-09 09:46:53.782,8.938872
13138,2018-01-09 09:46:53.882,8.938872
13139,2018-01-09 09:46:53.982,8.938872
13140,2018-01-09 09:46:54.082,8.938872
13141,2018-01-09 09:46:54.183,8.938872
13142,2018-01-09 09:46:54.283,8.938872
13143,2018-01-09 09:46:54.383,8.938872
13144,2018-01-09 09:46:54.483,8.664628
13145,2018-01-09 09:46:54.583,8.664628
13146,2018-01-09 09:46:54.683,8.664628
13147,2018-01-09 09:46:54.783,8.664628
13148,2018-01-09 09:46:54.883,8.664628
13149,2018-01-09 09:46:54.984,8.664628
13150,2018-01-09 09:46:55.083,8.664628
13151,2018-01-09 09:46:55.183,8.664628
13152,2018-01-09 09:46:55.283,8.664628
13153,2018-01-09 09:46:55.383,8.664628
13154,2018-01-09 09:46:55.481,8.662775
13155,2018-01-09 09:46:55.581,8.662775
13156,2018-01-09 09:46:55.681,8.662775
13157,2018-01-09 09:46:55.781,8.662775
13158,2018-01-09 09:46:55.881,8.662775
13159,2018-01-09 09:46:55.981,8.662775
13160,2018-01-09 09:46:56.081,8.662775
13161,2018-01-09 09:46:56.181,8.662775
13162,2018-01-09 09:46:56.281,8.662775
13163,2018-01-09 09:46:56.381,8.662775
13164,2018-01-09 09:46:56.481,8.807309
13165,2018-01-09 09:46:56.582,8.807309
13166,2018-01-09 09:46:56.681,8.807309
13167,2018-01-09 09:46:56.782,8.807309
13168,2018-01-09 09:46:56.882,8.807309
13169,2018-01-09 09:46:56.981,8.807309
13170,2018-01-09 09:46:57.082,8.807309
13171,2018-01-09 09:46:57.181,8.807309
13172,2018-01-09 09:46:57.281,8.807309
13173,2018-01-09 09:46:57.382,8.807309
13174,2018-01-09 09:46:57.482,9.144555
13175,2018-01-09 09:46:57.582,9.144555
13176,2018-01-09 09:46:57.682,9.144555
13177,2018-01-09 09:46:57.782,9.144555
13178,2018-01-09 09:46:57.882,9.144555
13179,2018-01-09 09:46:57.982,9.144555
13180,2018-01-09 09:46:58.082,9.144555
13181,2018-01-09 09:46:58.182,9.144555
13182,2018-01-09 09:46:58.282,9.144555
13183,2018-01-09 09:46:58.382,9.144555
13184,2018-01-09 09:46:58.482,9.24647
13185,2018-01-09 09:46:58.583,9.24647
13186,2018-01-09 09:46:58.682,9.24647
13187,2018-01-09 09:46:58.782,9.24647
13188,2018-01-09 09:46:58.882,9.24647
13189,2018-01-09 09:46:58.983,9.24647
13190,2018-01-09 09:46:59.082,9.24647
13191,2018-01-09 09:46:59.183,9.24647
13192,2018-01-09 09:46:59.282,9.24647
13193,2018-01-09 09:46:59.382,9.24647
13194,2018-01-09 09:46:59.482,9.272412
13195,2018-01-09 09:46:59.582,9.272412
13196,2018-01-09 09:46:59.682,9.272412
13197,2018-01-09 09:46:59.782,9.272412
13198,2018-01-09 09:46:59.882,9.272412
13199,2018-01-09 09:46:59.982,9.272412
13200,2018-01-09 09:47:00.082,9.272412
13201,2018-01-09 09:47:00.182,9.272412
13202,2018-01-09 09:47:00.282,9.272412
13203,2018-01-09 09:47:00.383,9.272412
13204,2018-01-09 09:47:00.481,9.018551
13205,2018-01-09 09:47:00.581,9.018551
13206,2018-01-09 09:47:00.681,9.018551
13207,2018-01-09 09:47:00.781,9.018551
13208,2018-01-09 09:47:00.881,9.018551
13209,2018-01-09 09:47:00.981,9.018551
13210,2018-01-09 09:47:01.081,9.018551
13211,2018-01-09 09:47:01.182,9.018551
13212,2018-01-09 09:47:01.281,9.018551
13213,2018-01-09 09:47:01.381,9.018551
13214,2018-01-09 09:47:01.481,8.870311000000003
13215,2018-01-09 09:47:01.581,8.870311000000003
13216,2018-01-09 09:47:01.681,8.870311000000003
13217,2018-01-09 09:47:01.781,8.870311000000003
13218,2018-01-09 09:47:01.881,8.870311000000003
13219,2018-01-09 09:47:01.981,8.870311000000003
13220,2018-01-09 09:47:02.081,8.870311000000003
13221,2018-01-09 09:47:02.181,8.870311000000003
13222,2018-01-09 09:47:02.281,8.870311000000003
13223,2018-01-09 09:47:02.381,8.870311000000003
13224,2018-01-09 09:47:02.481,8.740601
13225,2018-01-09 09:47:02.581,8.740601
13226,2018-01-09 09:47:02.681,8.740601
13227,2018-01-09 09:47:02.781,8.740601
13228,2018-01-09 09:47:02.881,8.740601
13229,2018-01-09 09:47:02.981,8.740601
13230,2018-01-09 09:47:03.081,8.740601
13231,2018-01-09 09:47:03.181,8.740601
13232,2018-01-09 09:47:03.282,8.740601
13233,2018-01-09 09:47:03.381,8.740601
13234,2018-01-09 09:47:03.482,8.714659
13235,2018-01-09 09:47:03.582,8.714659
13236,2018-01-09 09:47:03.682,8.714659
13237,2018-01-09 09:47:03.782,8.714659
13238,2018-01-09 09:47:03.882,8.714659
13239,2018-01-09 09:47:03.982,8.714659
13240,2018-01-09 09:47:04.082,8.714659
13241,2018-01-09 09:47:04.182,8.714659
13242,2018-01-09 09:47:04.282,8.714659
13243,2018-01-09 09:47:04.382,8.714659
13244,2018-01-09 09:47:04.482,8.786926
13245,2018-01-09 09:47:04.582,8.786926
13246,2018-01-09 09:47:04.682,8.786926
13247,2018-01-09 09:47:04.782,8.786926
13248,2018-01-09 09:47:04.882,8.786926
13249,2018-01-09 09:47:04.982,8.786926
13250,2018-01-09 09:47:05.082,8.786926
13251,2018-01-09 09:47:05.183,8.786926
13252,2018-01-09 09:47:05.282,8.786926
13253,2018-01-09 09:47:05.382,8.786926
13254,2018-01-09 09:47:05.480,8.862899
13255,2018-01-09 09:47:05.580,8.862899
13256,2018-01-09 09:47:05.680,8.862899
13257,2018-01-09 09:47:05.780,8.862899
13258,2018-01-09 09:47:05.880,8.862899
13259,2018-01-09 09:47:05.981,8.862899
13260,2018-01-09 09:47:06.080,8.862899
13261,2018-01-09 09:47:06.180,8.862899
13262,2018-01-09 09:47:06.280,8.862899
13263,2018-01-09 09:47:06.381,8.862899
13264,2018-01-09 09:47:06.482,8.912930000000003
13265,2018-01-09 09:47:06.582,8.912930000000003
13266,2018-01-09 09:47:06.681,8.912930000000003
13267,2018-01-09 09:47:06.782,8.912930000000003
13268,2018-01-09 09:47:06.882,8.912930000000003
13269,2018-01-09 09:47:06.982,8.912930000000003
13270,2018-01-09 09:47:07.081,8.912930000000003
13271,2018-01-09 09:47:07.181,8.912930000000003
13272,2018-01-09 09:47:07.282,8.912930000000003
13273,2018-01-09 09:47:07.381,8.912930000000003
13274,2018-01-09 09:47:07.481,8.792485000000001
13275,2018-01-09 09:47:07.581,8.792485000000001
13276,2018-01-09 09:47:07.681,8.792485000000001
13277,2018-01-09 09:47:07.781,8.792485000000001
13278,2018-01-09 09:47:07.881,8.792485000000001
13279,2018-01-09 09:47:07.981,8.792485000000001
13280,2018-01-09 09:47:08.081,8.792485000000001
13281,2018-01-09 09:47:08.181,8.792485000000001
13282,2018-01-09 09:47:08.282,8.792485000000001
13283,2018-01-09 09:47:08.382,8.792485000000001
13284,2018-01-09 09:47:08.481,8.792485000000001
13285,2018-01-09 09:47:08.581,8.792485000000001
13286,2018-01-09 09:47:08.682,8.792485000000001
13287,2018-01-09 09:47:08.782,8.792485000000001
13288,2018-01-09 09:47:08.881,8.792485000000001
13289,2018-01-09 09:47:08.982,8.792485000000001
13290,2018-01-09 09:47:09.081,8.792485000000001
13291,2018-01-09 09:47:09.182,8.792485000000001
13292,2018-01-09 09:47:09.282,8.792485000000001
13293,2018-01-09 09:47:09.382,8.792485000000001
13294,2018-01-09 09:47:09.482,8.792485000000001
13295,2018-01-09 09:47:09.582,8.792485000000001
13296,2018-01-09 09:47:09.682,8.792485000000001
13297,2018-01-09 09:47:09.782,8.792485000000001
13298,2018-01-09 09:47:09.882,8.792485000000001
13299,2018-01-09 09:47:09.982,8.792485000000001
13300,2018-01-09 09:47:10.082,8.792485000000001
13301,2018-01-09 09:47:10.182,8.792485000000001
13302,2018-01-09 09:47:10.282,8.792485000000001
13303,2018-01-09 09:47:10.382,8.792485000000001
13304,2018-01-09 09:47:10.480,8.792485000000001
13305,2018-01-09 09:47:10.580,8.792485000000001
13306,2018-01-09 09:47:10.680,8.792485000000001
13307,2018-01-09 09:47:10.780,8.792485000000001
13308,2018-01-09 09:47:10.880,8.792485000000001
13309,2018-01-09 09:47:10.980,8.792485000000001
13310,2018-01-09 09:47:11.080,8.792485000000001
13311,2018-01-09 09:47:11.180,8.792485000000001
13312,2018-01-09 09:47:11.280,8.792485000000001
13313,2018-01-09 09:47:11.380,8.792485000000001
13314,2018-01-09 09:47:11.480,8.792485000000001
13315,2018-01-09 09:47:11.580,8.792485000000001
13316,2018-01-09 09:47:11.680,8.792485000000001
13317,2018-01-09 09:47:11.780,8.792485000000001
13318,2018-01-09 09:47:11.880,8.792485000000001
13319,2018-01-09 09:47:11.980,8.792485000000001
13320,2018-01-09 09:47:12.080,8.792485000000001
13321,2018-01-09 09:47:12.180,8.792485000000001
13322,2018-01-09 09:47:12.280,8.792485000000001
13323,2018-01-09 09:47:12.381,8.792485000000001
13324,2018-01-09 09:47:12.481,8.792485000000001
13325,2018-01-09 09:47:12.581,8.792485000000001
13326,2018-01-09 09:47:12.681,8.792485000000001
13327,2018-01-09 09:47:12.781,8.792485000000001
13328,2018-01-09 09:47:12.881,8.792485000000001
13329,2018-01-09 09:47:12.981,8.792485000000001
13330,2018-01-09 09:47:13.081,8.792485000000001
13331,2018-01-09 09:47:13.181,8.792485000000001
13332,2018-01-09 09:47:13.281,8.792485000000001
13333,2018-01-09 09:47:13.381,8.792485000000001
13334,2018-01-09 09:47:13.481,8.792485000000001
13335,2018-01-09 09:47:13.581,8.792485000000001
13336,2018-01-09 09:47:13.681,8.792485000000001
13337,2018-01-09 09:47:13.781,8.792485000000001
13338,2018-01-09 09:47:13.881,8.792485000000001
13339,2018-01-09 09:47:13.981,8.792485000000001
13340,2018-01-09 09:47:14.081,8.792485000000001
13341,2018-01-09 09:47:14.181,8.792485000000001
13342,2018-01-09 09:47:14.281,8.792485000000001
13343,2018-01-09 09:47:14.381,8.792485000000001
13344,2018-01-09 09:47:14.481,8.849928
13345,2018-01-09 09:47:14.581,8.849928
13346,2018-01-09 09:47:14.681,8.849928
13347,2018-01-09 09:47:14.781,8.849928
13348,2018-01-09 09:47:14.881,8.849928
13349,2018-01-09 09:47:14.981,8.849928
13350,2018-01-09 09:47:15.081,8.849928
13351,2018-01-09 09:47:15.181,8.849928
13352,2018-01-09 09:47:15.282,8.849928
13353,2018-01-09 09:47:15.381,8.849928
13354,2018-01-09 09:47:15.480,8.501564
13355,2018-01-09 09:47:15.580,8.501564
13356,2018-01-09 09:47:15.680,8.501564
13357,2018-01-09 09:47:15.780,8.501564
13358,2018-01-09 09:47:15.880,8.501564
13359,2018-01-09 09:47:15.980,8.501564
13360,2018-01-09 09:47:16.080,8.501564
13361,2018-01-09 09:47:16.180,8.501564
13362,2018-01-09 09:47:16.281,8.501564
13363,2018-01-09 09:47:16.380,8.501564
13364,2018-01-09 09:47:16.481,8.679452000000001
13365,2018-01-09 09:47:16.581,8.679452000000001
13366,2018-01-09 09:47:16.680,8.679452000000001
13367,2018-01-09 09:47:16.781,8.679452000000001
13368,2018-01-09 09:47:16.881,8.679452000000001
13369,2018-01-09 09:47:16.980,8.679452000000001
13370,2018-01-09 09:47:17.081,8.679452000000001
13371,2018-01-09 09:47:17.180,8.679452000000001
13372,2018-01-09 09:47:17.280,8.679452000000001
13373,2018-01-09 09:47:17.380,8.679452000000001
13374,2018-01-09 09:47:17.480,8.596067
13375,2018-01-09 09:47:17.580,8.596067
13376,2018-01-09 09:47:17.680,8.596067
13377,2018-01-09 09:47:17.780,8.596067
13378,2018-01-09 09:47:17.880,8.596067
13379,2018-01-09 09:47:17.980,8.596067
13380,2018-01-09 09:47:18.080,8.596067
13381,2018-01-09 09:47:18.180,8.596067
13382,2018-01-09 09:47:18.281,8.596067
13383,2018-01-09 09:47:18.381,8.596067
13384,2018-01-09 09:47:18.480,8.633127
13385,2018-01-09 09:47:18.581,8.633127
13386,2018-01-09 09:47:18.682,8.633127
13387,2018-01-09 09:47:18.781,8.633127
13388,2018-01-09 09:47:18.881,8.633127
13389,2018-01-09 09:47:18.981,8.633127
13390,2018-01-09 09:47:19.081,8.633127
13391,2018-01-09 09:47:19.181,8.633127
13392,2018-01-09 09:47:19.281,8.633127
13393,2018-01-09 09:47:19.381,8.633127
13394,2018-01-09 09:47:19.481,8.729483
13395,2018-01-09 09:47:19.581,8.729483
13396,2018-01-09 09:47:19.681,8.729483
13397,2018-01-09 09:47:19.781,8.729483
13398,2018-01-09 09:47:19.881,8.729483
13399,2018-01-09 09:47:19.981,8.729483
13400,2018-01-09 09:47:20.081,8.729483
13401,2018-01-09 09:47:20.181,8.729483
13402,2018-01-09 09:47:20.281,8.729483
13403,2018-01-09 09:47:20.381,8.729483
13404,2018-01-09 09:47:20.479,8.731336
13405,2018-01-09 09:47:20.579,8.731336
13406,2018-01-09 09:47:20.679,8.731336
13407,2018-01-09 09:47:20.779,8.731336
13408,2018-01-09 09:47:20.879,8.731336
13409,2018-01-09 09:47:20.979,8.731336
13410,2018-01-09 09:47:21.079,8.731336
13411,2018-01-09 09:47:21.179,8.731336
13412,2018-01-09 09:47:21.279,8.731336
13413,2018-01-09 09:47:21.380,8.731336
13414,2018-01-09 09:47:21.479,8.627568
13415,2018-01-09 09:47:21.580,8.627568
13416,2018-01-09 09:47:21.680,8.627568
13417,2018-01-09 09:47:21.780,8.627568
13418,2018-01-09 09:47:21.880,8.627568
13419,2018-01-09 09:47:21.980,8.627568
13420,2018-01-09 09:47:22.080,8.627568
13421,2018-01-09 09:47:22.180,8.627568
13422,2018-01-09 09:47:22.280,8.627568
13423,2018-01-09 09:47:22.380,8.627568
13424,2018-01-09 09:47:22.480,8.433003
13425,2018-01-09 09:47:22.580,8.433003
13426,2018-01-09 09:47:22.680,8.433003
13427,2018-01-09 09:47:22.780,8.433003
13428,2018-01-09 09:47:22.880,8.433003
13429,2018-01-09 09:47:22.980,8.433003
13430,2018-01-09 09:47:23.080,8.433003
13431,2018-01-09 09:47:23.180,8.433003
13432,2018-01-09 09:47:23.280,8.433003
13433,2018-01-09 09:47:23.380,8.433003
13434,2018-01-09 09:47:23.480,7.995694999999999
13435,2018-01-09 09:47:23.580,7.995694999999999
13436,2018-01-09 09:47:23.680,7.995694999999999
13437,2018-01-09 09:47:23.780,7.995694999999999
13438,2018-01-09 09:47:23.880,7.995694999999999
13439,2018-01-09 09:47:23.980,7.995694999999999
13440,2018-01-09 09:47:24.080,7.995694999999999
13441,2018-01-09 09:47:24.180,7.995694999999999
13442,2018-01-09 09:47:24.280,7.995694999999999
13443,2018-01-09 09:47:24.380,7.995694999999999
13444,2018-01-09 09:47:24.481,7.719597999999999
13445,2018-01-09 09:47:24.581,7.719597999999999
13446,2018-01-09 09:47:24.681,7.719597999999999
13447,2018-01-09 09:47:24.781,7.719597999999999
13448,2018-01-09 09:47:24.882,7.719597999999999
13449,2018-01-09 09:47:24.981,7.719597999999999
13450,2018-01-09 09:47:25.081,7.719597999999999
13451,2018-01-09 09:47:25.182,7.719597999999999
13452,2018-01-09 09:47:25.281,7.719597999999999
13453,2018-01-09 09:47:25.381,7.719597999999999
13454,2018-01-09 09:47:25.479,7.363822
13455,2018-01-09 09:47:25.579,7.363822
13456,2018-01-09 09:47:25.679,7.363822
13457,2018-01-09 09:47:25.779,7.363822
13458,2018-01-09 09:47:25.879,7.363822
13459,2018-01-09 09:47:25.979,7.363822
13460,2018-01-09 09:47:26.079,7.363822
13461,2018-01-09 09:47:26.179,7.363822
13462,2018-01-09 09:47:26.279,7.363822
13463,2018-01-09 09:47:26.379,7.363822
13464,2018-01-09 09:47:26.480,7.228553
13465,2018-01-09 09:47:26.579,7.228553
13466,2018-01-09 09:47:26.679,7.228553
13467,2018-01-09 09:47:26.779,7.228553
13468,2018-01-09 09:47:26.880,7.228553
13469,2018-01-09 09:47:26.980,7.228553
13470,2018-01-09 09:47:27.079,7.228553
13471,2018-01-09 09:47:27.179,7.228553
13472,2018-01-09 09:47:27.279,7.228553
13473,2018-01-09 09:47:27.379,7.228553
13474,2018-01-09 09:47:27.479,7.024723
13475,2018-01-09 09:47:27.580,7.024723
13476,2018-01-09 09:47:27.680,7.024723
13477,2018-01-09 09:47:27.780,7.024723
13478,2018-01-09 09:47:27.880,7.024723
13479,2018-01-09 09:47:27.980,7.024723
13480,2018-01-09 09:47:28.080,7.024723
13481,2018-01-09 09:47:28.180,7.024723
13482,2018-01-09 09:47:28.280,7.024723
13483,2018-01-09 09:47:28.380,7.024723
13484,2018-01-09 09:47:28.481,6.865365
13485,2018-01-09 09:47:28.580,6.865365
13486,2018-01-09 09:47:28.681,6.865365
13487,2018-01-09 09:47:28.780,6.865365
13488,2018-01-09 09:47:28.881,6.865365
13489,2018-01-09 09:47:28.980,6.865365
13490,2018-01-09 09:47:29.081,6.865365
13491,2018-01-09 09:47:29.180,6.865365
13492,2018-01-09 09:47:29.280,6.865365
13493,2018-01-09 09:47:29.380,6.865365
13494,2018-01-09 09:47:29.480,7.080313
13495,2018-01-09 09:47:29.580,7.080313
13496,2018-01-09 09:47:29.680,7.080313
13497,2018-01-09 09:47:29.780,7.080313
13498,2018-01-09 09:47:29.880,7.080313
13499,2018-01-09 09:47:29.980,7.080313
13500,2018-01-09 09:47:30.081,7.080313
13501,2018-01-09 09:47:30.180,7.080313
13502,2018-01-09 09:47:30.280,7.080313
13503,2018-01-09 09:47:30.380,7.080313
13504,2018-01-09 09:47:30.479,7.378646000000002
13505,2018-01-09 09:47:30.579,7.378646000000002
13506,2018-01-09 09:47:30.679,7.378646000000002
13507,2018-01-09 09:47:30.779,7.378646000000002
13508,2018-01-09 09:47:30.880,7.378646000000002
13509,2018-01-09 09:47:30.979,7.378646000000002
13510,2018-01-09 09:47:31.080,7.378646000000002
13511,2018-01-09 09:47:31.180,7.378646000000002
13512,2018-01-09 09:47:31.280,7.378646000000002
13513,2018-01-09 09:47:31.379,7.378646000000002
13514,2018-01-09 09:47:31.479,7.619536
13515,2018-01-09 09:47:31.579,7.619536
13516,2018-01-09 09:47:31.679,7.619536
13517,2018-01-09 09:47:31.779,7.619536
13518,2018-01-09 09:47:31.879,7.619536
13519,2018-01-09 09:47:31.979,7.619536
13520,2018-01-09 09:47:32.079,7.619536
13521,2018-01-09 09:47:32.179,7.619536
13522,2018-01-09 09:47:32.279,7.619536
13523,2018-01-09 09:47:32.379,7.619536
13524,2018-01-09 09:47:32.479,7.828925
13525,2018-01-09 09:47:32.579,7.828925
13526,2018-01-09 09:47:32.680,7.828925
13527,2018-01-09 09:47:32.779,7.828925
13528,2018-01-09 09:47:32.879,7.828925
13529,2018-01-09 09:47:32.979,7.828925
13530,2018-01-09 09:47:33.079,7.828925
13531,2018-01-09 09:47:33.180,7.828925
13532,2018-01-09 09:47:33.279,7.828925
13533,2018-01-09 09:47:33.380,7.828925
13534,2018-01-09 09:47:33.480,7.89378
13535,2018-01-09 09:47:33.580,7.89378
13536,2018-01-09 09:47:33.680,7.89378
13537,2018-01-09 09:47:33.780,7.89378
13538,2018-01-09 09:47:33.880,7.89378
13539,2018-01-09 09:47:33.980,7.89378
13540,2018-01-09 09:47:34.080,7.89378
13541,2018-01-09 09:47:34.180,7.89378
13542,2018-01-09 09:47:34.280,7.89378
13543,2018-01-09 09:47:34.380,7.89378
13544,2018-01-09 09:47:34.480,7.769628999999999
13545,2018-01-09 09:47:34.580,7.769628999999999
13546,2018-01-09 09:47:34.681,7.769628999999999
13547,2018-01-09 09:47:34.781,7.769628999999999
13548,2018-01-09 09:47:34.880,7.769628999999999
13549,2018-01-09 09:47:34.980,7.769628999999999
13550,2018-01-09 09:47:35.080,7.769628999999999
13551,2018-01-09 09:47:35.180,7.769628999999999
13552,2018-01-09 09:47:35.281,7.769628999999999
13553,2018-01-09 09:47:35.381,7.769628999999999
13554,2018-01-09 09:47:35.478,7.769628999999999
13555,2018-01-09 09:47:35.578,7.769628999999999
13556,2018-01-09 09:47:35.678,7.769628999999999
13557,2018-01-09 09:47:35.778,7.769628999999999
13558,2018-01-09 09:47:35.878,7.769628999999999
13559,2018-01-09 09:47:35.978,7.769628999999999
13560,2018-01-09 09:47:36.078,7.769628999999999
13561,2018-01-09 09:47:36.178,7.769628999999999
13562,2018-01-09 09:47:36.278,7.769628999999999
13563,2018-01-09 09:47:36.379,7.769628999999999
13564,2018-01-09 09:47:36.478,7.769628999999999
13565,2018-01-09 09:47:36.579,7.769628999999999
13566,2018-01-09 09:47:36.679,7.769628999999999
13567,2018-01-09 09:47:36.779,7.769628999999999
13568,2018-01-09 09:47:36.879,7.769628999999999
13569,2018-01-09 09:47:36.980,7.769628999999999
13570,2018-01-09 09:47:37.079,7.769628999999999
13571,2018-01-09 09:47:37.179,7.769628999999999
13572,2018-01-09 09:47:37.279,7.769628999999999
13573,2018-01-09 09:47:37.380,7.769628999999999
13574,2018-01-09 09:47:37.479,7.769628999999999
13575,2018-01-09 09:47:37.579,7.769628999999999
13576,2018-01-09 09:47:37.679,7.769628999999999
13577,2018-01-09 09:47:37.779,7.769628999999999
13578,2018-01-09 09:47:37.879,7.769628999999999
13579,2018-01-09 09:47:37.979,7.769628999999999
13580,2018-01-09 09:47:38.079,7.769628999999999
13581,2018-01-09 09:47:38.179,7.769628999999999
13582,2018-01-09 09:47:38.279,7.769628999999999
13583,2018-01-09 09:47:38.379,7.769628999999999
13584,2018-01-09 09:47:38.479,7.769628999999999
13585,2018-01-09 09:47:38.580,7.769628999999999
13586,2018-01-09 09:47:38.680,7.769628999999999
13587,2018-01-09 09:47:38.779,7.769628999999999
13588,2018-01-09 09:47:38.880,7.769628999999999
13589,2018-01-09 09:47:38.979,7.769628999999999
13590,2018-01-09 09:47:39.079,7.769628999999999
13591,2018-01-09 09:47:39.179,7.769628999999999
13592,2018-01-09 09:47:39.279,7.769628999999999
13593,2018-01-09 09:47:39.380,7.769628999999999
13594,2018-01-09 09:47:39.480,7.769628999999999
13595,2018-01-09 09:47:39.580,7.769628999999999
13596,2018-01-09 09:47:39.680,7.769628999999999
13597,2018-01-09 09:47:39.780,7.769628999999999
13598,2018-01-09 09:47:39.880,7.769628999999999
13599,2018-01-09 09:47:39.980,7.769628999999999
13600,2018-01-09 09:47:40.080,7.769628999999999
13601,2018-01-09 09:47:40.180,7.769628999999999
13602,2018-01-09 09:47:40.280,7.769628999999999
13603,2018-01-09 09:47:40.380,7.769628999999999
13604,2018-01-09 09:47:40.477,7.769628999999999
13605,2018-01-09 09:47:40.577,7.769628999999999
13606,2018-01-09 09:47:40.677,7.769628999999999
13607,2018-01-09 09:47:40.778,7.769628999999999
13608,2018-01-09 09:47:40.877,7.769628999999999
13609,2018-01-09 09:47:40.978,7.769628999999999
13610,2018-01-09 09:47:41.077,7.769628999999999
13611,2018-01-09 09:47:41.178,7.769628999999999
13612,2018-01-09 09:47:41.278,7.769628999999999
13613,2018-01-09 09:47:41.377,7.769628999999999
13614,2018-01-09 09:47:41.477,7.769628999999999
13615,2018-01-09 09:47:41.577,7.769628999999999
13616,2018-01-09 09:47:41.677,7.769628999999999
13617,2018-01-09 09:47:41.777,7.769628999999999
13618,2018-01-09 09:47:41.877,7.769628999999999
13619,2018-01-09 09:47:41.977,7.769628999999999
13620,2018-01-09 09:47:42.077,7.769628999999999
13621,2018-01-09 09:47:42.177,7.769628999999999
13622,2018-01-09 09:47:42.277,7.769628999999999
13623,2018-01-09 09:47:42.377,7.769628999999999
13624,2018-01-09 09:47:42.478,7.769628999999999
13625,2018-01-09 09:47:42.577,7.769628999999999
13626,2018-01-09 09:47:42.678,7.769628999999999
13627,2018-01-09 09:47:42.778,7.769628999999999
13628,2018-01-09 09:47:42.878,7.769628999999999
13629,2018-01-09 09:47:42.978,7.769628999999999
13630,2018-01-09 09:47:43.078,7.769628999999999
13631,2018-01-09 09:47:43.178,7.769628999999999
13632,2018-01-09 09:47:43.279,7.769628999999999
13633,2018-01-09 09:47:43.378,7.769628999999999
13634,2018-01-09 09:47:43.478,7.769628999999999
13635,2018-01-09 09:47:43.578,7.769628999999999
13636,2018-01-09 09:47:43.678,7.769628999999999
13637,2018-01-09 09:47:43.778,7.769628999999999
13638,2018-01-09 09:47:43.878,7.769628999999999
13639,2018-01-09 09:47:43.978,7.769628999999999
13640,2018-01-09 09:47:44.078,7.769628999999999
13641,2018-01-09 09:47:44.178,7.769628999999999
13642,2018-01-09 09:47:44.278,7.769628999999999
13643,2018-01-09 09:47:44.378,7.769628999999999
13644,2018-01-09 09:47:44.478,7.769628999999999
13645,2018-01-09 09:47:44.578,7.769628999999999
13646,2018-01-09 09:47:44.679,7.769628999999999
13647,2018-01-09 09:47:44.778,7.769628999999999
13648,2018-01-09 09:47:44.878,7.769628999999999
13649,2018-01-09 09:47:44.979,7.769628999999999
13650,2018-01-09 09:47:45.078,7.769628999999999
13651,2018-01-09 09:47:45.178,7.769628999999999
13652,2018-01-09 09:47:45.279,7.769628999999999
13653,2018-01-09 09:47:45.378,7.769628999999999
13654,2018-01-09 09:47:45.476,7.769628999999999
13655,2018-01-09 09:47:45.577,7.769628999999999
13656,2018-01-09 09:47:45.676,7.769628999999999
13657,2018-01-09 09:47:45.777,7.769628999999999
13658,2018-01-09 09:47:45.877,7.769628999999999
13659,2018-01-09 09:47:45.977,7.769628999999999
13660,2018-01-09 09:47:46.077,7.769628999999999
13661,2018-01-09 09:47:46.177,7.769628999999999
13662,2018-01-09 09:47:46.277,7.769628999999999
13663,2018-01-09 09:47:46.377,7.769628999999999
13664,2018-01-09 09:47:46.477,7.769628999999999
13665,2018-01-09 09:47:46.577,7.769628999999999
13666,2018-01-09 09:47:46.677,7.769628999999999
13667,2018-01-09 09:47:46.777,7.769628999999999
13668,2018-01-09 09:47:46.877,7.769628999999999
13669,2018-01-09 09:47:46.977,7.769628999999999
13670,2018-01-09 09:47:47.077,7.769628999999999
13671,2018-01-09 09:47:47.177,7.769628999999999
13672,2018-01-09 09:47:47.277,7.769628999999999
13673,2018-01-09 09:47:47.377,7.769628999999999
13674,2018-01-09 09:47:47.477,7.769628999999999
13675,2018-01-09 09:47:47.577,7.769628999999999
13676,2018-01-09 09:47:47.677,7.769628999999999
13677,2018-01-09 09:47:47.777,7.769628999999999
13678,2018-01-09 09:47:47.877,7.769628999999999
13679,2018-01-09 09:47:47.977,7.769628999999999
13680,2018-01-09 09:47:48.077,7.769628999999999
13681,2018-01-09 09:47:48.177,7.769628999999999
13682,2018-01-09 09:47:48.277,7.769628999999999
13683,2018-01-09 09:47:48.377,7.769628999999999
13684,2018-01-09 09:47:48.477,7.769628999999999
13685,2018-01-09 09:47:48.577,7.769628999999999
13686,2018-01-09 09:47:48.679,7.769628999999999
13687,2018-01-09 09:47:48.778,7.769628999999999
13688,2018-01-09 09:47:48.878,7.769628999999999
13689,2018-01-09 09:47:48.978,7.769628999999999
13690,2018-01-09 09:47:49.078,7.769628999999999
13691,2018-01-09 09:47:49.178,7.769628999999999
13692,2018-01-09 09:47:49.278,7.769628999999999
13693,2018-01-09 09:47:49.378,7.769628999999999
13694,2018-01-09 09:47:49.478,7.769628999999999
13695,2018-01-09 09:47:49.578,7.769628999999999
13696,2018-01-09 09:47:49.678,7.769628999999999
13697,2018-01-09 09:47:49.778,7.769628999999999
13698,2018-01-09 09:47:49.878,7.769628999999999
13699,2018-01-09 09:47:49.978,7.769628999999999
13700,2018-01-09 09:47:50.078,7.769628999999999
13701,2018-01-09 09:47:50.178,7.769628999999999
13702,2018-01-09 09:47:50.278,7.769628999999999
13703,2018-01-09 09:47:50.378,7.769628999999999
13704,2018-01-09 09:47:50.476,7.20817
13705,2018-01-09 09:47:50.576,7.20817
13706,2018-01-09 09:47:50.676,7.20817
13707,2018-01-09 09:47:50.776,7.20817
13708,2018-01-09 09:47:50.876,7.20817
13709,2018-01-09 09:47:50.976,7.20817
13710,2018-01-09 09:47:51.077,7.20817
13711,2018-01-09 09:47:51.177,7.20817
13712,2018-01-09 09:47:51.276,7.20817
13713,2018-01-09 09:47:51.377,7.20817
13714,2018-01-09 09:47:51.477,7.7881589999999985
13715,2018-01-09 09:47:51.576,7.7881589999999985
13716,2018-01-09 09:47:51.677,7.7881589999999985
13717,2018-01-09 09:47:51.777,7.7881589999999985
13718,2018-01-09 09:47:51.877,7.7881589999999985
13719,2018-01-09 09:47:51.977,7.7881589999999985
13720,2018-01-09 09:47:52.077,7.7881589999999985
13721,2018-01-09 09:47:52.177,7.7881589999999985
13722,2018-01-09 09:47:52.277,7.7881589999999985
13723,2018-01-09 09:47:52.377,7.7881589999999985
13724,2018-01-09 09:47:52.477,8.462651
13725,2018-01-09 09:47:52.577,8.462651
13726,2018-01-09 09:47:52.677,8.462651
13727,2018-01-09 09:47:52.777,8.462651
13728,2018-01-09 09:47:52.878,8.462651
13729,2018-01-09 09:47:52.977,8.462651
13730,2018-01-09 09:47:53.077,8.462651
13731,2018-01-09 09:47:53.177,8.462651
13732,2018-01-09 09:47:53.277,8.462651
13733,2018-01-09 09:47:53.378,8.462651
13734,2018-01-09 09:47:53.477,8.462651
13735,2018-01-09 09:47:53.577,8.462651
13736,2018-01-09 09:47:53.677,8.462651
13737,2018-01-09 09:47:53.777,8.462651
13738,2018-01-09 09:47:53.877,8.462651
13739,2018-01-09 09:47:53.977,8.462651
13740,2018-01-09 09:47:54.077,8.462651
13741,2018-01-09 09:47:54.177,8.462651
13742,2018-01-09 09:47:54.277,8.462651
13743,2018-01-09 09:47:54.377,8.462651
13744,2018-01-09 09:47:54.477,8.462651
13745,2018-01-09 09:47:54.578,8.462651
13746,2018-01-09 09:47:54.679,8.462651
13747,2018-01-09 09:47:54.779,8.462651
13748,2018-01-09 09:47:54.878,8.462651
13749,2018-01-09 09:47:54.978,8.462651
13750,2018-01-09 09:47:55.078,8.462651
13751,2018-01-09 09:47:55.178,8.462651
13752,2018-01-09 09:47:55.278,8.462651
13753,2018-01-09 09:47:55.379,8.462651
13754,2018-01-09 09:47:55.476,8.462651
13755,2018-01-09 09:47:55.576,8.462651
13756,2018-01-09 09:47:55.676,8.462651
13757,2018-01-09 09:47:55.776,8.462651
13758,2018-01-09 09:47:55.876,8.462651
13759,2018-01-09 09:47:55.976,8.462651
13760,2018-01-09 09:47:56.076,8.462651
13761,2018-01-09 09:47:56.176,8.462651
13762,2018-01-09 09:47:56.276,8.462651
13763,2018-01-09 09:47:56.376,8.462651
13764,2018-01-09 09:47:56.476,8.462651
13765,2018-01-09 09:47:56.576,8.462651
13766,2018-01-09 09:47:56.676,8.462651
13767,2018-01-09 09:47:56.776,8.462651
13768,2018-01-09 09:47:56.877,8.462651
13769,2018-01-09 09:47:56.977,8.462651
13770,2018-01-09 09:47:57.077,8.462651
13771,2018-01-09 09:47:57.177,8.462651
13772,2018-01-09 09:47:57.276,8.462651
13773,2018-01-09 09:47:57.377,8.462651
13774,2018-01-09 09:47:57.476,8.462651
13775,2018-01-09 09:47:57.576,8.462651
13776,2018-01-09 09:47:57.677,8.462651
13777,2018-01-09 09:47:57.777,8.462651
13778,2018-01-09 09:47:57.877,8.462651
13779,2018-01-09 09:47:57.977,8.462651
13780,2018-01-09 09:47:58.077,8.462651
13781,2018-01-09 09:47:58.177,8.462651
13782,2018-01-09 09:47:58.277,8.462651
13783,2018-01-09 09:47:58.377,8.462651
13784,2018-01-09 09:47:58.477,8.462651
13785,2018-01-09 09:47:58.577,8.462651
13786,2018-01-09 09:47:58.677,8.462651
13787,2018-01-09 09:47:58.777,8.462651
13788,2018-01-09 09:47:58.878,8.462651
13789,2018-01-09 09:47:58.978,8.462651
13790,2018-01-09 09:47:59.077,8.462651
13791,2018-01-09 09:47:59.177,8.462651
13792,2018-01-09 09:47:59.278,8.462651
13793,2018-01-09 09:47:59.377,8.462651
13794,2018-01-09 09:47:59.478,8.462651
13795,2018-01-09 09:47:59.577,8.462651
13796,2018-01-09 09:47:59.677,8.462651
13797,2018-01-09 09:47:59.777,8.462651
13798,2018-01-09 09:47:59.877,8.462651
13799,2018-01-09 09:47:59.977,8.462651
13800,2018-01-09 09:48:00.077,8.462651
13801,2018-01-09 09:48:00.177,8.462651
13802,2018-01-09 09:48:00.277,8.462651
13803,2018-01-09 09:48:00.377,8.462651
13804,2018-01-09 09:48:00.475,8.462651
13805,2018-01-09 09:48:00.575,8.462651
13806,2018-01-09 09:48:00.676,8.462651
13807,2018-01-09 09:48:00.777,8.462651
13808,2018-01-09 09:48:00.876,8.462651
13809,2018-01-09 09:48:00.977,8.462651
13810,2018-01-09 09:48:01.077,8.462651
13811,2018-01-09 09:48:01.176,8.462651
13812,2018-01-09 09:48:01.277,8.462651
13813,2018-01-09 09:48:01.376,8.462651
13814,2018-01-09 09:48:01.477,8.462651
13815,2018-01-09 09:48:01.576,8.462651
13816,2018-01-09 09:48:01.676,8.462651
13817,2018-01-09 09:48:01.776,8.462651
13818,2018-01-09 09:48:01.876,8.462651
13819,2018-01-09 09:48:01.976,8.462651
13820,2018-01-09 09:48:02.076,8.462651
13821,2018-01-09 09:48:02.176,8.462651
13822,2018-01-09 09:48:02.276,8.462651
13823,2018-01-09 09:48:02.376,8.462651
13824,2018-01-09 09:48:02.476,10.02102
13825,2018-01-09 09:48:02.576,10.02102
13826,2018-01-09 09:48:02.677,10.02102
13827,2018-01-09 09:48:02.776,10.02102
13828,2018-01-09 09:48:02.876,10.02102
13829,2018-01-09 09:48:02.976,10.02102
13830,2018-01-09 09:48:03.076,10.02102
13831,2018-01-09 09:48:03.177,10.02102
13832,2018-01-09 09:48:03.276,10.02102
13833,2018-01-09 09:48:03.376,10.02102
13834,2018-01-09 09:48:03.477,9.179762
13835,2018-01-09 09:48:03.576,9.179762
13836,2018-01-09 09:48:03.677,9.179762
13837,2018-01-09 09:48:03.777,9.179762
13838,2018-01-09 09:48:03.877,9.179762
13839,2018-01-09 09:48:03.977,9.179762
13840,2018-01-09 09:48:04.077,9.179762
13841,2018-01-09 09:48:04.177,9.179762
13842,2018-01-09 09:48:04.277,9.179762
13843,2018-01-09 09:48:04.377,9.179762
13844,2018-01-09 09:48:04.477,9.370621
13845,2018-01-09 09:48:04.577,9.370621
13846,2018-01-09 09:48:04.677,9.370621
13847,2018-01-09 09:48:04.778,9.370621
13848,2018-01-09 09:48:04.877,9.370621
13849,2018-01-09 09:48:04.977,9.370621
13850,2018-01-09 09:48:05.078,9.370621
13851,2018-01-09 09:48:05.177,9.370621
13852,2018-01-09 09:48:05.278,9.370621
13853,2018-01-09 09:48:05.378,9.370621
13854,2018-01-09 09:48:05.475,9.615217
13855,2018-01-09 09:48:05.575,9.615217
13856,2018-01-09 09:48:05.675,9.615217
13857,2018-01-09 09:48:05.775,9.615217
13858,2018-01-09 09:48:05.875,9.615217
13859,2018-01-09 09:48:05.975,9.615217
13860,2018-01-09 09:48:06.075,9.615217
13861,2018-01-09 09:48:06.175,9.615217
13862,2018-01-09 09:48:06.275,9.615217
13863,2018-01-09 09:48:06.375,9.615217
13864,2018-01-09 09:48:06.475,9.685631
13865,2018-01-09 09:48:06.575,9.685631
13866,2018-01-09 09:48:06.675,9.685631
13867,2018-01-09 09:48:06.776,9.685631
13868,2018-01-09 09:48:06.876,9.685631
13869,2018-01-09 09:48:06.976,9.685631
13870,2018-01-09 09:48:07.076,9.685631
13871,2018-01-09 09:48:07.176,9.685631
13872,2018-01-09 09:48:07.276,9.685631
13873,2018-01-09 09:48:07.376,9.685631
13874,2018-01-09 09:48:07.476,9.972846
13875,2018-01-09 09:48:07.576,9.972846
13876,2018-01-09 09:48:07.676,9.972846
13877,2018-01-09 09:48:07.776,9.972846
13878,2018-01-09 09:48:07.876,9.972846
13879,2018-01-09 09:48:07.976,9.972846
13880,2018-01-09 09:48:08.076,9.972846
13881,2018-01-09 09:48:08.176,9.972846
13882,2018-01-09 09:48:08.276,9.972846
13883,2018-01-09 09:48:08.376,9.972846
13884,2018-01-09 09:48:08.476,8.959255
13885,2018-01-09 09:48:08.576,8.959255
13886,2018-01-09 09:48:08.676,8.959255
13887,2018-01-09 09:48:08.776,8.959255
13888,2018-01-09 09:48:08.876,8.959255
13889,2018-01-09 09:48:08.976,8.959255
13890,2018-01-09 09:48:09.076,8.959255
13891,2018-01-09 09:48:09.176,8.959255
13892,2018-01-09 09:48:09.276,8.959255
13893,2018-01-09 09:48:09.377,8.959255
13894,2018-01-09 09:48:09.476,8.885135
13895,2018-01-09 09:48:09.576,8.885135
13896,2018-01-09 09:48:09.676,8.885135
13897,2018-01-09 09:48:09.777,8.885135
13898,2018-01-09 09:48:09.877,8.885135
13899,2018-01-09 09:48:09.977,8.885135
13900,2018-01-09 09:48:10.077,8.885135
13901,2018-01-09 09:48:10.177,8.885135
13902,2018-01-09 09:48:10.277,8.885135
13903,2018-01-09 09:48:10.377,8.885135
13904,2018-01-09 09:48:10.475,8.7091
13905,2018-01-09 09:48:10.575,8.7091
13906,2018-01-09 09:48:10.675,8.7091
13907,2018-01-09 09:48:10.775,8.7091
13908,2018-01-09 09:48:10.876,8.7091
13909,2018-01-09 09:48:10.976,8.7091
13910,2018-01-09 09:48:11.075,8.7091
13911,2018-01-09 09:48:11.176,8.7091
13912,2018-01-09 09:48:11.276,8.7091
13913,2018-01-09 09:48:11.376,8.7091
13914,2018-01-09 09:48:11.475,7.686244
13915,2018-01-09 09:48:11.576,7.686244
13916,2018-01-09 09:48:11.675,7.686244
13917,2018-01-09 09:48:11.775,7.686244
13918,2018-01-09 09:48:11.875,7.686244
13919,2018-01-09 09:48:11.975,7.686244
13920,2018-01-09 09:48:12.075,7.686244
13921,2018-01-09 09:48:12.175,7.686244
13922,2018-01-09 09:48:12.275,7.686244
13923,2018-01-09 09:48:12.375,7.686244
13924,2018-01-09 09:48:12.475,7.686244
13925,2018-01-09 09:48:12.576,7.686244
13926,2018-01-09 09:48:12.675,7.686244
13927,2018-01-09 09:48:12.775,7.686244
13928,2018-01-09 09:48:12.877,7.686244
13929,2018-01-09 09:48:12.977,7.686244
13930,2018-01-09 09:48:13.077,7.686244
13931,2018-01-09 09:48:13.177,7.686244
13932,2018-01-09 09:48:13.277,7.686244
13933,2018-01-09 09:48:13.377,7.686244
13934,2018-01-09 09:48:13.476,7.686244
13935,2018-01-09 09:48:13.576,7.686244
13936,2018-01-09 09:48:13.676,7.686244
13937,2018-01-09 09:48:13.776,7.686244
13938,2018-01-09 09:48:13.876,7.686244
13939,2018-01-09 09:48:13.976,7.686244
13940,2018-01-09 09:48:14.076,7.686244
13941,2018-01-09 09:48:14.176,7.686244
13942,2018-01-09 09:48:14.276,7.686244
13943,2018-01-09 09:48:14.376,7.686244
13944,2018-01-09 09:48:14.476,7.686244
13945,2018-01-09 09:48:14.576,7.686244
13946,2018-01-09 09:48:14.676,7.686244
13947,2018-01-09 09:48:14.777,7.686244
13948,2018-01-09 09:48:14.876,7.686244
13949,2018-01-09 09:48:14.976,7.686244
13950,2018-01-09 09:48:15.076,7.686244
13951,2018-01-09 09:48:15.176,7.686244
13952,2018-01-09 09:48:15.277,7.686244
13953,2018-01-09 09:48:15.377,7.686244
13954,2018-01-09 09:48:15.474,7.686244
13955,2018-01-09 09:48:15.574,7.686244
13956,2018-01-09 09:48:15.674,7.686244
13957,2018-01-09 09:48:15.775,7.686244
13958,2018-01-09 09:48:15.875,7.686244
13959,2018-01-09 09:48:15.975,7.686244
13960,2018-01-09 09:48:16.075,7.686244
13961,2018-01-09 09:48:16.175,7.686244
13962,2018-01-09 09:48:16.275,7.686244
13963,2018-01-09 09:48:16.375,7.686244
13964,2018-01-09 09:48:16.475,10.3175
13965,2018-01-09 09:48:16.575,10.3175
13966,2018-01-09 09:48:16.675,10.3175
13967,2018-01-09 09:48:16.775,10.3175
13968,2018-01-09 09:48:16.875,10.3175
13969,2018-01-09 09:48:16.975,10.3175
13970,2018-01-09 09:48:17.075,10.3175
13971,2018-01-09 09:48:17.175,10.3175
13972,2018-01-09 09:48:17.275,10.3175
13973,2018-01-09 09:48:17.375,10.3175
13974,2018-01-09 09:48:17.476,10.24894
13975,2018-01-09 09:48:17.575,10.24894
13976,2018-01-09 09:48:17.675,10.24894
13977,2018-01-09 09:48:17.775,10.24894
13978,2018-01-09 09:48:17.875,10.24894
13979,2018-01-09 09:48:17.975,10.24894
13980,2018-01-09 09:48:18.075,10.24894
13981,2018-01-09 09:48:18.175,10.24894
13982,2018-01-09 09:48:18.275,10.24894
13983,2018-01-09 09:48:18.375,10.24894
13984,2018-01-09 09:48:18.475,10.57878
13985,2018-01-09 09:48:18.575,10.57878
13986,2018-01-09 09:48:18.675,10.57878
13987,2018-01-09 09:48:18.775,10.57878
13988,2018-01-09 09:48:18.875,10.57878
13989,2018-01-09 09:48:18.976,10.57878
13990,2018-01-09 09:48:19.076,10.57878
13991,2018-01-09 09:48:19.176,10.57878
13992,2018-01-09 09:48:19.276,10.57878
13993,2018-01-09 09:48:19.376,10.57878
13994,2018-01-09 09:48:19.476,10.0062
13995,2018-01-09 09:48:19.576,10.0062
13996,2018-01-09 09:48:19.676,10.0062
13997,2018-01-09 09:48:19.776,10.0062
13998,2018-01-09 09:48:19.876,10.0062
13999,2018-01-09 09:48:19.976,10.0062
14000,2018-01-09 09:48:20.076,10.0062
14001,2018-01-09 09:48:20.176,10.0062
14002,2018-01-09 09:48:20.276,10.0062
14003,2018-01-09 09:48:20.376,10.0062
14004,2018-01-09 09:48:20.474,10.50466
14005,2018-01-09 09:48:20.574,10.50466
14006,2018-01-09 09:48:20.674,10.50466
14007,2018-01-09 09:48:20.774,10.50466
14008,2018-01-09 09:48:20.874,10.50466
14009,2018-01-09 09:48:20.974,10.50466
14010,2018-01-09 09:48:21.074,10.50466
14011,2018-01-09 09:48:21.174,10.50466
14012,2018-01-09 09:48:21.274,10.50466
14013,2018-01-09 09:48:21.374,10.50466
14014,2018-01-09 09:48:21.475,9.974699
14015,2018-01-09 09:48:21.574,9.974699
14016,2018-01-09 09:48:21.674,9.974699
14017,2018-01-09 09:48:21.775,9.974699
14018,2018-01-09 09:48:21.875,9.974699
14019,2018-01-09 09:48:21.975,9.974699
14020,2018-01-09 09:48:22.075,9.974699
14021,2018-01-09 09:48:22.175,9.974699
14022,2018-01-09 09:48:22.275,9.974699
14023,2018-01-09 09:48:22.375,9.974699
14024,2018-01-09 09:48:22.475,9.967287
14025,2018-01-09 09:48:22.575,9.967287
14026,2018-01-09 09:48:22.675,9.967287
14027,2018-01-09 09:48:22.776,9.967287
14028,2018-01-09 09:48:22.875,9.967287
14029,2018-01-09 09:48:22.975,9.967287
14030,2018-01-09 09:48:23.075,9.967287
14031,2018-01-09 09:48:23.175,9.967287
14032,2018-01-09 09:48:23.275,9.967287
14033,2018-01-09 09:48:23.375,9.967287
14034,2018-01-09 09:48:23.476,9.794958
14035,2018-01-09 09:48:23.575,9.794958
14036,2018-01-09 09:48:23.675,9.794958
14037,2018-01-09 09:48:23.775,9.794958
14038,2018-01-09 09:48:23.875,9.794958
14039,2018-01-09 09:48:23.975,9.794958
14040,2018-01-09 09:48:24.075,9.794958
14041,2018-01-09 09:48:24.175,9.794958
14042,2018-01-09 09:48:24.275,9.794958
14043,2018-01-09 09:48:24.375,9.794958
14044,2018-01-09 09:48:24.475,9.581863
14045,2018-01-09 09:48:24.575,9.581863
14046,2018-01-09 09:48:24.675,9.581863
14047,2018-01-09 09:48:24.777,9.581863
14048,2018-01-09 09:48:24.876,9.581863
14049,2018-01-09 09:48:24.977,9.581863
14050,2018-01-09 09:48:25.076,9.581863
14051,2018-01-09 09:48:25.176,9.581863
14052,2018-01-09 09:48:25.276,9.581863
14053,2018-01-09 09:48:25.376,9.581863
14054,2018-01-09 09:48:25.474,9.565186
14055,2018-01-09 09:48:25.574,9.565186
14056,2018-01-09 09:48:25.674,9.565186
14057,2018-01-09 09:48:25.774,9.565186
14058,2018-01-09 09:48:25.874,9.565186
14059,2018-01-09 09:48:25.974,9.565186
14060,2018-01-09 09:48:26.074,9.565186
14061,2018-01-09 09:48:26.174,9.565186
14062,2018-01-09 09:48:26.274,9.565186
14063,2018-01-09 09:48:26.374,9.565186
14064,2018-01-09 09:48:26.474,9.863519
14065,2018-01-09 09:48:26.574,9.863519
14066,2018-01-09 09:48:26.674,9.863519
14067,2018-01-09 09:48:26.774,9.863519
14068,2018-01-09 09:48:26.874,9.863519
14069,2018-01-09 09:48:26.974,9.863519
14070,2018-01-09 09:48:27.074,9.863519
14071,2018-01-09 09:48:27.174,9.863519
14072,2018-01-09 09:48:27.274,9.863519
14073,2018-01-09 09:48:27.374,9.863519
14074,2018-01-09 09:48:27.474,9.926521
14075,2018-01-09 09:48:27.574,9.926521
14076,2018-01-09 09:48:27.675,9.926521
14077,2018-01-09 09:48:27.774,9.926521
14078,2018-01-09 09:48:27.875,9.926521
14079,2018-01-09 09:48:27.975,9.926521
14080,2018-01-09 09:48:28.075,9.926521
14081,2018-01-09 09:48:28.175,9.926521
14082,2018-01-09 09:48:28.275,9.926521
14083,2018-01-09 09:48:28.375,9.926521
14084,2018-01-09 09:48:28.475,10.00249
14085,2018-01-09 09:48:28.575,10.00249
14086,2018-01-09 09:48:28.675,10.00249
14087,2018-01-09 09:48:28.775,10.00249
14088,2018-01-09 09:48:28.875,10.00249
14089,2018-01-09 09:48:28.975,10.00249
14090,2018-01-09 09:48:29.075,10.00249
14091,2018-01-09 09:48:29.175,10.00249
14092,2018-01-09 09:48:29.275,10.00249
14093,2018-01-09 09:48:29.375,10.00249
14094,2018-01-09 09:48:29.475,9.789399
14095,2018-01-09 09:48:29.575,9.789399
14096,2018-01-09 09:48:29.675,9.789399
14097,2018-01-09 09:48:29.775,9.789399
14098,2018-01-09 09:48:29.875,9.789399
14099,2018-01-09 09:48:29.975,9.789399
14100,2018-01-09 09:48:30.075,9.789399
14101,2018-01-09 09:48:30.175,9.789399
14102,2018-01-09 09:48:30.275,9.789399
14103,2018-01-09 09:48:30.375,9.789399
14104,2018-01-09 09:48:30.473,9.683778
14105,2018-01-09 09:48:30.573,9.683778
14106,2018-01-09 09:48:30.673,9.683778
14107,2018-01-09 09:48:30.774,9.683778
14108,2018-01-09 09:48:30.874,9.683778
14109,2018-01-09 09:48:30.974,9.683778
14110,2018-01-09 09:48:31.075,9.683778
14111,2018-01-09 09:48:31.174,9.683778
14112,2018-01-09 09:48:31.274,9.683778
14113,2018-01-09 09:48:31.374,9.683778
14114,2018-01-09 09:48:31.475,9.565186
14115,2018-01-09 09:48:31.574,9.565186
14116,2018-01-09 09:48:31.674,9.565186
14117,2018-01-09 09:48:31.774,9.565186
14118,2018-01-09 09:48:31.874,9.565186
14119,2018-01-09 09:48:31.974,9.565186
14120,2018-01-09 09:48:32.074,9.565186
14121,2018-01-09 09:48:32.174,9.565186
14122,2018-01-09 09:48:32.274,9.565186
14123,2018-01-09 09:48:32.374,9.565186
14124,2018-01-09 09:48:32.474,9.587422
14125,2018-01-09 09:48:32.574,9.587422
14126,2018-01-09 09:48:32.674,9.587422
14127,2018-01-09 09:48:32.774,9.587422
14128,2018-01-09 09:48:32.874,9.587422
14129,2018-01-09 09:48:32.975,9.587422
14130,2018-01-09 09:48:33.074,9.587422
14131,2018-01-09 09:48:33.174,9.587422
14132,2018-01-09 09:48:33.274,9.587422
14133,2018-01-09 09:48:33.374,9.587422
14134,2018-01-09 09:48:33.474,9.674513
14135,2018-01-09 09:48:33.574,9.674513
14136,2018-01-09 09:48:33.674,9.674513
14137,2018-01-09 09:48:33.774,9.674513
14138,2018-01-09 09:48:33.875,9.674513
14139,2018-01-09 09:48:33.975,9.674513
14140,2018-01-09 09:48:34.075,9.674513
14141,2018-01-09 09:48:34.176,9.674513
14142,2018-01-09 09:48:34.275,9.674513
14143,2018-01-09 09:48:34.375,9.674513
14144,2018-01-09 09:48:34.475,9.807929
14145,2018-01-09 09:48:34.575,9.807929
14146,2018-01-09 09:48:34.675,9.807929
14147,2018-01-09 09:48:34.776,9.807929
14148,2018-01-09 09:48:34.875,9.807929
14149,2018-01-09 09:48:34.975,9.807929
14150,2018-01-09 09:48:35.075,9.807929
14151,2018-01-09 09:48:35.175,9.807929
14152,2018-01-09 09:48:35.275,9.807929
14153,2018-01-09 09:48:35.375,9.807929
14154,2018-01-09 09:48:35.473,10.00805
14155,2018-01-09 09:48:35.573,10.00805
14156,2018-01-09 09:48:35.673,10.00805
14157,2018-01-09 09:48:35.773,10.00805
14158,2018-01-09 09:48:35.873,10.00805
14159,2018-01-09 09:48:35.973,10.00805
14160,2018-01-09 09:48:36.073,10.00805
14161,2018-01-09 09:48:36.173,10.00805
14162,2018-01-09 09:48:36.273,10.00805
14163,2018-01-09 09:48:36.373,10.00805
14164,2018-01-09 09:48:36.473,10.30824
14165,2018-01-09 09:48:36.573,10.30824
14166,2018-01-09 09:48:36.673,10.30824
14167,2018-01-09 09:48:36.773,10.30824
14168,2018-01-09 09:48:36.874,10.30824
14169,2018-01-09 09:48:36.974,10.30824
14170,2018-01-09 09:48:37.074,10.30824
14171,2018-01-09 09:48:37.175,10.30824
14172,2018-01-09 09:48:37.274,10.30824
14173,2018-01-09 09:48:37.375,10.30824
14174,2018-01-09 09:48:37.474,10.46945
14175,2018-01-09 09:48:37.574,10.46945
14176,2018-01-09 09:48:37.674,10.46945
14177,2018-01-09 09:48:37.774,10.46945
14178,2018-01-09 09:48:37.874,10.46945
14179,2018-01-09 09:48:37.974,10.46945
14180,2018-01-09 09:48:38.074,10.46945
14181,2018-01-09 09:48:38.174,10.46945
14182,2018-01-09 09:48:38.274,10.46945
14183,2018-01-09 09:48:38.374,10.46945
14184,2018-01-09 09:48:38.474,10.17482
14185,2018-01-09 09:48:38.574,10.17482
14186,2018-01-09 09:48:38.674,10.17482
14187,2018-01-09 09:48:38.774,10.17482
14188,2018-01-09 09:48:38.874,10.17482
14189,2018-01-09 09:48:38.975,10.17482
14190,2018-01-09 09:48:39.074,10.17482
14191,2018-01-09 09:48:39.174,10.17482
14192,2018-01-09 09:48:39.274,10.17482
14193,2018-01-09 09:48:39.374,10.17482
14194,2018-01-09 09:48:39.475,9.93208
14195,2018-01-09 09:48:39.574,9.93208
14196,2018-01-09 09:48:39.674,9.93208
14197,2018-01-09 09:48:39.774,9.93208
14198,2018-01-09 09:48:39.874,9.93208
14199,2018-01-09 09:48:39.975,9.93208
14200,2018-01-09 09:48:40.075,9.93208
14201,2018-01-09 09:48:40.175,9.93208
14202,2018-01-09 09:48:40.275,9.93208
14203,2018-01-09 09:48:40.375,9.93208
14204,2018-01-09 09:48:40.473,9.804223
14205,2018-01-09 09:48:40.573,9.804223
14206,2018-01-09 09:48:40.673,9.804223
14207,2018-01-09 09:48:40.774,9.804223
14208,2018-01-09 09:48:40.873,9.804223
14209,2018-01-09 09:48:40.974,9.804223
14210,2018-01-09 09:48:41.073,9.804223
14211,2018-01-09 09:48:41.174,9.804223
14212,2018-01-09 09:48:41.273,9.804223
14213,2018-01-09 09:48:41.374,9.804223
14214,2018-01-09 09:48:41.473,9.694896
14215,2018-01-09 09:48:41.574,9.694896
14216,2018-01-09 09:48:41.673,9.694896
14217,2018-01-09 09:48:41.773,9.694896
14218,2018-01-09 09:48:41.873,9.694896
14219,2018-01-09 09:48:41.973,9.694896
14220,2018-01-09 09:48:42.073,9.694896
14221,2018-01-09 09:48:42.173,9.694896
14222,2018-01-09 09:48:42.273,9.694896
14223,2018-01-09 09:48:42.373,9.694896
14224,2018-01-09 09:48:42.473,9.639306
14225,2018-01-09 09:48:42.573,9.639306
14226,2018-01-09 09:48:42.673,9.639306
14227,2018-01-09 09:48:42.774,9.639306
14228,2018-01-09 09:48:42.873,9.639306
14229,2018-01-09 09:48:42.974,9.639306
14230,2018-01-09 09:48:43.074,9.639306
14231,2018-01-09 09:48:43.174,9.639306
14232,2018-01-09 09:48:43.275,9.639306
14233,2018-01-09 09:48:43.375,9.639306
14234,2018-01-09 09:48:43.474,12.88391
14235,2018-01-09 09:48:43.575,12.88391
14236,2018-01-09 09:48:43.674,12.88391
14237,2018-01-09 09:48:43.774,12.88391
14238,2018-01-09 09:48:43.874,12.88391
14239,2018-01-09 09:48:43.974,12.88391
14240,2018-01-09 09:48:44.074,12.88391
14241,2018-01-09 09:48:44.174,12.88391
14242,2018-01-09 09:48:44.274,12.88391
14243,2018-01-09 09:48:44.374,12.88391
14244,2018-01-09 09:48:44.474,12.69676
14245,2018-01-09 09:48:44.574,12.69676
14246,2018-01-09 09:48:44.674,12.69676
14247,2018-01-09 09:48:44.774,12.69676
14248,2018-01-09 09:48:44.875,12.69676
14249,2018-01-09 09:48:44.974,12.69676
14250,2018-01-09 09:48:45.074,12.69676
14251,2018-01-09 09:48:45.175,12.69676
14252,2018-01-09 09:48:45.274,12.69676
14253,2018-01-09 09:48:45.375,12.69676
14254,2018-01-09 09:48:45.472,12.75791
14255,2018-01-09 09:48:45.572,12.75791
14256,2018-01-09 09:48:45.672,12.75791
14257,2018-01-09 09:48:45.772,12.75791
14258,2018-01-09 09:48:45.872,12.75791
14259,2018-01-09 09:48:45.972,12.75791
14260,2018-01-09 09:48:46.073,12.75791
14261,2018-01-09 09:48:46.173,12.75791
14262,2018-01-09 09:48:46.273,12.75791
14263,2018-01-09 09:48:46.373,12.75791
14264,2018-01-09 09:48:46.473,12.59855
14265,2018-01-09 09:48:46.573,12.59855
14266,2018-01-09 09:48:46.673,12.59855
14267,2018-01-09 09:48:46.773,12.59855
14268,2018-01-09 09:48:46.873,12.59855
14269,2018-01-09 09:48:46.973,12.59855
14270,2018-01-09 09:48:47.073,12.59855
14271,2018-01-09 09:48:47.173,12.59855
14272,2018-01-09 09:48:47.273,12.59855
14273,2018-01-09 09:48:47.373,12.59855
14274,2018-01-09 09:48:47.474,12.58743
14275,2018-01-09 09:48:47.573,12.58743
14276,2018-01-09 09:48:47.673,12.58743
14277,2018-01-09 09:48:47.773,12.58743
14278,2018-01-09 09:48:47.873,12.58743
14279,2018-01-09 09:48:47.973,12.58743
14280,2018-01-09 09:48:48.073,12.58743
14281,2018-01-09 09:48:48.173,12.58743
14282,2018-01-09 09:48:48.273,12.58743
14283,2018-01-09 09:48:48.373,12.58743
14284,2018-01-09 09:48:48.473,12.48366
14285,2018-01-09 09:48:48.573,12.48366
14286,2018-01-09 09:48:48.673,12.48366
14287,2018-01-09 09:48:48.773,12.48366
14288,2018-01-09 09:48:48.874,12.48366
14289,2018-01-09 09:48:48.974,12.48366
14290,2018-01-09 09:48:49.074,12.48366
14291,2018-01-09 09:48:49.174,12.48366
14292,2018-01-09 09:48:49.274,12.48366
14293,2018-01-09 09:48:49.374,12.48366
14294,2018-01-09 09:48:49.474,12.68564
14295,2018-01-09 09:48:49.574,12.68564
14296,2018-01-09 09:48:49.674,12.68564
14297,2018-01-09 09:48:49.774,12.68564
14298,2018-01-09 09:48:49.874,12.68564
14299,2018-01-09 09:48:49.974,12.68564
14300,2018-01-09 09:48:50.074,12.68564
14301,2018-01-09 09:48:50.174,12.68564
14302,2018-01-09 09:48:50.274,12.68564
14303,2018-01-09 09:48:50.374,12.68564
14304,2018-01-09 09:48:50.472,12.84314
14305,2018-01-09 09:48:50.572,12.84314
14306,2018-01-09 09:48:50.672,12.84314
14307,2018-01-09 09:48:50.772,12.84314
14308,2018-01-09 09:48:50.872,12.84314
14309,2018-01-09 09:48:50.973,12.84314
14310,2018-01-09 09:48:51.072,12.84314
14311,2018-01-09 09:48:51.172,12.84314
14312,2018-01-09 09:48:51.272,12.84314
14313,2018-01-09 09:48:51.373,12.84314
14314,2018-01-09 09:48:51.473,12.86723
14315,2018-01-09 09:48:51.572,12.86723
14316,2018-01-09 09:48:51.673,12.86723
14317,2018-01-09 09:48:51.772,12.86723
14318,2018-01-09 09:48:51.872,12.86723
14319,2018-01-09 09:48:51.973,12.86723
14320,2018-01-09 09:48:52.073,12.86723
14321,2018-01-09 09:48:52.173,12.86723
14322,2018-01-09 09:48:52.273,12.86723
14323,2018-01-09 09:48:52.373,12.86723
14324,2018-01-09 09:48:52.473,12.82832
14325,2018-01-09 09:48:52.573,12.82832
14326,2018-01-09 09:48:52.673,12.82832
14327,2018-01-09 09:48:52.773,12.82832
14328,2018-01-09 09:48:52.874,12.82832
14329,2018-01-09 09:48:52.973,12.82832
14330,2018-01-09 09:48:53.073,12.82832
14331,2018-01-09 09:48:53.173,12.82832
14332,2018-01-09 09:48:53.274,12.82832
14333,2018-01-09 09:48:53.373,12.82832
14334,2018-01-09 09:48:53.473,12.64672
14335,2018-01-09 09:48:53.573,12.64672
14336,2018-01-09 09:48:53.673,12.64672
14337,2018-01-09 09:48:53.773,12.64672
14338,2018-01-09 09:48:53.873,12.64672
14339,2018-01-09 09:48:53.973,12.64672
14340,2018-01-09 09:48:54.073,12.64672
14341,2018-01-09 09:48:54.173,12.64672
14342,2018-01-09 09:48:54.273,12.64672
14343,2018-01-09 09:48:54.373,12.64672
14344,2018-01-09 09:48:54.473,12.32245
14345,2018-01-09 09:48:54.573,12.32245
14346,2018-01-09 09:48:54.673,12.32245
14347,2018-01-09 09:48:54.773,12.32245
14348,2018-01-09 09:48:54.873,12.32245
14349,2018-01-09 09:48:54.973,12.32245
14350,2018-01-09 09:48:55.074,12.32245
14351,2018-01-09 09:48:55.174,12.32245
14352,2018-01-09 09:48:55.275,12.32245
14353,2018-01-09 09:48:55.375,12.32245
14354,2018-01-09 09:48:55.472,12.12603
14355,2018-01-09 09:48:55.572,12.12603
14356,2018-01-09 09:48:55.672,12.12603
14357,2018-01-09 09:48:55.772,12.12603
14358,2018-01-09 09:48:55.872,12.12603
14359,2018-01-09 09:48:55.972,12.12603
14360,2018-01-09 09:48:56.072,12.12603
14361,2018-01-09 09:48:56.172,12.12603
14362,2018-01-09 09:48:56.272,12.12603
14363,2018-01-09 09:48:56.372,12.12603
14364,2018-01-09 09:48:56.472,10.23041
14365,2018-01-09 09:48:56.572,10.23041
14366,2018-01-09 09:48:56.672,10.23041
14367,2018-01-09 09:48:56.772,10.23041
14368,2018-01-09 09:48:56.872,10.23041
14369,2018-01-09 09:48:56.972,10.23041
14370,2018-01-09 09:48:57.072,10.23041
14371,2018-01-09 09:48:57.172,10.23041
14372,2018-01-09 09:48:57.272,10.23041
14373,2018-01-09 09:48:57.372,10.23041
14374,2018-01-09 09:48:57.472,10.28786
14375,2018-01-09 09:48:57.572,10.28786
14376,2018-01-09 09:48:57.672,10.28786
14377,2018-01-09 09:48:57.772,10.28786
14378,2018-01-09 09:48:57.872,10.28786
14379,2018-01-09 09:48:57.973,10.28786
14380,2018-01-09 09:48:58.072,10.28786
14381,2018-01-09 09:48:58.173,10.28786
14382,2018-01-09 09:48:58.273,10.28786
14383,2018-01-09 09:48:58.373,10.28786
14384,2018-01-09 09:48:58.473,10.09885
14385,2018-01-09 09:48:58.573,10.09885
14386,2018-01-09 09:48:58.673,10.09885
14387,2018-01-09 09:48:58.773,10.09885
14388,2018-01-09 09:48:58.873,10.09885
14389,2018-01-09 09:48:58.974,10.09885
14390,2018-01-09 09:48:59.073,10.09885
14391,2018-01-09 09:48:59.173,10.09885
14392,2018-01-09 09:48:59.273,10.09885
14393,2018-01-09 09:48:59.373,10.09885
14394,2018-01-09 09:48:59.473,9.900579
14395,2018-01-09 09:48:59.573,9.900579
14396,2018-01-09 09:48:59.673,9.900579
14397,2018-01-09 09:48:59.773,9.900579
14398,2018-01-09 09:48:59.873,9.900579
14399,2018-01-09 09:48:59.973,9.900579
14400,2018-01-09 09:49:00.073,9.900579
14401,2018-01-09 09:49:00.173,9.900579
14402,2018-01-09 09:49:00.273,9.900579
14403,2018-01-09 09:49:00.373,9.900579
14404,2018-01-09 09:49:00.471,9.546656
14405,2018-01-09 09:49:00.571,9.546656
14406,2018-01-09 09:49:00.671,9.546656
14407,2018-01-09 09:49:00.771,9.546656
14408,2018-01-09 09:49:00.872,9.546656
14409,2018-01-09 09:49:00.972,9.546656
14410,2018-01-09 09:49:01.073,9.546656
14411,2018-01-09 09:49:01.173,9.546656
14412,2018-01-09 09:49:01.272,9.546656
14413,2018-01-09 09:49:01.372,9.546656
14414,2018-01-09 09:49:01.472,12.27242
14415,2018-01-09 09:49:01.573,12.27242
14416,2018-01-09 09:49:01.672,12.27242
14417,2018-01-09 09:49:01.772,12.27242
14418,2018-01-09 09:49:01.872,12.27242
14419,2018-01-09 09:49:01.972,12.27242
14420,2018-01-09 09:49:02.072,12.27242
14421,2018-01-09 09:49:02.172,12.27242
14422,2018-01-09 09:49:02.272,12.27242
14423,2018-01-09 09:49:02.372,12.27242
14424,2018-01-09 09:49:02.472,12.16494
14425,2018-01-09 09:49:02.572,12.16494
14426,2018-01-09 09:49:02.672,12.16494
14427,2018-01-09 09:49:02.772,12.16494
14428,2018-01-09 09:49:02.873,12.16494
14429,2018-01-09 09:49:02.973,12.16494
14430,2018-01-09 09:49:03.072,12.16494
14431,2018-01-09 09:49:03.172,12.16494
14432,2018-01-09 09:49:03.272,12.16494
14433,2018-01-09 09:49:03.373,12.16494
14434,2018-01-09 09:49:03.472,12.27242
14435,2018-01-09 09:49:03.573,12.27242
14436,2018-01-09 09:49:03.672,12.27242
14437,2018-01-09 09:49:03.773,12.27242
14438,2018-01-09 09:49:03.872,12.27242
14439,2018-01-09 09:49:03.973,12.27242
14440,2018-01-09 09:49:04.072,12.27242
14441,2018-01-09 09:49:04.173,12.27242
14442,2018-01-09 09:49:04.273,12.27242
14443,2018-01-09 09:49:04.373,12.27242
14444,2018-01-09 09:49:04.473,12.3521
14445,2018-01-09 09:49:04.573,12.3521
14446,2018-01-09 09:49:04.673,12.3521
14447,2018-01-09 09:49:04.773,12.3521
14448,2018-01-09 09:49:04.873,12.3521
14449,2018-01-09 09:49:04.973,12.3521
14450,2018-01-09 09:49:05.074,12.3521
14451,2018-01-09 09:49:05.173,12.3521
14452,2018-01-09 09:49:05.274,12.3521
14453,2018-01-09 09:49:05.373,12.3521
14454,2018-01-09 09:49:05.471,12.20942
14455,2018-01-09 09:49:05.571,12.20942
14456,2018-01-09 09:49:05.671,12.20942
14457,2018-01-09 09:49:05.771,12.20942
14458,2018-01-09 09:49:05.871,12.20942
14459,2018-01-09 09:49:05.971,12.20942
14460,2018-01-09 09:49:06.071,12.20942
14461,2018-01-09 09:49:06.171,12.20942
14462,2018-01-09 09:49:06.271,12.20942
14463,2018-01-09 09:49:06.371,12.20942
14464,2018-01-09 09:49:06.471,12.14456
14465,2018-01-09 09:49:06.571,12.14456
14466,2018-01-09 09:49:06.671,12.14456
14467,2018-01-09 09:49:06.771,12.14456
14468,2018-01-09 09:49:06.871,12.14456
14469,2018-01-09 09:49:06.971,12.14456
14470,2018-01-09 09:49:07.071,12.14456
14471,2018-01-09 09:49:07.172,12.14456
14472,2018-01-09 09:49:07.272,12.14456
14473,2018-01-09 09:49:07.372,12.14456
14474,2018-01-09 09:49:07.472,12.16494
14475,2018-01-09 09:49:07.572,12.16494
14476,2018-01-09 09:49:07.672,12.16494
14477,2018-01-09 09:49:07.772,12.16494
14478,2018-01-09 09:49:07.872,12.16494
14479,2018-01-09 09:49:07.973,12.16494
14480,2018-01-09 09:49:08.072,12.16494
14481,2018-01-09 09:49:08.172,12.16494
14482,2018-01-09 09:49:08.272,12.16494
14483,2018-01-09 09:49:08.372,12.16494
14484,2018-01-09 09:49:08.472,12.42066
14485,2018-01-09 09:49:08.572,12.42066
14486,2018-01-09 09:49:08.672,12.42066
14487,2018-01-09 09:49:08.772,12.42066
14488,2018-01-09 09:49:08.872,12.42066
14489,2018-01-09 09:49:08.972,12.42066
14490,2018-01-09 09:49:09.072,12.42066
14491,2018-01-09 09:49:09.172,12.42066
14492,2018-01-09 09:49:09.272,12.42066
14493,2018-01-09 09:49:09.372,12.42066
14494,2018-01-09 09:49:09.472,9.633747
14495,2018-01-09 09:49:09.572,9.633747
14496,2018-01-09 09:49:09.672,9.633747
14497,2018-01-09 09:49:09.772,9.633747
14498,2018-01-09 09:49:09.872,9.633747
14499,2018-01-09 09:49:09.972,9.633747
14500,2018-01-09 09:49:10.073,9.633747
14501,2018-01-09 09:49:10.173,9.633747
14502,2018-01-09 09:49:10.273,9.633747
14503,2018-01-09 09:49:10.373,9.633747
14504,2018-01-09 09:49:10.471,9.611511
14505,2018-01-09 09:49:10.571,9.611511
14506,2018-01-09 09:49:10.671,9.611511
14507,2018-01-09 09:49:10.771,9.611511
14508,2018-01-09 09:49:10.871,9.611511
14509,2018-01-09 09:49:10.972,9.611511
14510,2018-01-09 09:49:11.071,9.611511
14511,2018-01-09 09:49:11.171,9.611511
14512,2018-01-09 09:49:11.271,9.611511
14513,2018-01-09 09:49:11.371,9.611511
14514,2018-01-09 09:49:11.471,9.433623
14515,2018-01-09 09:49:11.571,9.433623
14516,2018-01-09 09:49:11.671,9.433623
14517,2018-01-09 09:49:11.771,9.433623
14518,2018-01-09 09:49:11.871,9.433623
14519,2018-01-09 09:49:11.971,9.433623
14520,2018-01-09 09:49:12.071,9.433623
14521,2018-01-09 09:49:12.171,9.433623
14522,2018-01-09 09:49:12.271,9.433623
14523,2018-01-09 09:49:12.371,9.433623
14524,2018-01-09 09:49:12.471,11.94814
14525,2018-01-09 09:49:12.571,11.94814
14526,2018-01-09 09:49:12.671,11.94814
14527,2018-01-09 09:49:12.771,11.94814
14528,2018-01-09 09:49:12.872,11.94814
14529,2018-01-09 09:49:12.971,11.94814
14530,2018-01-09 09:49:13.072,11.94814
14531,2018-01-09 09:49:13.172,11.94814
14532,2018-01-09 09:49:13.273,11.94814
14533,2018-01-09 09:49:13.372,11.94814
14534,2018-01-09 09:49:13.472,11.65537
14535,2018-01-09 09:49:13.573,11.65537
14536,2018-01-09 09:49:13.672,11.65537
14537,2018-01-09 09:49:13.772,11.65537
14538,2018-01-09 09:49:13.872,11.65537
14539,2018-01-09 09:49:13.972,11.65537
14540,2018-01-09 09:49:14.072,11.65537
14541,2018-01-09 09:49:14.172,11.65537
14542,2018-01-09 09:49:14.272,11.65537
14543,2018-01-09 09:49:14.372,11.65537
14544,2018-01-09 09:49:14.472,11.37557
14545,2018-01-09 09:49:14.572,11.37557
14546,2018-01-09 09:49:14.672,11.37557
14547,2018-01-09 09:49:14.772,11.37557
14548,2018-01-09 09:49:14.873,11.37557
14549,2018-01-09 09:49:14.972,11.37557
14550,2018-01-09 09:49:15.073,11.37557
14551,2018-01-09 09:49:15.172,11.37557
14552,2018-01-09 09:49:15.272,11.37557
14553,2018-01-09 09:49:15.372,11.37557
14554,2018-01-09 09:49:15.470,11.30701
14555,2018-01-09 09:49:15.571,11.30701
14556,2018-01-09 09:49:15.670,11.30701
14557,2018-01-09 09:49:15.770,11.30701
14558,2018-01-09 09:49:15.870,11.30701
14559,2018-01-09 09:49:15.970,11.30701
14560,2018-01-09 09:49:16.070,11.30701
14561,2018-01-09 09:49:16.171,11.30701
14562,2018-01-09 09:49:16.271,11.30701
14563,2018-01-09 09:49:16.371,11.30701
14564,2018-01-09 09:49:16.471,11.49972
14565,2018-01-09 09:49:16.571,11.49972
14566,2018-01-09 09:49:16.671,11.49972
14567,2018-01-09 09:49:16.771,11.49972
14568,2018-01-09 09:49:16.871,11.49972
14569,2018-01-09 09:49:16.971,11.49972
14570,2018-01-09 09:49:17.071,11.49972
14571,2018-01-09 09:49:17.172,11.49972
14572,2018-01-09 09:49:17.271,11.49972
14573,2018-01-09 09:49:17.371,11.49972
14574,2018-01-09 09:49:17.472,11.50898
14575,2018-01-09 09:49:17.571,11.50898
14576,2018-01-09 09:49:17.671,11.50898
14577,2018-01-09 09:49:17.771,11.50898
14578,2018-01-09 09:49:17.871,11.50898
14579,2018-01-09 09:49:17.971,11.50898
14580,2018-01-09 09:49:18.071,11.50898
14581,2018-01-09 09:49:18.171,11.50898
14582,2018-01-09 09:49:18.271,11.50898
14583,2018-01-09 09:49:18.371,11.50898
14584,2018-01-09 09:49:18.471,11.60905
14585,2018-01-09 09:49:18.571,11.60905
14586,2018-01-09 09:49:18.671,11.60905
14587,2018-01-09 09:49:18.771,11.60905
14588,2018-01-09 09:49:18.871,11.60905
14589,2018-01-09 09:49:18.971,11.60905
14590,2018-01-09 09:49:19.071,11.60905
14591,2018-01-09 09:49:19.173,11.60905
14592,2018-01-09 09:49:19.272,11.60905
14593,2018-01-09 09:49:19.373,11.60905
14594,2018-01-09 09:49:19.472,11.29403
14595,2018-01-09 09:49:19.573,11.29403
14596,2018-01-09 09:49:19.672,11.29403
14597,2018-01-09 09:49:19.772,11.29403
14598,2018-01-09 09:49:19.872,11.29403
14599,2018-01-09 09:49:19.972,11.29403
14600,2018-01-09 09:49:20.072,11.29403
14601,2018-01-09 09:49:20.172,11.29403
14602,2018-01-09 09:49:20.272,11.29403
14603,2018-01-09 09:49:20.372,11.29403
14604,2018-01-09 09:49:20.470,10.90305
14605,2018-01-09 09:49:20.570,10.90305
14606,2018-01-09 09:49:20.670,10.90305
14607,2018-01-09 09:49:20.770,10.90305
14608,2018-01-09 09:49:20.870,10.90305
14609,2018-01-09 09:49:20.970,10.90305
14610,2018-01-09 09:49:21.070,10.90305
14611,2018-01-09 09:49:21.170,10.90305
14612,2018-01-09 09:49:21.271,10.90305
14613,2018-01-09 09:49:21.370,10.90305
14614,2018-01-09 09:49:21.470,10.77705
14615,2018-01-09 09:49:21.570,10.77705
14616,2018-01-09 09:49:21.670,10.77705
14617,2018-01-09 09:49:21.771,10.77705
14618,2018-01-09 09:49:21.870,10.77705
14619,2018-01-09 09:49:21.970,10.77705
14620,2018-01-09 09:49:22.071,10.77705
14621,2018-01-09 09:49:22.171,10.77705
14622,2018-01-09 09:49:22.271,10.77705
14623,2018-01-09 09:49:22.371,10.77705
14624,2018-01-09 09:49:22.471,10.42868
14625,2018-01-09 09:49:22.571,10.42868
14626,2018-01-09 09:49:22.671,10.42868
14627,2018-01-09 09:49:22.771,10.42868
14628,2018-01-09 09:49:22.871,10.42868
14629,2018-01-09 09:49:22.971,10.42868
14630,2018-01-09 09:49:23.071,10.42868
14631,2018-01-09 09:49:23.172,10.42868
14632,2018-01-09 09:49:23.271,10.42868
14633,2018-01-09 09:49:23.372,10.42868
14634,2018-01-09 09:49:23.471,10.42683
14635,2018-01-09 09:49:23.571,10.42683
14636,2018-01-09 09:49:23.672,10.42683
14637,2018-01-09 09:49:23.771,10.42683
14638,2018-01-09 09:49:23.871,10.42683
14639,2018-01-09 09:49:23.971,10.42683
14640,2018-01-09 09:49:24.071,10.42683
14641,2018-01-09 09:49:24.171,10.42683
14642,2018-01-09 09:49:24.271,10.42683
14643,2018-01-09 09:49:24.371,10.42683
14644,2018-01-09 09:49:24.471,10.34715
14645,2018-01-09 09:49:24.571,10.34715
14646,2018-01-09 09:49:24.671,10.34715
14647,2018-01-09 09:49:24.771,10.34715
14648,2018-01-09 09:49:24.871,10.34715
14649,2018-01-09 09:49:24.971,10.34715
14650,2018-01-09 09:49:25.071,10.34715
14651,2018-01-09 09:49:25.172,10.34715
14652,2018-01-09 09:49:25.272,10.34715
14653,2018-01-09 09:49:25.373,10.34715
14654,2018-01-09 09:49:25.470,10.40645
14655,2018-01-09 09:49:25.570,10.40645
14656,2018-01-09 09:49:25.670,10.40645
14657,2018-01-09 09:49:25.771,10.40645
14658,2018-01-09 09:49:25.870,10.40645
14659,2018-01-09 09:49:25.970,10.40645
14660,2018-01-09 09:49:26.070,10.40645
14661,2018-01-09 09:49:26.170,10.40645
14662,2018-01-09 09:49:26.270,10.40645
14663,2018-01-09 09:49:26.370,10.40645
14664,2018-01-09 09:49:26.470,10.53245
14665,2018-01-09 09:49:26.570,10.53245
14666,2018-01-09 09:49:26.670,10.53245
14667,2018-01-09 09:49:26.770,10.53245
14668,2018-01-09 09:49:26.870,10.53245
14669,2018-01-09 09:49:26.970,10.53245
14670,2018-01-09 09:49:27.071,10.53245
14671,2018-01-09 09:49:27.171,10.53245
14672,2018-01-09 09:49:27.270,10.53245
14673,2018-01-09 09:49:27.371,10.53245
14674,2018-01-09 09:49:27.470,10.65104
14675,2018-01-09 09:49:27.570,10.65104
14676,2018-01-09 09:49:27.670,10.65104
14677,2018-01-09 09:49:27.770,10.65104
14678,2018-01-09 09:49:27.870,10.65104
14679,2018-01-09 09:49:27.971,10.65104
14680,2018-01-09 09:49:28.070,10.65104
14681,2018-01-09 09:49:28.171,10.65104
14682,2018-01-09 09:49:28.270,10.65104
14683,2018-01-09 09:49:28.371,10.65104
14684,2018-01-09 09:49:28.471,10.67513
14685,2018-01-09 09:49:28.571,10.67513
14686,2018-01-09 09:49:28.671,10.67513
14687,2018-01-09 09:49:28.771,10.67513
14688,2018-01-09 09:49:28.871,10.67513
14689,2018-01-09 09:49:28.972,10.67513
14690,2018-01-09 09:49:29.072,10.67513
14691,2018-01-09 09:49:29.172,10.67513
14692,2018-01-09 09:49:29.272,10.67513
14693,2018-01-09 09:49:29.371,10.67513
14694,2018-01-09 09:49:29.471,10.41757
14695,2018-01-09 09:49:29.571,10.41757
14696,2018-01-09 09:49:29.672,10.41757
14697,2018-01-09 09:49:29.772,10.41757
14698,2018-01-09 09:49:29.871,10.41757
14699,2018-01-09 09:49:29.971,10.41757
14700,2018-01-09 09:49:30.071,10.41757
14701,2018-01-09 09:49:30.171,10.41757
14702,2018-01-09 09:49:30.271,10.41757
14703,2018-01-09 09:49:30.371,10.41757
14704,2018-01-09 09:49:30.469,10.14332
14705,2018-01-09 09:49:30.569,10.14332
14706,2018-01-09 09:49:30.669,10.14332
14707,2018-01-09 09:49:30.769,10.14332
14708,2018-01-09 09:49:30.869,10.14332
14709,2018-01-09 09:49:30.969,10.14332
14710,2018-01-09 09:49:31.069,10.14332
14711,2018-01-09 09:49:31.170,10.14332
14712,2018-01-09 09:49:31.270,10.14332
14713,2018-01-09 09:49:31.371,10.14332
14714,2018-01-09 09:49:31.470,10.00991
14715,2018-01-09 09:49:31.570,10.00991
14716,2018-01-09 09:49:31.670,10.00991
14717,2018-01-09 09:49:31.770,10.00991
14718,2018-01-09 09:49:31.870,10.00991
14719,2018-01-09 09:49:31.970,10.00991
14720,2018-01-09 09:49:32.070,10.00991
14721,2018-01-09 09:49:32.170,10.00991
14722,2018-01-09 09:49:32.270,10.00991
14723,2018-01-09 09:49:32.370,10.00991
14724,2018-01-09 09:49:32.470,9.996935
14725,2018-01-09 09:49:32.570,9.996935
14726,2018-01-09 09:49:32.670,9.996935
14727,2018-01-09 09:49:32.770,9.996935
14728,2018-01-09 09:49:32.870,9.996935
14729,2018-01-09 09:49:32.971,9.996935
14730,2018-01-09 09:49:33.070,9.996935
14731,2018-01-09 09:49:33.171,9.996935
14732,2018-01-09 09:49:33.271,9.996935
14733,2018-01-09 09:49:33.370,9.996935
14734,2018-01-09 09:49:33.470,10.06179
14735,2018-01-09 09:49:33.570,10.06179
14736,2018-01-09 09:49:33.670,10.06179
14737,2018-01-09 09:49:33.771,10.06179
14738,2018-01-09 09:49:33.870,10.06179
14739,2018-01-09 09:49:33.970,10.06179
14740,2018-01-09 09:49:34.071,10.06179
14741,2018-01-09 09:49:34.170,10.06179
14742,2018-01-09 09:49:34.271,10.06179
14743,2018-01-09 09:49:34.371,10.06179
14744,2018-01-09 09:49:34.471,10.18965
14745,2018-01-09 09:49:34.571,10.18965
14746,2018-01-09 09:49:34.671,10.18965
14747,2018-01-09 09:49:34.771,10.18965
14748,2018-01-09 09:49:34.871,10.18965
14749,2018-01-09 09:49:34.971,10.18965
14750,2018-01-09 09:49:35.072,10.18965
14751,2018-01-09 09:49:35.172,10.18965
14752,2018-01-09 09:49:35.271,10.18965
14753,2018-01-09 09:49:35.371,10.18965
14754,2018-01-09 09:49:35.469,10.13776
14755,2018-01-09 09:49:35.569,10.13776
14756,2018-01-09 09:49:35.669,10.13776
14757,2018-01-09 09:49:35.770,10.13776
14758,2018-01-09 09:49:35.869,10.13776
14759,2018-01-09 09:49:35.969,10.13776
14760,2018-01-09 09:49:36.069,10.13776
14761,2018-01-09 09:49:36.169,10.13776
14762,2018-01-09 09:49:36.269,10.13776
14763,2018-01-09 09:49:36.370,10.13776
14764,2018-01-09 09:49:36.469,10.223
14765,2018-01-09 09:49:36.569,10.223
14766,2018-01-09 09:49:36.669,10.223
14767,2018-01-09 09:49:36.769,10.223
14768,2018-01-09 09:49:36.870,10.223
14769,2018-01-09 09:49:36.970,10.223
14770,2018-01-09 09:49:37.070,10.223
14771,2018-01-09 09:49:37.171,10.223
14772,2018-01-09 09:49:37.270,10.223
14773,2018-01-09 09:49:37.371,10.223
14774,2018-01-09 09:49:37.471,10.17482
14775,2018-01-09 09:49:37.571,10.17482
14776,2018-01-09 09:49:37.670,10.17482
14777,2018-01-09 09:49:37.771,10.17482
14778,2018-01-09 09:49:37.870,10.17482
14779,2018-01-09 09:49:37.970,10.17482
14780,2018-01-09 09:49:38.070,10.17482
14781,2018-01-09 09:49:38.170,10.17482
14782,2018-01-09 09:49:38.270,10.17482
14783,2018-01-09 09:49:38.370,10.17482
14784,2018-01-09 09:49:38.470,9.980258
14785,2018-01-09 09:49:38.570,9.980258
14786,2018-01-09 09:49:38.670,9.980258
14787,2018-01-09 09:49:38.770,9.980258
14788,2018-01-09 09:49:38.870,9.980258
14789,2018-01-09 09:49:38.970,9.980258
14790,2018-01-09 09:49:39.070,9.980258
14791,2018-01-09 09:49:39.170,9.980258
14792,2018-01-09 09:49:39.270,9.980258
14793,2018-01-09 09:49:39.370,9.980258
14794,2018-01-09 09:49:39.470,8.775808
14795,2018-01-09 09:49:39.571,8.775808
14796,2018-01-09 09:49:39.670,8.775808
14797,2018-01-09 09:49:39.771,8.775808
14798,2018-01-09 09:49:39.871,8.775808
14799,2018-01-09 09:49:39.970,8.775808
14800,2018-01-09 09:49:40.070,8.775808
14801,2018-01-09 09:49:40.170,8.775808
14802,2018-01-09 09:49:40.271,8.775808
14803,2018-01-09 09:49:40.371,8.775808
14804,2018-01-09 09:49:40.469,8.875869999999997
14805,2018-01-09 09:49:40.569,8.875869999999997
14806,2018-01-09 09:49:40.669,8.875869999999997
14807,2018-01-09 09:49:40.769,8.875869999999997
14808,2018-01-09 09:49:40.869,8.875869999999997
14809,2018-01-09 09:49:40.969,8.875869999999997
14810,2018-01-09 09:49:41.069,8.875869999999997
14811,2018-01-09 09:49:41.170,8.875869999999997
14812,2018-01-09 09:49:41.269,8.875869999999997
14813,2018-01-09 09:49:41.369,8.875869999999997
14814,2018-01-09 09:49:41.469,8.972226
14815,2018-01-09 09:49:41.570,8.972226
14816,2018-01-09 09:49:41.669,8.972226
14817,2018-01-09 09:49:41.770,8.972226
14818,2018-01-09 09:49:41.869,8.972226
14819,2018-01-09 09:49:41.969,8.972226
14820,2018-01-09 09:49:42.069,8.972226
14821,2018-01-09 09:49:42.169,8.972226
14822,2018-01-09 09:49:42.269,8.972226
14823,2018-01-09 09:49:42.369,8.972226
14824,2018-01-09 09:49:42.469,9.22794
14825,2018-01-09 09:49:42.569,9.22794
14826,2018-01-09 09:49:42.669,9.22794
14827,2018-01-09 09:49:42.769,9.22794
14828,2018-01-09 09:49:42.869,9.22794
14829,2018-01-09 09:49:42.970,9.22794
14830,2018-01-09 09:49:43.070,9.22794
14831,2018-01-09 09:49:43.169,9.22794
14832,2018-01-09 09:49:43.270,9.22794
14833,2018-01-09 09:49:43.370,9.22794
14834,2018-01-09 09:49:43.470,9.529979
14835,2018-01-09 09:49:43.570,9.529979
14836,2018-01-09 09:49:43.670,9.529979
14837,2018-01-09 09:49:43.771,9.529979
14838,2018-01-09 09:49:43.870,9.529979
14839,2018-01-09 09:49:43.970,9.529979
14840,2018-01-09 09:49:44.070,9.529979
14841,2018-01-09 09:49:44.170,9.529979
14842,2018-01-09 09:49:44.270,9.529979
14843,2018-01-09 09:49:44.370,9.529979
14844,2018-01-09 09:49:44.470,9.815341
14845,2018-01-09 09:49:44.570,9.815341
14846,2018-01-09 09:49:44.670,9.815341
14847,2018-01-09 09:49:44.770,9.815341
14848,2018-01-09 09:49:44.870,9.815341
14849,2018-01-09 09:49:44.971,9.815341
14850,2018-01-09 09:49:45.070,9.815341
14851,2018-01-09 09:49:45.170,9.815341
14852,2018-01-09 09:49:45.270,9.815341
14853,2018-01-09 09:49:45.371,9.815341
14854,2018-01-09 09:49:45.468,9.96914
14855,2018-01-09 09:49:45.568,9.96914
14856,2018-01-09 09:49:45.669,9.96914
14857,2018-01-09 09:49:45.768,9.96914
14858,2018-01-09 09:49:45.868,9.96914
14859,2018-01-09 09:49:45.968,9.96914
14860,2018-01-09 09:49:46.068,9.96914
14861,2018-01-09 09:49:46.168,9.96914
14862,2018-01-09 09:49:46.269,9.96914
14863,2018-01-09 09:49:46.369,9.96914
14864,2018-01-09 09:49:46.469,9.885755
14865,2018-01-09 09:49:46.569,9.885755
14866,2018-01-09 09:49:46.669,9.885755
14867,2018-01-09 09:49:46.769,9.885755
14868,2018-01-09 09:49:46.869,9.885755
14869,2018-01-09 09:49:46.970,9.885755
14870,2018-01-09 09:49:47.069,9.885755
14871,2018-01-09 09:49:47.169,9.885755
14872,2018-01-09 09:49:47.269,9.885755
14873,2018-01-09 09:49:47.369,9.885755
14874,2018-01-09 09:49:47.469,9.574451
14875,2018-01-09 09:49:47.569,9.574451
14876,2018-01-09 09:49:47.669,9.574451
14877,2018-01-09 09:49:47.769,9.574451
14878,2018-01-09 09:49:47.869,9.574451
14879,2018-01-09 09:49:47.969,9.574451
14880,2018-01-09 09:49:48.069,9.574451
14881,2018-01-09 09:49:48.169,9.574451
14882,2018-01-09 09:49:48.269,9.574451
14883,2018-01-09 09:49:48.369,9.574451
14884,2018-01-09 09:49:48.469,9.237205
14885,2018-01-09 09:49:48.569,9.237205
14886,2018-01-09 09:49:48.669,9.237205
14887,2018-01-09 09:49:48.769,9.237205
14888,2018-01-09 09:49:48.869,9.237205
14889,2018-01-09 09:49:48.969,9.237205
14890,2018-01-09 09:49:49.069,9.237205
14891,2018-01-09 09:49:49.169,9.237205
14892,2018-01-09 09:49:49.270,9.237205
14893,2018-01-09 09:49:49.371,9.237205
14894,2018-01-09 09:49:49.471,8.868458
14895,2018-01-09 09:49:49.570,8.868458
14896,2018-01-09 09:49:49.671,8.868458
14897,2018-01-09 09:49:49.771,8.868458
14898,2018-01-09 09:49:49.870,8.868458
14899,2018-01-09 09:49:49.970,8.868458
14900,2018-01-09 09:49:50.070,8.868458
14901,2018-01-09 09:49:50.170,8.868458
14902,2018-01-09 09:49:50.270,8.868458
14903,2018-01-09 09:49:50.370,8.868458
14904,2018-01-09 09:49:50.468,8.792485000000001
14905,2018-01-09 09:49:50.568,8.792485000000001
14906,2018-01-09 09:49:50.668,8.792485000000001
14907,2018-01-09 09:49:50.768,8.792485000000001
14908,2018-01-09 09:49:50.868,8.792485000000001
14909,2018-01-09 09:49:50.968,8.792485000000001
14910,2018-01-09 09:49:51.068,8.792485000000001
14911,2018-01-09 09:49:51.168,8.792485000000001
14912,2018-01-09 09:49:51.269,8.792485000000001
14913,2018-01-09 09:49:51.368,8.792485000000001
14914,2018-01-09 09:49:51.469,8.940725
14915,2018-01-09 09:49:51.569,8.940725
14916,2018-01-09 09:49:51.668,8.940725
14917,2018-01-09 09:49:51.769,8.940725
14918,2018-01-09 09:49:51.868,8.940725
14919,2018-01-09 09:49:51.968,8.940725
14920,2018-01-09 09:49:52.068,8.940725
14921,2018-01-09 09:49:52.168,8.940725
14922,2018-01-09 09:49:52.268,8.940725
14923,2018-01-09 09:49:52.368,8.940725
14924,2018-01-09 09:49:52.469,9.216822
14925,2018-01-09 09:49:52.569,9.216822
14926,2018-01-09 09:49:52.669,9.216822
14927,2018-01-09 09:49:52.769,9.216822
14928,2018-01-09 09:49:52.869,9.216822
14929,2018-01-09 09:49:52.969,9.216822
14930,2018-01-09 09:49:53.069,9.216822
14931,2018-01-09 09:49:53.169,9.216822
14932,2018-01-09 09:49:53.269,9.216822
14933,2018-01-09 09:49:53.370,9.216822
14934,2018-01-09 09:49:53.469,9.489213
14935,2018-01-09 09:49:53.570,9.489213
14936,2018-01-09 09:49:53.669,9.489213
14937,2018-01-09 09:49:53.770,9.489213
14938,2018-01-09 09:49:53.869,9.489213
14939,2018-01-09 09:49:53.969,9.489213
14940,2018-01-09 09:49:54.069,9.489213
14941,2018-01-09 09:49:54.169,9.489213
14942,2018-01-09 09:49:54.269,9.489213
14943,2018-01-09 09:49:54.369,9.489213
14944,2018-01-09 09:49:54.469,9.476242
14945,2018-01-09 09:49:54.569,9.476242
14946,2018-01-09 09:49:54.669,9.476242
14947,2018-01-09 09:49:54.769,9.476242
14948,2018-01-09 09:49:54.869,9.476242
14949,2018-01-09 09:49:54.969,9.476242
14950,2018-01-09 09:49:55.070,9.476242
14951,2018-01-09 09:49:55.169,9.476242
14952,2018-01-09 09:49:55.269,9.476242
14953,2018-01-09 09:49:55.370,9.476242
14954,2018-01-09 09:49:55.468,9.791252
14955,2018-01-09 09:49:55.569,9.791252
14956,2018-01-09 09:49:55.668,9.791252
14957,2018-01-09 09:49:55.768,9.791252
14958,2018-01-09 09:49:55.868,9.791252
14959,2018-01-09 09:49:55.968,9.791252
14960,2018-01-09 09:49:56.068,9.791252
14961,2018-01-09 09:49:56.168,9.791252
14962,2018-01-09 09:49:56.268,9.791252
14963,2018-01-09 09:49:56.368,9.791252
14964,2018-01-09 09:49:56.468,9.796811
14965,2018-01-09 09:49:56.568,9.796811
14966,2018-01-09 09:49:56.668,9.796811
14967,2018-01-09 09:49:56.768,9.796811
14968,2018-01-09 09:49:56.868,9.796811
14969,2018-01-09 09:49:56.968,9.796811
14970,2018-01-09 09:49:57.069,9.796811
14971,2018-01-09 09:49:57.169,9.796811
14972,2018-01-09 09:49:57.269,9.796811
14973,2018-01-09 09:49:57.369,9.796811
14974,2018-01-09 09:49:57.468,10.05252
14975,2018-01-09 09:49:57.568,10.05252
14976,2018-01-09 09:49:57.668,10.05252
14977,2018-01-09 09:49:57.768,10.05252
14978,2018-01-09 09:49:57.868,10.05252
14979,2018-01-09 09:49:57.968,10.05252
14980,2018-01-09 09:49:58.068,10.05252
14981,2018-01-09 09:49:58.168,10.05252
14982,2018-01-09 09:49:58.268,10.05252
14983,2018-01-09 09:49:58.368,10.05252
14984,2018-01-09 09:49:58.469,10.097
14985,2018-01-09 09:49:58.569,10.097
14986,2018-01-09 09:49:58.669,10.097
14987,2018-01-09 09:49:58.769,10.097
14988,2018-01-09 09:49:58.869,10.097
14989,2018-01-09 09:49:58.969,10.097
14990,2018-01-09 09:49:59.069,10.097
14991,2018-01-09 09:49:59.169,10.097
14992,2018-01-09 09:49:59.269,10.097
14993,2018-01-09 09:49:59.370,10.097
14994,2018-01-09 09:49:59.469,10.15815
14995,2018-01-09 09:49:59.570,10.15815
14996,2018-01-09 09:49:59.669,10.15815
14997,2018-01-09 09:49:59.769,10.15815
14998,2018-01-09 09:49:59.870,10.15815
14999,2018-01-09 09:49:59.969,10.15815
15000,2018-01-09 09:50:00.069,10.15815
15001,2018-01-09 09:50:00.169,10.15815
15002,2018-01-09 09:50:00.269,10.15815
15003,2018-01-09 09:50:00.367,10.15815
15004,2018-01-09 09:50:00.467,10.06179
15005,2018-01-09 09:50:00.567,10.06179
15006,2018-01-09 09:50:00.667,10.06179
15007,2018-01-09 09:50:00.767,10.06179
15008,2018-01-09 09:50:00.867,10.06179
15009,2018-01-09 09:50:00.967,10.06179
15010,2018-01-09 09:50:01.067,10.06179
15011,2018-01-09 09:50:01.167,10.06179
15012,2018-01-09 09:50:01.267,10.06179
15013,2018-01-09 09:50:01.368,10.06179
15014,2018-01-09 09:50:01.468,9.993229
15015,2018-01-09 09:50:01.568,9.993229
15016,2018-01-09 09:50:01.669,9.993229
15017,2018-01-09 09:50:01.768,9.993229
15018,2018-01-09 09:50:01.868,9.993229
15019,2018-01-09 09:50:01.968,9.993229
15020,2018-01-09 09:50:02.068,9.993229
15021,2018-01-09 09:50:02.168,9.993229
15022,2018-01-09 09:50:02.268,9.993229
15023,2018-01-09 09:50:02.368,9.993229
15024,2018-01-09 09:50:02.468,10.15259
15025,2018-01-09 09:50:02.568,10.15259
15026,2018-01-09 09:50:02.668,10.15259
15027,2018-01-09 09:50:02.768,10.15259
15028,2018-01-09 09:50:02.868,10.15259
15029,2018-01-09 09:50:02.968,10.15259
15030,2018-01-09 09:50:03.068,10.15259
15031,2018-01-09 09:50:03.168,10.15259
15032,2018-01-09 09:50:03.268,10.15259
15033,2018-01-09 09:50:03.368,10.15259
15034,2018-01-09 09:50:03.468,10.41015
15035,2018-01-09 09:50:03.568,10.41015
15036,2018-01-09 09:50:03.669,10.41015
15037,2018-01-09 09:50:03.769,10.41015
15038,2018-01-09 09:50:03.868,10.41015
15039,2018-01-09 09:50:03.968,10.41015
15040,2018-01-09 09:50:04.068,10.41015
15041,2018-01-09 09:50:04.168,10.41015
15042,2018-01-09 09:50:04.268,10.41015
15043,2018-01-09 09:50:04.369,10.41015
15044,2018-01-09 09:50:04.469,10.67328
15045,2018-01-09 09:50:04.569,10.67328
15046,2018-01-09 09:50:04.669,10.67328
15047,2018-01-09 09:50:04.769,10.67328
15048,2018-01-09 09:50:04.869,10.67328
15049,2018-01-09 09:50:04.969,10.67328
15050,2018-01-09 09:50:05.069,10.67328
15051,2018-01-09 09:50:05.170,10.67328
15052,2018-01-09 09:50:05.269,10.67328
15053,2018-01-09 09:50:05.367,10.67328
15054,2018-01-09 09:50:05.467,11.04388
15055,2018-01-09 09:50:05.567,11.04388
15056,2018-01-09 09:50:05.667,11.04388
15057,2018-01-09 09:50:05.768,11.04388
15058,2018-01-09 09:50:05.867,11.04388
15059,2018-01-09 09:50:05.967,11.04388
15060,2018-01-09 09:50:06.067,11.04388
15061,2018-01-09 09:50:06.167,11.04388
15062,2018-01-09 09:50:06.267,11.04388
15063,2018-01-09 09:50:06.367,11.04388
15064,2018-01-09 09:50:06.467,11.28662
15065,2018-01-09 09:50:06.567,11.28662
15066,2018-01-09 09:50:06.667,11.28662
15067,2018-01-09 09:50:06.767,11.28662
15068,2018-01-09 09:50:06.867,11.28662
15069,2018-01-09 09:50:06.967,11.28662
15070,2018-01-09 09:50:07.068,11.28662
15071,2018-01-09 09:50:07.167,11.28662
15072,2018-01-09 09:50:07.267,11.28662
15073,2018-01-09 09:50:07.367,11.28662
15074,2018-01-09 09:50:07.467,11.34592
15075,2018-01-09 09:50:07.569,11.34592
15076,2018-01-09 09:50:07.668,11.34592
15077,2018-01-09 09:50:07.768,11.34592
15078,2018-01-09 09:50:07.869,11.34592
15079,2018-01-09 09:50:07.968,11.34592
15080,2018-01-09 09:50:08.068,11.34592
15081,2018-01-09 09:50:08.168,11.34592
15082,2018-01-09 09:50:08.268,11.34592
15083,2018-01-09 09:50:08.368,11.34592
15084,2018-01-09 09:50:08.468,10.80484
15085,2018-01-09 09:50:08.568,10.80484
15086,2018-01-09 09:50:08.668,10.80484
15087,2018-01-09 09:50:08.768,10.80484
15088,2018-01-09 09:50:08.868,10.80484
15089,2018-01-09 09:50:08.968,10.80484
15090,2018-01-09 09:50:09.068,10.80484
15091,2018-01-09 09:50:09.168,10.80484
15092,2018-01-09 09:50:09.269,10.80484
15093,2018-01-09 09:50:09.368,10.80484
15094,2018-01-09 09:50:09.468,10.32677
15095,2018-01-09 09:50:09.568,10.32677
15096,2018-01-09 09:50:09.668,10.32677
15097,2018-01-09 09:50:09.768,10.32677
15098,2018-01-09 09:50:09.868,10.32677
15099,2018-01-09 09:50:09.968,10.32677
15100,2018-01-09 09:50:10.068,10.32677
15101,2018-01-09 09:50:10.168,10.32677
15102,2018-01-09 09:50:10.268,10.32677
15103,2018-01-09 09:50:10.366,10.32677
15104,2018-01-09 09:50:10.467,11.20138
15105,2018-01-09 09:50:10.567,11.20138
15106,2018-01-09 09:50:10.667,11.20138
15107,2018-01-09 09:50:10.767,11.20138
15108,2018-01-09 09:50:10.867,11.20138
15109,2018-01-09 09:50:10.967,11.20138
15110,2018-01-09 09:50:11.067,11.20138
15111,2018-01-09 09:50:11.167,11.20138
15112,2018-01-09 09:50:11.268,11.20138
15113,2018-01-09 09:50:11.367,11.20138
15114,2018-01-09 09:50:11.467,11.60349
15115,2018-01-09 09:50:11.568,11.60349
15116,2018-01-09 09:50:11.668,11.60349
15117,2018-01-09 09:50:11.767,11.60349
15118,2018-01-09 09:50:11.868,11.60349
15119,2018-01-09 09:50:11.967,11.60349
15120,2018-01-09 09:50:12.067,11.60349
15121,2018-01-09 09:50:12.167,11.60349
15122,2018-01-09 09:50:12.267,11.60349
15123,2018-01-09 09:50:12.367,11.60349
15124,2018-01-09 09:50:12.467,11.66093
15125,2018-01-09 09:50:12.567,11.66093
15126,2018-01-09 09:50:12.667,11.66093
15127,2018-01-09 09:50:12.767,11.66093
15128,2018-01-09 09:50:12.867,11.66093
15129,2018-01-09 09:50:12.967,11.66093
15130,2018-01-09 09:50:13.067,11.66093
15131,2018-01-09 09:50:13.167,11.66093
15132,2018-01-09 09:50:13.267,11.66093
15133,2018-01-09 09:50:13.367,11.66093
15134,2018-01-09 09:50:13.469,11.42375
15135,2018-01-09 09:50:13.569,11.42375
15136,2018-01-09 09:50:13.668,11.42375
15137,2018-01-09 09:50:13.769,11.42375
15138,2018-01-09 09:50:13.869,11.42375
15139,2018-01-09 09:50:13.968,11.42375
15140,2018-01-09 09:50:14.068,11.42375
15141,2018-01-09 09:50:14.168,11.42375
15142,2018-01-09 09:50:14.268,11.42375
15143,2018-01-09 09:50:14.368,11.42375
15144,2018-01-09 09:50:14.468,10.71961
15145,2018-01-09 09:50:14.568,10.71961
15146,2018-01-09 09:50:14.668,10.71961
15147,2018-01-09 09:50:14.768,10.71961
15148,2018-01-09 09:50:14.868,10.71961
15149,2018-01-09 09:50:14.968,10.71961
15150,2018-01-09 09:50:15.068,10.71961
15151,2018-01-09 09:50:15.168,10.71961
15152,2018-01-09 09:50:15.268,10.71961
15153,2018-01-09 09:50:15.366,10.71961
15154,2018-01-09 09:50:15.466,10.71961
15155,2018-01-09 09:50:15.566,10.28971
15156,2018-01-09 09:50:15.666,10.28971
15157,2018-01-09 09:50:15.766,10.28971
15158,2018-01-09 09:50:15.866,10.28971
15159,2018-01-09 09:50:15.966,10.28971
15160,2018-01-09 09:50:16.066,10.28971
15161,2018-01-09 09:50:16.166,10.28971
15162,2018-01-09 09:50:16.266,10.28971
15163,2018-01-09 09:50:16.366,10.28971
15164,2018-01-09 09:50:16.467,9.774575
15165,2018-01-09 09:50:16.567,9.774575
15166,2018-01-09 09:50:16.667,9.774575
15167,2018-01-09 09:50:16.767,9.774575
15168,2018-01-09 09:50:16.867,9.774575
15169,2018-01-09 09:50:16.967,9.774575
15170,2018-01-09 09:50:17.067,9.774575
15171,2018-01-09 09:50:17.167,9.774575
15172,2018-01-09 09:50:17.267,9.774575
15173,2018-01-09 09:50:17.367,9.774575
15174,2018-01-09 09:50:17.467,9.774575
15175,2018-01-09 09:50:17.567,9.641159
15176,2018-01-09 09:50:17.667,9.641159
15177,2018-01-09 09:50:17.767,9.641159
15178,2018-01-09 09:50:17.867,9.641159
15179,2018-01-09 09:50:17.967,9.641159
15180,2018-01-09 09:50:18.067,9.641159
15181,2018-01-09 09:50:18.167,9.641159
15182,2018-01-09 09:50:18.267,9.641159
15183,2018-01-09 09:50:18.367,9.641159
15184,2018-01-09 09:50:18.467,10.88082
15185,2018-01-09 09:50:18.567,10.88082
15186,2018-01-09 09:50:18.667,10.88082
15187,2018-01-09 09:50:18.767,10.88082
15188,2018-01-09 09:50:18.867,10.88082
15189,2018-01-09 09:50:18.967,10.88082
15190,2018-01-09 09:50:19.067,10.88082
15191,2018-01-09 09:50:19.167,10.88082
15192,2018-01-09 09:50:19.267,10.88082
15193,2018-01-09 09:50:19.367,10.88082
15194,2018-01-09 09:50:19.467,11.02535
15195,2018-01-09 09:50:19.568,11.02535
15196,2018-01-09 09:50:19.668,11.02535
15197,2018-01-09 09:50:19.768,11.02535
15198,2018-01-09 09:50:19.868,11.02535
15199,2018-01-09 09:50:19.968,11.02535
15200,2018-01-09 09:50:20.068,11.02535
15201,2018-01-09 09:50:20.168,11.02535
15202,2018-01-09 09:50:20.268,11.02535
15203,2018-01-09 09:50:20.366,11.02535
15204,2018-01-09 09:50:20.466,11.15506
15205,2018-01-09 09:50:20.566,11.15506
15206,2018-01-09 09:50:20.666,11.15506
15207,2018-01-09 09:50:20.766,11.15506
15208,2018-01-09 09:50:20.866,11.15506
15209,2018-01-09 09:50:20.966,11.15506
15210,2018-01-09 09:50:21.066,11.15506
15211,2018-01-09 09:50:21.166,11.15506
15212,2018-01-09 09:50:21.266,11.15506
15213,2018-01-09 09:50:21.366,11.15506
15214,2018-01-09 09:50:21.466,11.34777
15215,2018-01-09 09:50:21.566,11.34777
15216,2018-01-09 09:50:21.666,11.34777
15217,2018-01-09 09:50:21.766,11.34777
15218,2018-01-09 09:50:21.866,11.34777
15219,2018-01-09 09:50:21.966,11.34777
15220,2018-01-09 09:50:22.066,11.34777
15221,2018-01-09 09:50:22.166,11.34777
15222,2018-01-09 09:50:22.266,11.34777
15223,2018-01-09 09:50:22.366,11.34777
15224,2018-01-09 09:50:22.467,11.48304
15225,2018-01-09 09:50:22.566,11.48304
15226,2018-01-09 09:50:22.667,11.48304
15227,2018-01-09 09:50:22.767,11.48304
15228,2018-01-09 09:50:22.867,11.48304
15229,2018-01-09 09:50:22.967,11.48304
15230,2018-01-09 09:50:23.067,11.48304
15231,2018-01-09 09:50:23.167,11.48304
15232,2018-01-09 09:50:23.267,11.48304
15233,2018-01-09 09:50:23.367,11.48304
15234,2018-01-09 09:50:23.468,11.60349
15235,2018-01-09 09:50:23.567,11.60349
15236,2018-01-09 09:50:23.668,11.60349
15237,2018-01-09 09:50:23.767,11.60349
15238,2018-01-09 09:50:23.868,11.60349
15239,2018-01-09 09:50:23.968,11.60349
15240,2018-01-09 09:50:24.067,11.60349
15241,2018-01-09 09:50:24.167,11.60349
15242,2018-01-09 09:50:24.267,11.60349
15243,2018-01-09 09:50:24.367,11.60349
15244,2018-01-09 09:50:24.467,11.64981
15245,2018-01-09 09:50:24.567,11.64981
15246,2018-01-09 09:50:24.667,11.64981
15247,2018-01-09 09:50:24.767,11.64981
15248,2018-01-09 09:50:24.867,11.64981
15249,2018-01-09 09:50:24.967,11.64981
15250,2018-01-09 09:50:25.067,11.64981
15251,2018-01-09 09:50:25.168,11.64981
15252,2018-01-09 09:50:25.267,11.64981
15253,2018-01-09 09:50:25.365,11.64981
15254,2018-01-09 09:50:25.465,11.73134
15255,2018-01-09 09:50:25.566,11.73134
15256,2018-01-09 09:50:25.666,11.73134
15257,2018-01-09 09:50:25.766,11.73134
15258,2018-01-09 09:50:25.866,11.73134
15259,2018-01-09 09:50:25.966,11.73134
15260,2018-01-09 09:50:26.066,11.73134
15261,2018-01-09 09:50:26.166,11.73134
15262,2018-01-09 09:50:26.266,11.73134
15263,2018-01-09 09:50:26.366,11.73134
15264,2018-01-09 09:50:26.466,11.7369
15265,2018-01-09 09:50:26.566,11.7369
15266,2018-01-09 09:50:26.666,11.7369
15267,2018-01-09 09:50:26.766,11.7369
15268,2018-01-09 09:50:26.866,11.7369
15269,2018-01-09 09:50:26.966,11.7369
15270,2018-01-09 09:50:27.066,11.7369
15271,2018-01-09 09:50:27.167,11.7369
15272,2018-01-09 09:50:27.266,11.7369
15273,2018-01-09 09:50:27.366,11.7369
15274,2018-01-09 09:50:27.466,10.41942
15275,2018-01-09 09:50:27.566,10.41942
15276,2018-01-09 09:50:27.666,10.41942
15277,2018-01-09 09:50:27.766,10.41942
15278,2018-01-09 09:50:27.866,10.41942
15279,2018-01-09 09:50:27.966,10.41942
15280,2018-01-09 09:50:28.066,10.41942
15281,2018-01-09 09:50:28.166,10.41942
15282,2018-01-09 09:50:28.266,10.41942
15283,2018-01-09 09:50:28.366,10.41942
15284,2018-01-09 09:50:28.466,10.61398
15285,2018-01-09 09:50:28.566,10.61398
15286,2018-01-09 09:50:28.667,10.61398
15287,2018-01-09 09:50:28.767,10.61398
15288,2018-01-09 09:50:28.867,10.61398
15289,2018-01-09 09:50:28.967,10.61398
15290,2018-01-09 09:50:29.067,10.61398
15291,2018-01-09 09:50:29.167,10.61398
15292,2018-01-09 09:50:29.267,10.61398
15293,2018-01-09 09:50:29.367,10.61398
15294,2018-01-09 09:50:29.467,11.0272
15295,2018-01-09 09:50:29.567,11.0272
15296,2018-01-09 09:50:29.668,11.0272
15297,2018-01-09 09:50:29.768,11.0272
15298,2018-01-09 09:50:29.868,11.0272
15299,2018-01-09 09:50:29.967,11.0272
15300,2018-01-09 09:50:30.067,11.0272
15301,2018-01-09 09:50:30.167,11.0272
15302,2018-01-09 09:50:30.267,11.0272
15303,2018-01-09 09:50:30.365,11.0272
15304,2018-01-09 09:50:30.465,11.43672
15305,2018-01-09 09:50:30.565,11.43672
15306,2018-01-09 09:50:30.665,11.43672
15307,2018-01-09 09:50:30.765,11.43672
15308,2018-01-09 09:50:30.865,11.43672
15309,2018-01-09 09:50:30.965,11.43672
15310,2018-01-09 09:50:31.065,11.43672
15311,2018-01-09 09:50:31.165,11.43672
15312,2018-01-09 09:50:31.265,11.43672
15313,2018-01-09 09:50:31.365,11.43672
15314,2018-01-09 09:50:31.465,11.81843
15315,2018-01-09 09:50:31.566,11.81843
15316,2018-01-09 09:50:31.666,11.81843
15317,2018-01-09 09:50:31.766,11.81843
15318,2018-01-09 09:50:31.866,11.81843
15319,2018-01-09 09:50:31.966,11.81843
15320,2018-01-09 09:50:32.066,11.81843
15321,2018-01-09 09:50:32.166,11.81843
15322,2018-01-09 09:50:32.266,11.81843
15323,2018-01-09 09:50:32.366,11.81843
15324,2018-01-09 09:50:32.466,12.13159
15325,2018-01-09 09:50:32.566,12.13159
15326,2018-01-09 09:50:32.666,12.13159
15327,2018-01-09 09:50:32.766,12.13159
15328,2018-01-09 09:50:32.866,12.13159
15329,2018-01-09 09:50:32.966,12.13159
15330,2018-01-09 09:50:33.066,12.13159
15331,2018-01-09 09:50:33.166,12.13159
15332,2018-01-09 09:50:33.267,12.13159
15333,2018-01-09 09:50:33.366,12.13159
15334,2018-01-09 09:50:33.467,12.23165
15335,2018-01-09 09:50:33.566,12.23165
15336,2018-01-09 09:50:33.667,12.23165
15337,2018-01-09 09:50:33.766,12.23165
15338,2018-01-09 09:50:33.866,12.23165
15339,2018-01-09 09:50:33.966,12.23165
15340,2018-01-09 09:50:34.066,12.23165
15341,2018-01-09 09:50:34.166,12.23165
15342,2018-01-09 09:50:34.266,12.23165
15343,2018-01-09 09:50:34.366,12.23165
15344,2018-01-09 09:50:34.467,12.34283
15345,2018-01-09 09:50:34.567,12.34283
15346,2018-01-09 09:50:34.667,12.34283
15347,2018-01-09 09:50:34.767,12.34283
15348,2018-01-09 09:50:34.867,12.34283
15349,2018-01-09 09:50:34.967,12.34283
15350,2018-01-09 09:50:35.067,12.34283
15351,2018-01-09 09:50:35.167,12.34283
15352,2018-01-09 09:50:35.267,12.34283
15353,2018-01-09 09:50:35.365,12.34283
15354,2018-01-09 09:50:35.465,12.4781
15355,2018-01-09 09:50:35.565,12.4781
15356,2018-01-09 09:50:35.665,12.4781
15357,2018-01-09 09:50:35.765,12.4781
15358,2018-01-09 09:50:35.865,12.4781
15359,2018-01-09 09:50:35.966,12.4781
15360,2018-01-09 09:50:36.065,12.4781
15361,2018-01-09 09:50:36.165,12.4781
15362,2018-01-09 09:50:36.265,12.4781
15363,2018-01-09 09:50:36.365,12.4781
15364,2018-01-09 09:50:36.465,12.50219
15365,2018-01-09 09:50:36.565,12.50219
15366,2018-01-09 09:50:36.665,12.50219
15367,2018-01-09 09:50:36.765,12.50219
15368,2018-01-09 09:50:36.865,12.50219
15369,2018-01-09 09:50:36.965,12.50219
15370,2018-01-09 09:50:37.065,12.50219
15371,2018-01-09 09:50:37.166,12.50219
15372,2018-01-09 09:50:37.265,12.50219
15373,2018-01-09 09:50:37.365,12.50219
15374,2018-01-09 09:50:37.465,12.48366
15375,2018-01-09 09:50:37.567,12.48366
15376,2018-01-09 09:50:37.666,12.48366
15377,2018-01-09 09:50:37.766,12.48366
15378,2018-01-09 09:50:37.866,12.48366
15379,2018-01-09 09:50:37.966,12.48366
15380,2018-01-09 09:50:38.066,12.48366
15381,2018-01-09 09:50:38.166,12.48366
15382,2018-01-09 09:50:38.266,12.48366
15383,2018-01-09 09:50:38.366,12.48366
15384,2018-01-09 09:50:38.466,12.47069
15385,2018-01-09 09:50:38.566,12.47069
15386,2018-01-09 09:50:38.666,12.47069
15387,2018-01-09 09:50:38.766,12.47069
15388,2018-01-09 09:50:38.866,12.47069
15389,2018-01-09 09:50:38.966,12.47069
15390,2018-01-09 09:50:39.066,12.47069
15391,2018-01-09 09:50:39.166,12.47069
15392,2018-01-09 09:50:39.266,12.47069
15393,2018-01-09 09:50:39.366,12.47069
15394,2018-01-09 09:50:39.466,12.47995
15395,2018-01-09 09:50:39.566,12.47995
15396,2018-01-09 09:50:39.667,12.47995
15397,2018-01-09 09:50:39.766,12.47995
15398,2018-01-09 09:50:39.866,12.47995
15399,2018-01-09 09:50:39.967,12.47995
15400,2018-01-09 09:50:40.066,12.47995
15401,2018-01-09 09:50:40.166,12.47995
15402,2018-01-09 09:50:40.266,12.47995
15403,2018-01-09 09:50:40.364,12.47995
15404,2018-01-09 09:50:40.464,13.06736
15405,2018-01-09 09:50:40.565,13.06736
15406,2018-01-09 09:50:40.665,13.06736
15407,2018-01-09 09:50:40.765,13.06736
15408,2018-01-09 09:50:40.865,13.06736
15409,2018-01-09 09:50:40.965,13.06736
15410,2018-01-09 09:50:41.065,13.06736
15411,2018-01-09 09:50:41.165,13.06736
15412,2018-01-09 09:50:41.266,13.06736
15413,2018-01-09 09:50:41.365,13.06736
15414,2018-01-09 09:50:41.465,13.0655
15415,2018-01-09 09:50:41.566,13.0655
15416,2018-01-09 09:50:41.665,13.0655
15417,2018-01-09 09:50:41.765,13.0655
15418,2018-01-09 09:50:41.866,13.0655
15419,2018-01-09 09:50:41.966,13.0655
15420,2018-01-09 09:50:42.065,13.0655
15421,2018-01-09 09:50:42.165,13.0655
15422,2018-01-09 09:50:42.265,13.0655
15423,2018-01-09 09:50:42.365,13.0655
15424,2018-01-09 09:50:42.465,13.0303
15425,2018-01-09 09:50:42.565,13.0303
15426,2018-01-09 09:50:42.665,13.0303
15427,2018-01-09 09:50:42.765,13.0303
15428,2018-01-09 09:50:42.865,13.0303
15429,2018-01-09 09:50:42.965,13.0303
15430,2018-01-09 09:50:43.065,13.0303
15431,2018-01-09 09:50:43.165,13.0303
15432,2018-01-09 09:50:43.265,13.0303
15433,2018-01-09 09:50:43.365,13.0303
15434,2018-01-09 09:50:43.465,13.07477
15435,2018-01-09 09:50:43.566,13.07477
15436,2018-01-09 09:50:43.666,13.07477
15437,2018-01-09 09:50:43.767,13.07477
15438,2018-01-09 09:50:43.866,13.07477
15439,2018-01-09 09:50:43.967,13.07477
15440,2018-01-09 09:50:44.066,13.07477
15441,2018-01-09 09:50:44.166,13.07477
15442,2018-01-09 09:50:44.266,13.07477
15443,2018-01-09 09:50:44.366,13.07477
15444,2018-01-09 09:50:44.466,12.5689
15445,2018-01-09 09:50:44.566,12.5689
15446,2018-01-09 09:50:44.666,12.5689
15447,2018-01-09 09:50:44.766,12.5689
15448,2018-01-09 09:50:44.866,12.5689
15449,2018-01-09 09:50:44.966,12.5689
15450,2018-01-09 09:50:45.066,12.5689
15451,2018-01-09 09:50:45.166,12.5689
15452,2018-01-09 09:50:45.266,12.5689
15453,2018-01-09 09:50:45.364,12.5689
15454,2018-01-09 09:50:45.464,11.36445
15455,2018-01-09 09:50:45.564,11.36445
15456,2018-01-09 09:50:45.664,11.36445
15457,2018-01-09 09:50:45.764,11.36445
15458,2018-01-09 09:50:45.864,11.36445
15459,2018-01-09 09:50:45.965,11.36445
15460,2018-01-09 09:50:46.064,11.36445
15461,2018-01-09 09:50:46.164,11.36445
15462,2018-01-09 09:50:46.264,11.36445
15463,2018-01-09 09:50:46.364,11.36445
15464,2018-01-09 09:50:46.464,12.908
15465,2018-01-09 09:50:46.565,12.908
15466,2018-01-09 09:50:46.664,12.908
15467,2018-01-09 09:50:46.765,12.908
15468,2018-01-09 09:50:46.865,12.908
15469,2018-01-09 09:50:46.965,12.908
15470,2018-01-09 09:50:47.065,12.908
15471,2018-01-09 09:50:47.165,12.908
15472,2018-01-09 09:50:47.265,12.908
15473,2018-01-09 09:50:47.365,12.908
15474,2018-01-09 09:50:47.465,12.74123
15475,2018-01-09 09:50:47.565,12.74123
15476,2018-01-09 09:50:47.665,12.74123
15477,2018-01-09 09:50:47.765,12.74123
15478,2018-01-09 09:50:47.865,12.74123
15479,2018-01-09 09:50:47.965,12.74123
15480,2018-01-09 09:50:48.065,12.74123
15481,2018-01-09 09:50:48.165,12.74123
15482,2018-01-09 09:50:48.265,12.74123
15483,2018-01-09 09:50:48.365,12.74123
15484,2018-01-09 09:50:48.465,12.44289
15485,2018-01-09 09:50:48.565,12.44289
15486,2018-01-09 09:50:48.665,12.44289
15487,2018-01-09 09:50:48.765,12.44289
15488,2018-01-09 09:50:48.865,12.44289
15489,2018-01-09 09:50:48.965,12.44289
15490,2018-01-09 09:50:49.065,12.44289
15491,2018-01-09 09:50:49.165,12.44289
15492,2018-01-09 09:50:49.265,12.44289
15493,2018-01-09 09:50:49.365,12.44289
15494,2018-01-09 09:50:49.465,11.87402
15495,2018-01-09 09:50:49.565,11.87402
15496,2018-01-09 09:50:49.665,11.87402
15497,2018-01-09 09:50:49.766,11.87402
15498,2018-01-09 09:50:49.866,11.87402
15499,2018-01-09 09:50:49.966,11.87402
15500,2018-01-09 09:50:50.066,11.87402
15501,2018-01-09 09:50:50.166,11.87402
15502,2018-01-09 09:50:50.266,11.87402
15503,2018-01-09 09:50:50.364,11.87402
15504,2018-01-09 09:50:50.464,10.67328
15505,2018-01-09 09:50:50.564,10.67328
15506,2018-01-09 09:50:50.664,10.67328
15507,2018-01-09 09:50:50.764,10.67328
15508,2018-01-09 09:50:50.864,10.67328
15509,2018-01-09 09:50:50.964,10.67328
15510,2018-01-09 09:50:51.064,10.67328
15511,2018-01-09 09:50:51.164,10.67328
15512,2018-01-09 09:50:51.264,10.67328
15513,2018-01-09 09:50:51.364,10.67328
15514,2018-01-09 09:50:51.465,10.67328
15515,2018-01-09 09:50:51.564,10.67328
15516,2018-01-09 09:50:51.665,10.67328
15517,2018-01-09 09:50:51.764,10.67328
15518,2018-01-09 09:50:51.865,10.67328
15519,2018-01-09 09:50:51.964,10.67328
15520,2018-01-09 09:50:52.065,10.67328
15521,2018-01-09 09:50:52.164,10.67328
15522,2018-01-09 09:50:52.264,10.67328
15523,2018-01-09 09:50:52.364,10.67328
15524,2018-01-09 09:50:52.464,10.67328
15525,2018-01-09 09:50:52.564,10.67328
15526,2018-01-09 09:50:52.664,10.67328
15527,2018-01-09 09:50:52.765,10.67328
15528,2018-01-09 09:50:52.865,10.67328
15529,2018-01-09 09:50:52.965,10.67328
15530,2018-01-09 09:50:53.065,10.67328
15531,2018-01-09 09:50:53.165,10.67328
15532,2018-01-09 09:50:53.266,10.67328
15533,2018-01-09 09:50:53.366,10.67328
15534,2018-01-09 09:50:53.465,10.67328
15535,2018-01-09 09:50:53.565,10.67328
15536,2018-01-09 09:50:53.665,10.67328
15537,2018-01-09 09:50:53.766,10.67328
15538,2018-01-09 09:50:53.865,10.67328
15539,2018-01-09 09:50:53.966,10.67328
15540,2018-01-09 09:50:54.065,10.67328
15541,2018-01-09 09:50:54.165,10.67328
15542,2018-01-09 09:50:54.265,10.67328
15543,2018-01-09 09:50:54.365,10.67328
15544,2018-01-09 09:50:54.465,10.67328
15545,2018-01-09 09:50:54.565,10.67328
15546,2018-01-09 09:50:54.665,10.67328
15547,2018-01-09 09:50:54.765,10.67328
15548,2018-01-09 09:50:54.865,10.67328
15549,2018-01-09 09:50:54.965,10.67328
15550,2018-01-09 09:50:55.065,10.67328
15551,2018-01-09 09:50:55.165,10.67328
15552,2018-01-09 09:50:55.265,10.67328
15553,2018-01-09 09:50:55.363,10.67328
15554,2018-01-09 09:50:55.463,10.67328
15555,2018-01-09 09:50:55.563,10.67328
15556,2018-01-09 09:50:55.664,10.67328
15557,2018-01-09 09:50:55.765,10.67328
15558,2018-01-09 09:50:55.864,10.67328
15559,2018-01-09 09:50:55.965,10.67328
15560,2018-01-09 09:50:56.064,10.67328
15561,2018-01-09 09:50:56.165,10.67328
15562,2018-01-09 09:50:56.264,10.67328
15563,2018-01-09 09:50:56.364,10.67328
15564,2018-01-09 09:50:56.464,11.39966
15565,2018-01-09 09:50:56.564,11.39966
15566,2018-01-09 09:50:56.664,11.39966
15567,2018-01-09 09:50:56.764,11.39966
15568,2018-01-09 09:50:56.864,11.39966
15569,2018-01-09 09:50:56.964,11.39966
15570,2018-01-09 09:50:57.064,11.39966
15571,2018-01-09 09:50:57.164,11.39966
15572,2018-01-09 09:50:57.264,11.39966
15573,2018-01-09 09:50:57.364,11.39966
15574,2018-01-09 09:50:57.464,11.50898
15575,2018-01-09 09:50:57.565,11.50898
15576,2018-01-09 09:50:57.665,11.50898
15577,2018-01-09 09:50:57.764,11.50898
15578,2018-01-09 09:50:57.865,11.50898
15579,2018-01-09 09:50:57.964,11.50898
15580,2018-01-09 09:50:58.065,11.50898
15581,2018-01-09 09:50:58.164,11.50898
15582,2018-01-09 09:50:58.264,11.50898
15583,2018-01-09 09:50:58.364,11.50898
15584,2018-01-09 09:50:58.464,11.78693
15585,2018-01-09 09:50:58.564,11.78693
15586,2018-01-09 09:50:58.665,11.78693
15587,2018-01-09 09:50:58.765,11.78693
15588,2018-01-09 09:50:58.865,11.78693
15589,2018-01-09 09:50:58.965,11.78693
15590,2018-01-09 09:50:59.065,11.78693
15591,2018-01-09 09:50:59.165,11.78693
15592,2018-01-09 09:50:59.265,11.78693
15593,2018-01-09 09:50:59.366,11.78693
15594,2018-01-09 09:50:59.465,11.13468
15595,2018-01-09 09:50:59.565,11.13468
15596,2018-01-09 09:50:59.665,11.13468
15597,2018-01-09 09:50:59.766,11.13468
15598,2018-01-09 09:50:59.865,11.13468
15599,2018-01-09 09:50:59.965,11.13468
15600,2018-01-09 09:51:00.065,11.13468
15601,2018-01-09 09:51:00.165,11.13468
15602,2018-01-09 09:51:00.265,11.13468
15603,2018-01-09 09:51:00.362,11.13468
15604,2018-01-09 09:51:00.462,10.64734
15605,2018-01-09 09:51:00.562,10.64734
15606,2018-01-09 09:51:00.662,10.64734
15607,2018-01-09 09:51:00.762,10.64734
15608,2018-01-09 09:51:00.862,10.64734
15609,2018-01-09 09:51:00.963,10.64734
15610,2018-01-09 09:51:01.062,10.64734
15611,2018-01-09 09:51:01.163,10.64734
15612,2018-01-09 09:51:01.263,10.64734
15613,2018-01-09 09:51:01.363,10.64734
15614,2018-01-09 09:51:01.462,10.08773
15615,2018-01-09 09:51:01.562,10.08773
15616,2018-01-09 09:51:01.663,10.08773
15617,2018-01-09 09:51:01.763,10.08773
15618,2018-01-09 09:51:01.864,10.08773
15619,2018-01-09 09:51:01.963,10.08773
15620,2018-01-09 09:51:02.064,10.08773
15621,2018-01-09 09:51:02.164,10.08773
15622,2018-01-09 09:51:02.263,10.08773
15623,2018-01-09 09:51:02.363,10.08773
15624,2018-01-09 09:51:02.463,9.537391
15625,2018-01-09 09:51:02.563,9.537391
15626,2018-01-09 09:51:02.663,9.537391
15627,2018-01-09 09:51:02.763,9.537391
15628,2018-01-09 09:51:02.863,9.537391
15629,2018-01-09 09:51:02.963,9.537391
15630,2018-01-09 09:51:03.063,9.537391
15631,2018-01-09 09:51:03.163,9.537391
15632,2018-01-09 09:51:03.263,9.537391
15633,2018-01-09 09:51:03.363,9.537391
15634,2018-01-09 09:51:03.464,9.982111
15635,2018-01-09 09:51:03.564,9.982111
15636,2018-01-09 09:51:03.664,9.982111
15637,2018-01-09 09:51:03.764,9.982111
15638,2018-01-09 09:51:03.864,9.982111
15639,2018-01-09 09:51:03.963,9.982111
15640,2018-01-09 09:51:04.064,9.982111
15641,2018-01-09 09:51:04.163,9.982111
15642,2018-01-09 09:51:04.263,9.982111
15643,2018-01-09 09:51:04.363,9.982111
15644,2018-01-09 09:51:04.463,10.15815
15645,2018-01-09 09:51:04.563,10.15815
15646,2018-01-09 09:51:04.663,10.15815
15647,2018-01-09 09:51:04.764,10.15815
15648,2018-01-09 09:51:04.864,10.15815
15649,2018-01-09 09:51:04.964,10.15815
15650,2018-01-09 09:51:05.064,10.15815
15651,2018-01-09 09:51:05.164,10.15815
15652,2018-01-09 09:51:05.265,10.15815
15653,2018-01-09 09:51:05.362,10.15815
15654,2018-01-09 09:51:05.462,10.29712
15655,2018-01-09 09:51:05.562,10.29712
15656,2018-01-09 09:51:05.662,10.29712
15657,2018-01-09 09:51:05.762,10.29712
15658,2018-01-09 09:51:05.862,10.29712
15659,2018-01-09 09:51:05.962,10.29712
15660,2018-01-09 09:51:06.062,10.29712
15661,2018-01-09 09:51:06.162,10.29712
15662,2018-01-09 09:51:06.262,10.29712
15663,2018-01-09 09:51:06.362,10.29712
15664,2018-01-09 09:51:06.462,10.32677
15665,2018-01-09 09:51:06.562,10.32677
15666,2018-01-09 09:51:06.662,10.32677
15667,2018-01-09 09:51:06.762,10.32677
15668,2018-01-09 09:51:06.862,10.32677
15669,2018-01-09 09:51:06.962,10.32677
15670,2018-01-09 09:51:07.062,10.32677
15671,2018-01-09 09:51:07.162,10.32677
15672,2018-01-09 09:51:07.262,10.32677
15673,2018-01-09 09:51:07.363,10.32677
15674,2018-01-09 09:51:07.462,10.29527
15675,2018-01-09 09:51:07.562,10.29527
15676,2018-01-09 09:51:07.662,10.29527
15677,2018-01-09 09:51:07.762,10.29527
15678,2018-01-09 09:51:07.863,10.29527
15679,2018-01-09 09:51:07.963,10.29527
15680,2018-01-09 09:51:08.063,10.29527
15681,2018-01-09 09:51:08.163,10.29527
15682,2018-01-09 09:51:08.263,10.29527
15683,2018-01-09 09:51:08.363,10.29527
15684,2018-01-09 09:51:08.463,9.752339
15685,2018-01-09 09:51:08.563,9.752339
15686,2018-01-09 09:51:08.663,9.752339
15687,2018-01-09 09:51:08.763,9.752339
15688,2018-01-09 09:51:08.863,9.752339
15689,2018-01-09 09:51:08.963,9.752339
15690,2018-01-09 09:51:09.063,9.752339
15691,2018-01-09 09:51:09.163,9.752339
15692,2018-01-09 09:51:09.263,9.752339
15693,2018-01-09 09:51:09.363,9.752339
15694,2018-01-09 09:51:09.464,9.817194
15695,2018-01-09 09:51:09.563,9.817194
15696,2018-01-09 09:51:09.663,9.817194
15697,2018-01-09 09:51:09.764,9.817194
15698,2018-01-09 09:51:09.863,9.817194
15699,2018-01-09 09:51:09.963,9.817194
15700,2018-01-09 09:51:10.063,9.817194
15701,2018-01-09 09:51:10.163,9.817194
15702,2018-01-09 09:51:10.263,9.817194
15703,2018-01-09 09:51:10.361,9.817194
15704,2018-01-09 09:51:10.461,10.00991
15705,2018-01-09 09:51:10.561,10.00991
15706,2018-01-09 09:51:10.661,10.00991
15707,2018-01-09 09:51:10.762,10.00991
15708,2018-01-09 09:51:10.861,10.00991
15709,2018-01-09 09:51:10.962,10.00991
15710,2018-01-09 09:51:11.062,10.00991
15711,2018-01-09 09:51:11.162,10.00991
15712,2018-01-09 09:51:11.262,10.00991
15713,2018-01-09 09:51:11.363,10.00991
15714,2018-01-09 09:51:11.463,10.23783
15715,2018-01-09 09:51:11.562,10.23783
15716,2018-01-09 09:51:11.663,10.23783
15717,2018-01-09 09:51:11.763,10.23783
15718,2018-01-09 09:51:11.863,10.23783
15719,2018-01-09 09:51:11.962,10.23783
15720,2018-01-09 09:51:12.062,10.23783
15721,2018-01-09 09:51:12.163,10.23783
15722,2018-01-09 09:51:12.263,10.23783
15723,2018-01-09 09:51:12.362,10.23783
15724,2018-01-09 09:51:12.462,10.55284
15725,2018-01-09 09:51:12.562,10.55284
15726,2018-01-09 09:51:12.662,10.55284
15727,2018-01-09 09:51:12.762,10.55284
15728,2018-01-09 09:51:12.862,10.55284
15729,2018-01-09 09:51:12.962,10.55284
15730,2018-01-09 09:51:13.062,10.55284
15731,2018-01-09 09:51:13.162,10.55284
15732,2018-01-09 09:51:13.262,10.55284
15733,2018-01-09 09:51:13.362,10.55284
15734,2018-01-09 09:51:13.462,10.23968
15735,2018-01-09 09:51:13.562,10.23968
15736,2018-01-09 09:51:13.663,10.23968
15737,2018-01-09 09:51:13.763,10.23968
15738,2018-01-09 09:51:13.863,10.23968
15739,2018-01-09 09:51:13.964,10.23968
15740,2018-01-09 09:51:14.063,10.23968
15741,2018-01-09 09:51:14.164,10.23968
15742,2018-01-09 09:51:14.263,10.23968
15743,2018-01-09 09:51:14.364,10.23968
15744,2018-01-09 09:51:14.463,9.094524
15745,2018-01-09 09:51:14.563,9.094524
15746,2018-01-09 09:51:14.663,9.094524
15747,2018-01-09 09:51:14.763,9.094524
15748,2018-01-09 09:51:14.863,9.094524
15749,2018-01-09 09:51:14.963,9.094524
15750,2018-01-09 09:51:15.063,9.094524
15751,2018-01-09 09:51:15.163,9.094524
15752,2018-01-09 09:51:15.263,9.094524
15753,2018-01-09 09:51:15.362,9.094524
15754,2018-01-09 09:51:15.461,8.773955
15755,2018-01-09 09:51:15.562,8.773955
15756,2018-01-09 09:51:15.661,8.773955
15757,2018-01-09 09:51:15.761,8.773955
15758,2018-01-09 09:51:15.861,8.773955
15759,2018-01-09 09:51:15.961,8.773955
15760,2018-01-09 09:51:16.061,8.773955
15761,2018-01-09 09:51:16.161,8.773955
15762,2018-01-09 09:51:16.262,8.773955
15763,2018-01-09 09:51:16.361,8.773955
15764,2018-01-09 09:51:16.461,9.429917
15765,2018-01-09 09:51:16.561,9.429917
15766,2018-01-09 09:51:16.661,9.429917
15767,2018-01-09 09:51:16.762,9.429917
15768,2018-01-09 09:51:16.862,9.429917
15769,2018-01-09 09:51:16.962,9.429917
15770,2018-01-09 09:51:17.062,9.429917
15771,2018-01-09 09:51:17.162,9.429917
15772,2018-01-09 09:51:17.262,9.429917
15773,2018-01-09 09:51:17.362,9.429917
15774,2018-01-09 09:51:17.462,9.420652
15775,2018-01-09 09:51:17.563,9.420652
15776,2018-01-09 09:51:17.662,9.420652
15777,2018-01-09 09:51:17.762,9.420652
15778,2018-01-09 09:51:17.862,9.420652
15779,2018-01-09 09:51:17.962,9.420652
15780,2018-01-09 09:51:18.063,9.420652
15781,2018-01-09 09:51:18.162,9.420652
15782,2018-01-09 09:51:18.262,9.420652
15783,2018-01-09 09:51:18.362,9.420652
15784,2018-01-09 09:51:18.462,9.313178
15785,2018-01-09 09:51:18.562,9.313178
15786,2018-01-09 09:51:18.662,9.313178
15787,2018-01-09 09:51:18.762,9.313178
15788,2018-01-09 09:51:18.862,9.313178
15789,2018-01-09 09:51:18.962,9.313178
15790,2018-01-09 09:51:19.062,9.313178
15791,2018-01-09 09:51:19.162,9.313178
15792,2018-01-09 09:51:19.262,9.313178
15793,2018-01-09 09:51:19.363,9.313178
15794,2018-01-09 09:51:19.462,9.494772
15795,2018-01-09 09:51:19.562,9.494772
15796,2018-01-09 09:51:19.662,9.494772
15797,2018-01-09 09:51:19.762,9.494772
15798,2018-01-09 09:51:19.863,9.494772
15799,2018-01-09 09:51:19.963,9.494772
15800,2018-01-09 09:51:20.064,9.494772
15801,2018-01-09 09:51:20.163,9.494772
15802,2018-01-09 09:51:20.264,9.494772
15803,2018-01-09 09:51:20.361,9.494772
15804,2018-01-09 09:51:20.461,9.470683
15805,2018-01-09 09:51:20.561,9.470683
15806,2018-01-09 09:51:20.661,9.470683
15807,2018-01-09 09:51:20.761,9.470683
15808,2018-01-09 09:51:20.861,9.470683
15809,2018-01-09 09:51:20.961,9.470683
15810,2018-01-09 09:51:21.061,9.470683
15811,2018-01-09 09:51:21.161,9.470683
15812,2018-01-09 09:51:21.261,9.470683
15813,2018-01-09 09:51:21.362,9.470683
15814,2018-01-09 09:51:21.462,9.279824
15815,2018-01-09 09:51:21.562,9.279824
15816,2018-01-09 09:51:21.662,9.279824
15817,2018-01-09 09:51:21.761,9.279824
15818,2018-01-09 09:51:21.862,9.279824
15819,2018-01-09 09:51:21.961,9.279824
15820,2018-01-09 09:51:22.061,9.279824
15821,2018-01-09 09:51:22.162,9.279824
15822,2018-01-09 09:51:22.261,9.279824
15823,2018-01-09 09:51:22.361,9.279824
15824,2018-01-09 09:51:22.461,9.537391
15825,2018-01-09 09:51:22.562,9.537391
15826,2018-01-09 09:51:22.661,9.537391
15827,2018-01-09 09:51:22.762,9.537391
15828,2018-01-09 09:51:22.862,9.537391
15829,2018-01-09 09:51:22.962,9.537391
15830,2018-01-09 09:51:23.062,9.537391
15831,2018-01-09 09:51:23.162,9.537391
15832,2018-01-09 09:51:23.262,9.537391
15833,2018-01-09 09:51:23.362,9.537391
15834,2018-01-09 09:51:23.463,9.643012
15835,2018-01-09 09:51:23.562,9.643012
15836,2018-01-09 09:51:23.662,9.643012
15837,2018-01-09 09:51:23.763,9.643012
15838,2018-01-09 09:51:23.862,9.643012
15839,2018-01-09 09:51:23.962,9.643012
15840,2018-01-09 09:51:24.063,9.643012
15841,2018-01-09 09:51:24.163,9.643012
15842,2018-01-09 09:51:24.262,9.643012
15843,2018-01-09 09:51:24.362,9.643012
15844,2018-01-09 09:51:24.462,9.846842
15845,2018-01-09 09:51:24.562,9.846842
15846,2018-01-09 09:51:24.662,9.846842
15847,2018-01-09 09:51:24.762,9.846842
15848,2018-01-09 09:51:24.862,9.846842
15849,2018-01-09 09:51:24.962,9.846842
15850,2018-01-09 09:51:25.062,9.846842
15851,2018-01-09 09:51:25.163,9.846842
15852,2018-01-09 09:51:25.262,9.846842
15853,2018-01-09 09:51:25.360,9.846842
15854,2018-01-09 09:51:25.461,9.930227
15855,2018-01-09 09:51:25.561,9.930227
15856,2018-01-09 09:51:25.661,9.930227
15857,2018-01-09 09:51:25.760,9.930227
15858,2018-01-09 09:51:25.861,9.930227
15859,2018-01-09 09:51:25.961,9.930227
15860,2018-01-09 09:51:26.061,9.930227
15861,2018-01-09 09:51:26.162,9.930227
15862,2018-01-09 09:51:26.261,9.930227
15863,2018-01-09 09:51:26.361,9.930227
15864,2018-01-09 09:51:26.461,9.930227
15865,2018-01-09 09:51:26.561,10.21744
15866,2018-01-09 09:51:26.661,10.21744
15867,2018-01-09 09:51:26.761,10.21744
15868,2018-01-09 09:51:26.861,10.21744
15869,2018-01-09 09:51:26.961,10.21744
15870,2018-01-09 09:51:27.061,10.21744
15871,2018-01-09 09:51:27.161,10.21744
15872,2018-01-09 09:51:27.261,10.21744
15873,2018-01-09 09:51:27.361,10.21744
15874,2018-01-09 09:51:27.461,10.21744
15875,2018-01-09 09:51:27.561,9.924668
15876,2018-01-09 09:51:27.661,9.924668
15877,2018-01-09 09:51:27.762,9.924668
15878,2018-01-09 09:51:27.861,9.924668
15879,2018-01-09 09:51:27.962,9.924668
15880,2018-01-09 09:51:28.061,9.924668
15881,2018-01-09 09:51:28.161,9.924668
15882,2018-01-09 09:51:28.262,9.924668
15883,2018-01-09 09:51:28.361,9.924668
15884,2018-01-09 09:51:28.461,9.995082
15885,2018-01-09 09:51:28.561,9.995082
15886,2018-01-09 09:51:28.661,9.995082
15887,2018-01-09 09:51:28.761,9.995082
15888,2018-01-09 09:51:28.861,9.995082
15889,2018-01-09 09:51:28.961,9.995082
15890,2018-01-09 09:51:29.062,9.995082
15891,2018-01-09 09:51:29.162,9.995082
15892,2018-01-09 09:51:29.262,9.995082
15893,2018-01-09 09:51:29.362,9.995082
15894,2018-01-09 09:51:29.462,9.882049
15895,2018-01-09 09:51:29.563,9.882049
15896,2018-01-09 09:51:29.662,9.882049
15897,2018-01-09 09:51:29.762,9.882049
15898,2018-01-09 09:51:29.863,9.882049
15899,2018-01-09 09:51:29.962,9.882049
15900,2018-01-09 09:51:30.062,9.882049
15901,2018-01-09 09:51:30.162,9.882049
15902,2018-01-09 09:51:30.262,9.882049
15903,2018-01-09 09:51:30.360,9.882049
15904,2018-01-09 09:51:30.460,10.14703
15905,2018-01-09 09:51:30.560,10.14703
15906,2018-01-09 09:51:30.660,10.14703
15907,2018-01-09 09:51:30.760,10.14703
15908,2018-01-09 09:51:30.860,10.14703
15909,2018-01-09 09:51:30.960,10.14703
15910,2018-01-09 09:51:31.060,10.14703
15911,2018-01-09 09:51:31.160,10.14703
15912,2018-01-09 09:51:31.260,10.14703
15913,2018-01-09 09:51:31.360,10.14703
15914,2018-01-09 09:51:31.460,9.937639
15915,2018-01-09 09:51:31.560,9.937639
15916,2018-01-09 09:51:31.660,9.937639
15917,2018-01-09 09:51:31.760,9.937639
15918,2018-01-09 09:51:31.861,9.937639
15919,2018-01-09 09:51:31.960,9.937639
15920,2018-01-09 09:51:32.061,9.937639
15921,2018-01-09 09:51:32.161,9.937639
15922,2018-01-09 09:51:32.261,9.937639
15923,2018-01-09 09:51:32.361,9.937639
15924,2018-01-09 09:51:32.461,10.2823
15925,2018-01-09 09:51:32.561,10.2823
15926,2018-01-09 09:51:32.661,10.2823
15927,2018-01-09 09:51:32.761,10.2823
15928,2018-01-09 09:51:32.861,10.2823
15929,2018-01-09 09:51:32.961,10.2823
15930,2018-01-09 09:51:33.061,10.2823
15931,2018-01-09 09:51:33.161,10.2823
15932,2018-01-09 09:51:33.261,10.2823
15933,2018-01-09 09:51:33.361,10.2823
15934,2018-01-09 09:51:33.461,10.28971
15935,2018-01-09 09:51:33.561,10.28971
15936,2018-01-09 09:51:33.661,10.28971
15937,2018-01-09 09:51:33.761,10.28971
15938,2018-01-09 09:51:33.861,10.28971
15939,2018-01-09 09:51:33.961,10.28971
15940,2018-01-09 09:51:34.061,10.28971
15941,2018-01-09 09:51:34.161,10.28971
15942,2018-01-09 09:51:34.261,10.28971
15943,2018-01-09 09:51:34.361,10.28971
15944,2018-01-09 09:51:34.461,10.15815
15945,2018-01-09 09:51:34.561,10.15815
15946,2018-01-09 09:51:34.661,10.15815
15947,2018-01-09 09:51:34.761,10.15815
15948,2018-01-09 09:51:34.861,10.15815
15949,2018-01-09 09:51:34.962,10.15815
15950,2018-01-09 09:51:35.062,10.15815
15951,2018-01-09 09:51:35.162,10.15815
15952,2018-01-09 09:51:35.262,10.15815
15953,2018-01-09 09:51:35.360,10.15815
15954,2018-01-09 09:51:35.460,10.18594
15955,2018-01-09 09:51:35.560,10.18594
15956,2018-01-09 09:51:35.660,10.18594
15957,2018-01-09 09:51:35.761,10.18594
15958,2018-01-09 09:51:35.861,10.18594
15959,2018-01-09 09:51:35.960,10.18594
15960,2018-01-09 09:51:36.060,10.18594
15961,2018-01-09 09:51:36.160,10.18594
15962,2018-01-09 09:51:36.260,10.18594
15963,2018-01-09 09:51:36.360,10.18594
15964,2018-01-09 09:51:36.460,10.15629
15965,2018-01-09 09:51:36.560,10.15629
15966,2018-01-09 09:51:36.660,10.15629
15967,2018-01-09 09:51:36.760,10.15629
15968,2018-01-09 09:51:36.860,10.15629
15969,2018-01-09 09:51:36.960,10.15629
15970,2018-01-09 09:51:37.060,10.15629
15971,2018-01-09 09:51:37.160,10.15629
15972,2018-01-09 09:51:37.260,10.15629
15973,2018-01-09 09:51:37.360,10.15629
15974,2018-01-09 09:51:37.460,10.22856
15975,2018-01-09 09:51:37.561,10.22856
15976,2018-01-09 09:51:37.661,10.22856
15977,2018-01-09 09:51:37.760,10.22856
15978,2018-01-09 09:51:37.860,10.22856
15979,2018-01-09 09:51:37.961,10.22856
15980,2018-01-09 09:51:38.061,10.22856
15981,2018-01-09 09:51:38.161,10.22856
15982,2018-01-09 09:51:38.261,10.22856
15983,2018-01-09 09:51:38.361,10.22856
15984,2018-01-09 09:51:38.461,10.27489
15985,2018-01-09 09:51:38.561,10.27489
15986,2018-01-09 09:51:38.661,10.27489
15987,2018-01-09 09:51:38.761,10.27489
15988,2018-01-09 09:51:38.861,10.27489
15989,2018-01-09 09:51:38.961,10.27489
15990,2018-01-09 09:51:39.061,10.27489
15991,2018-01-09 09:51:39.161,10.27489
15992,2018-01-09 09:51:39.261,10.27489
15993,2018-01-09 09:51:39.361,10.27489
15994,2018-01-09 09:51:39.461,10.38977
15995,2018-01-09 09:51:39.561,10.38977
15996,2018-01-09 09:51:39.662,10.38977
15997,2018-01-09 09:51:39.762,10.38977
15998,2018-01-09 09:51:39.862,10.38977
15999,2018-01-09 09:51:39.962,10.38977
16000,2018-01-09 09:51:40.062,10.38977
16001,2018-01-09 09:51:40.162,10.38977
16002,2018-01-09 09:51:40.261,10.38977
16003,2018-01-09 09:51:40.359,10.38977
16004,2018-01-09 09:51:40.459,10.45277
16005,2018-01-09 09:51:40.559,10.45277
16006,2018-01-09 09:51:40.659,10.45277
16007,2018-01-09 09:51:40.759,10.45277
16008,2018-01-09 09:51:40.859,10.45277
16009,2018-01-09 09:51:40.959,10.45277
16010,2018-01-09 09:51:41.059,10.45277
16011,2018-01-09 09:51:41.160,10.45277
16012,2018-01-09 09:51:41.260,10.45277
16013,2018-01-09 09:51:41.360,10.45277
16014,2018-01-09 09:51:41.460,10.68069
16015,2018-01-09 09:51:41.560,10.68069
16016,2018-01-09 09:51:41.660,10.68069
16017,2018-01-09 09:51:41.760,10.68069
16018,2018-01-09 09:51:41.860,10.68069
16019,2018-01-09 09:51:41.960,10.68069
16020,2018-01-09 09:51:42.060,10.68069
16021,2018-01-09 09:51:42.160,10.68069
16022,2018-01-09 09:51:42.260,10.68069
16023,2018-01-09 09:51:42.361,10.68069
16024,2018-01-09 09:51:42.460,10.80299
16025,2018-01-09 09:51:42.560,10.80299
16026,2018-01-09 09:51:42.660,10.80299
16027,2018-01-09 09:51:42.760,10.80299
16028,2018-01-09 09:51:42.860,10.80299
16029,2018-01-09 09:51:42.960,10.80299
16030,2018-01-09 09:51:43.060,10.80299
16031,2018-01-09 09:51:43.160,10.80299
16032,2018-01-09 09:51:43.260,10.80299
16033,2018-01-09 09:51:43.360,10.80299
16034,2018-01-09 09:51:43.460,10.64548
16035,2018-01-09 09:51:43.560,10.64548
16036,2018-01-09 09:51:43.661,10.64548
16037,2018-01-09 09:51:43.760,10.64548
16038,2018-01-09 09:51:43.860,10.64548
16039,2018-01-09 09:51:43.961,10.64548
16040,2018-01-09 09:51:44.062,10.64548
16041,2018-01-09 09:51:44.161,10.64548
16042,2018-01-09 09:51:44.262,10.64548
16043,2018-01-09 09:51:44.361,10.64548
16044,2018-01-09 09:51:44.461,10.5028
16045,2018-01-09 09:51:44.561,10.5028
16046,2018-01-09 09:51:44.661,10.5028
16047,2018-01-09 09:51:44.761,10.5028
16048,2018-01-09 09:51:44.861,10.5028
16049,2018-01-09 09:51:44.961,10.5028
16050,2018-01-09 09:51:45.061,10.5028
16051,2018-01-09 09:51:45.161,10.5028
16052,2018-01-09 09:51:45.261,10.5028
16053,2018-01-09 09:51:45.359,10.5028
16054,2018-01-09 09:51:45.460,10.5936
16055,2018-01-09 09:51:45.560,10.5936
16056,2018-01-09 09:51:45.659,10.5936
16057,2018-01-09 09:51:45.760,10.5936
16058,2018-01-09 09:51:45.859,10.5936
16059,2018-01-09 09:51:45.960,10.5936
16060,2018-01-09 09:51:46.059,10.5936
16061,2018-01-09 09:51:46.160,10.5936
16062,2018-01-09 09:51:46.259,10.5936
16063,2018-01-09 09:51:46.359,10.5936
16064,2018-01-09 09:51:46.459,10.73443
16065,2018-01-09 09:51:46.559,10.73443
16066,2018-01-09 09:51:46.659,10.73443
16067,2018-01-09 09:51:46.759,10.73443
16068,2018-01-09 09:51:46.859,10.73443
16069,2018-01-09 09:51:46.959,10.73443
16070,2018-01-09 09:51:47.060,10.73443
16071,2018-01-09 09:51:47.160,10.73443
16072,2018-01-09 09:51:47.260,10.73443
16073,2018-01-09 09:51:47.360,10.73443
16074,2018-01-09 09:51:47.460,10.86784
16075,2018-01-09 09:51:47.560,10.86784
16076,2018-01-09 09:51:47.661,10.86784
16077,2018-01-09 09:51:47.761,10.86784
16078,2018-01-09 09:51:47.861,10.86784
16079,2018-01-09 09:51:47.961,10.86784
16080,2018-01-09 09:51:48.060,10.86784
16081,2018-01-09 09:51:48.160,10.86784
16082,2018-01-09 09:51:48.260,10.86784
16083,2018-01-09 09:51:48.360,10.86784
16084,2018-01-09 09:51:48.460,10.98458
16085,2018-01-09 09:51:48.560,10.98458
16086,2018-01-09 09:51:48.660,10.98458
16087,2018-01-09 09:51:48.760,10.98458
16088,2018-01-09 09:51:48.860,10.98458
16089,2018-01-09 09:51:48.960,10.98458
16090,2018-01-09 09:51:49.060,10.98458
16091,2018-01-09 09:51:49.160,10.98458
16092,2018-01-09 09:51:49.260,10.98458
16093,2018-01-09 09:51:49.360,10.98458
16094,2018-01-09 09:51:49.460,10.96976
16095,2018-01-09 09:51:49.561,10.96976
16096,2018-01-09 09:51:49.660,10.96976
16097,2018-01-09 09:51:49.760,10.96976
16098,2018-01-09 09:51:49.860,10.96976
16099,2018-01-09 09:51:49.960,10.96976
16100,2018-01-09 09:51:50.061,10.96976
16101,2018-01-09 09:51:50.161,10.96976
16102,2018-01-09 09:51:50.262,10.96976
16103,2018-01-09 09:51:50.359,10.96976
16104,2018-01-09 09:51:50.459,10.99385
16105,2018-01-09 09:51:50.559,10.99385
16106,2018-01-09 09:51:50.659,10.99385
16107,2018-01-09 09:51:50.759,10.99385
16108,2018-01-09 09:51:50.859,10.99385
16109,2018-01-09 09:51:50.959,10.99385
16110,2018-01-09 09:51:51.059,10.99385
16111,2018-01-09 09:51:51.159,10.99385
16112,2018-01-09 09:51:51.259,10.99385
16113,2018-01-09 09:51:51.359,10.99385
16114,2018-01-09 09:51:51.460,10.94197
16115,2018-01-09 09:51:51.560,10.94197
16116,2018-01-09 09:51:51.659,10.94197
16117,2018-01-09 09:51:51.760,10.94197
16118,2018-01-09 09:51:51.860,10.94197
16119,2018-01-09 09:51:51.960,10.94197
16120,2018-01-09 09:51:52.059,10.94197
16121,2018-01-09 09:51:52.159,10.94197
16122,2018-01-09 09:51:52.260,10.94197
16123,2018-01-09 09:51:52.359,10.94197
16124,2018-01-09 09:51:52.459,10.94567
16125,2018-01-09 09:51:52.559,10.94567
16126,2018-01-09 09:51:52.659,10.94567
16127,2018-01-09 09:51:52.759,10.94567
16128,2018-01-09 09:51:52.859,10.94567
16129,2018-01-09 09:51:52.959,10.94567
16130,2018-01-09 09:51:53.059,10.94567
16131,2018-01-09 09:51:53.159,10.94567
16132,2018-01-09 09:51:53.260,10.94567
16133,2018-01-09 09:51:53.360,10.94567
16134,2018-01-09 09:51:53.460,10.83449
16135,2018-01-09 09:51:53.561,10.83449
16136,2018-01-09 09:51:53.660,10.83449
16137,2018-01-09 09:51:53.760,10.83449
16138,2018-01-09 09:51:53.860,10.83449
16139,2018-01-09 09:51:53.961,10.83449
16140,2018-01-09 09:51:54.061,10.83449
16141,2018-01-09 09:51:54.160,10.83449
16142,2018-01-09 09:51:54.261,10.83449
16143,2018-01-09 09:51:54.361,10.83449
16144,2018-01-09 09:51:54.460,10.68069
16145,2018-01-09 09:51:54.560,10.68069
16146,2018-01-09 09:51:54.660,10.68069
16147,2018-01-09 09:51:54.760,10.68069
16148,2018-01-09 09:51:54.860,10.68069
16149,2018-01-09 09:51:54.960,10.68069
16150,2018-01-09 09:51:55.060,10.68069
16151,2018-01-09 09:51:55.160,10.68069
16152,2018-01-09 09:51:55.260,10.68069
16153,2018-01-09 09:51:55.358,10.68069
16154,2018-01-09 09:51:55.459,10.47871
16155,2018-01-09 09:51:55.559,10.47871
16156,2018-01-09 09:51:55.658,10.47871
16157,2018-01-09 09:51:55.758,10.47871
16158,2018-01-09 09:51:55.859,10.47871
16159,2018-01-09 09:51:55.958,10.47871
16160,2018-01-09 09:51:56.058,10.47871
16161,2018-01-09 09:51:56.160,10.47871
16162,2018-01-09 09:51:56.259,10.47871
16163,2018-01-09 09:51:56.359,10.47871
16164,2018-01-09 09:51:56.459,10.39348
16165,2018-01-09 09:51:56.559,10.39348
16166,2018-01-09 09:51:56.659,10.39348
16167,2018-01-09 09:51:56.759,10.39348
16168,2018-01-09 09:51:56.859,10.39348
16169,2018-01-09 09:51:56.959,10.39348
16170,2018-01-09 09:51:57.059,10.39348
16171,2018-01-09 09:51:57.159,10.39348
16172,2018-01-09 09:51:57.259,10.39348
16173,2018-01-09 09:51:57.359,10.39348
16174,2018-01-09 09:51:57.459,10.26747
16175,2018-01-09 09:51:57.560,10.26747
16176,2018-01-09 09:51:57.660,10.26747
16177,2018-01-09 09:51:57.759,10.26747
16178,2018-01-09 09:51:57.859,10.26747
16179,2018-01-09 09:51:57.959,10.26747
16180,2018-01-09 09:51:58.059,10.26747
16181,2018-01-09 09:51:58.160,10.26747
16182,2018-01-09 09:51:58.260,10.26747
16183,2018-01-09 09:51:58.359,10.26747
16184,2018-01-09 09:51:58.459,10.26747
16185,2018-01-09 09:51:58.559,10.50651
16186,2018-01-09 09:51:58.659,10.50651
16187,2018-01-09 09:51:58.759,10.50651
16188,2018-01-09 09:51:58.859,10.50651
16189,2018-01-09 09:51:58.959,10.50651
16190,2018-01-09 09:51:59.059,10.50651
16191,2018-01-09 09:51:59.159,10.50651
16192,2018-01-09 09:51:59.260,10.50651
16193,2018-01-09 09:51:59.360,10.50651
16194,2018-01-09 09:51:59.460,10.50651
16195,2018-01-09 09:51:59.560,10.89749
16196,2018-01-09 09:51:59.660,10.89749
16197,2018-01-09 09:51:59.760,10.89749
16198,2018-01-09 09:51:59.860,10.89749
16199,2018-01-09 09:51:59.960,10.89749
16200,2018-01-09 09:52:00.061,10.89749
16201,2018-01-09 09:52:00.161,10.89749
16202,2018-01-09 09:52:00.261,10.89749
16203,2018-01-09 09:52:00.358,10.89749
16204,2018-01-09 09:52:00.458,10.89749
16205,2018-01-09 09:52:00.558,11.22547
16206,2018-01-09 09:52:00.658,11.22547
16207,2018-01-09 09:52:00.758,11.22547
16208,2018-01-09 09:52:00.858,11.22547
16209,2018-01-09 09:52:00.958,11.22547
16210,2018-01-09 09:52:01.058,11.22547
16211,2018-01-09 09:52:01.158,11.22547
16212,2018-01-09 09:52:01.258,11.22547
16213,2018-01-09 09:52:01.358,11.22547
16214,2018-01-09 09:52:01.458,11.22547
16215,2018-01-09 09:52:01.558,11.3626
16216,2018-01-09 09:52:01.658,11.3626
16217,2018-01-09 09:52:01.758,11.3626
16218,2018-01-09 09:52:01.858,11.3626
16219,2018-01-09 09:52:01.958,11.3626
16220,2018-01-09 09:52:02.059,11.3626
16221,2018-01-09 09:52:02.158,11.3626
16222,2018-01-09 09:52:02.259,11.3626
16223,2018-01-09 09:52:02.359,11.3626
16224,2018-01-09 09:52:02.459,11.28106
16225,2018-01-09 09:52:02.559,11.28106
16226,2018-01-09 09:52:02.659,11.28106
16227,2018-01-09 09:52:02.759,11.28106
16228,2018-01-09 09:52:02.859,11.28106
16229,2018-01-09 09:52:02.959,11.28106
16230,2018-01-09 09:52:03.059,11.28106
16231,2018-01-09 09:52:03.159,11.28106
16232,2018-01-09 09:52:03.259,11.28106
16233,2018-01-09 09:52:03.359,11.28106
16234,2018-01-09 09:52:03.459,11.28106
16235,2018-01-09 09:52:03.559,11.13838
16236,2018-01-09 09:52:03.659,11.13838
16237,2018-01-09 09:52:03.760,11.13838
16238,2018-01-09 09:52:03.859,11.13838
16239,2018-01-09 09:52:03.959,11.13838
16240,2018-01-09 09:52:04.059,11.13838
16241,2018-01-09 09:52:04.159,11.13838
16242,2018-01-09 09:52:04.259,11.13838
16243,2018-01-09 09:52:04.359,11.13838
16244,2018-01-09 09:52:04.459,10.95494
16245,2018-01-09 09:52:04.559,10.95494
16246,2018-01-09 09:52:04.659,10.95494
16247,2018-01-09 09:52:04.759,10.95494
16248,2018-01-09 09:52:04.859,10.95494
16249,2018-01-09 09:52:04.959,10.95494
16250,2018-01-09 09:52:05.059,10.95494
16251,2018-01-09 09:52:05.160,10.95494
16252,2018-01-09 09:52:05.260,10.95494
16253,2018-01-09 09:52:05.358,10.95494
16254,2018-01-09 09:52:05.458,10.91232
16255,2018-01-09 09:52:05.559,10.91232
16256,2018-01-09 09:52:05.658,10.91232
16257,2018-01-09 09:52:05.759,10.91232
16258,2018-01-09 09:52:05.859,10.91232
16259,2018-01-09 09:52:05.958,10.91232
16260,2018-01-09 09:52:06.058,10.91232
16261,2018-01-09 09:52:06.159,10.91232
16262,2018-01-09 09:52:06.259,10.91232
16263,2018-01-09 09:52:06.359,10.91232
16264,2018-01-09 09:52:06.459,11.02906
16265,2018-01-09 09:52:06.558,11.02906
16266,2018-01-09 09:52:06.658,11.02906
16267,2018-01-09 09:52:06.758,11.02906
16268,2018-01-09 09:52:06.858,11.02906
16269,2018-01-09 09:52:06.958,11.02906
16270,2018-01-09 09:52:07.058,11.02906
16271,2018-01-09 09:52:07.158,11.02906
16272,2018-01-09 09:52:07.258,11.02906
16273,2018-01-09 09:52:07.358,11.02906
16274,2018-01-09 09:52:07.458,11.26624
16275,2018-01-09 09:52:07.559,11.26624
16276,2018-01-09 09:52:07.659,11.26624
16277,2018-01-09 09:52:07.759,11.26624
16278,2018-01-09 09:52:07.858,11.26624
16279,2018-01-09 09:52:07.959,11.26624
16280,2018-01-09 09:52:08.058,11.26624
16281,2018-01-09 09:52:08.159,11.26624
16282,2018-01-09 09:52:08.259,11.26624
16283,2018-01-09 09:52:08.360,11.26624
16284,2018-01-09 09:52:08.459,11.57569
16285,2018-01-09 09:52:08.559,11.57569
16286,2018-01-09 09:52:08.659,11.57569
16287,2018-01-09 09:52:08.759,11.57569
16288,2018-01-09 09:52:08.859,11.57569
16289,2018-01-09 09:52:08.959,11.57569
16290,2018-01-09 09:52:09.059,11.57569
16291,2018-01-09 09:52:09.159,11.57569
16292,2018-01-09 09:52:09.259,11.57569
16293,2018-01-09 09:52:09.360,11.57569
16294,2018-01-09 09:52:09.459,11.72393
16295,2018-01-09 09:52:09.559,11.72393
16296,2018-01-09 09:52:09.660,11.72393
16297,2018-01-09 09:52:09.760,11.72393
16298,2018-01-09 09:52:09.859,11.72393
16299,2018-01-09 09:52:09.960,11.72393
16300,2018-01-09 09:52:10.060,11.72393
16301,2018-01-09 09:52:10.160,11.72393
16302,2018-01-09 09:52:10.259,11.72393
16303,2018-01-09 09:52:10.357,11.72393
16304,2018-01-09 09:52:10.457,11.58681
16305,2018-01-09 09:52:10.557,11.58681
16306,2018-01-09 09:52:10.657,11.58681
16307,2018-01-09 09:52:10.757,11.58681
16308,2018-01-09 09:52:10.857,11.58681
16309,2018-01-09 09:52:10.957,11.58681
16310,2018-01-09 09:52:11.057,11.58681
16311,2018-01-09 09:52:11.157,11.58681
16312,2018-01-09 09:52:11.258,11.58681
16313,2018-01-09 09:52:11.358,11.58681
16314,2018-01-09 09:52:11.458,11.74987
16315,2018-01-09 09:52:11.558,11.74987
16316,2018-01-09 09:52:11.658,11.74987
16317,2018-01-09 09:52:11.758,11.74987
16318,2018-01-09 09:52:11.858,11.74987
16319,2018-01-09 09:52:11.958,11.74987
16320,2018-01-09 09:52:12.058,11.74987
16321,2018-01-09 09:52:12.158,11.74987
16322,2018-01-09 09:52:12.258,11.74987
16323,2018-01-09 09:52:12.359,11.74987
16324,2018-01-09 09:52:12.458,11.70725
16325,2018-01-09 09:52:12.558,11.70725
16326,2018-01-09 09:52:12.658,11.70725
16327,2018-01-09 09:52:12.758,11.70725
16328,2018-01-09 09:52:12.858,11.70725
16329,2018-01-09 09:52:12.958,11.70725
16330,2018-01-09 09:52:13.058,11.70725
16331,2018-01-09 09:52:13.158,11.70725
16332,2018-01-09 09:52:13.258,11.70725
16333,2018-01-09 09:52:13.358,11.70725
16334,2018-01-09 09:52:13.458,11.69428
16335,2018-01-09 09:52:13.558,11.69428
16336,2018-01-09 09:52:13.658,11.69428
16337,2018-01-09 09:52:13.758,11.69428
16338,2018-01-09 09:52:13.858,11.69428
16339,2018-01-09 09:52:13.958,11.69428
16340,2018-01-09 09:52:14.058,11.69428
16341,2018-01-09 09:52:14.158,11.69428
16342,2018-01-09 09:52:14.259,11.69428
16343,2018-01-09 09:52:14.359,11.69428
16344,2018-01-09 09:52:14.459,11.7369
16345,2018-01-09 09:52:14.559,11.7369
16346,2018-01-09 09:52:14.659,11.7369
16347,2018-01-09 09:52:14.759,11.7369
16348,2018-01-09 09:52:14.859,11.7369
16349,2018-01-09 09:52:14.959,11.7369
16350,2018-01-09 09:52:15.059,11.7369
16351,2018-01-09 09:52:15.159,11.7369
16352,2018-01-09 09:52:15.259,11.7369
16353,2018-01-09 09:52:15.357,11.7369
16354,2018-01-09 09:52:15.457,11.8314
16355,2018-01-09 09:52:15.558,11.8314
16356,2018-01-09 09:52:15.658,11.8314
16357,2018-01-09 09:52:15.757,11.8314
16358,2018-01-09 09:52:15.858,11.8314
16359,2018-01-09 09:52:15.958,11.8314
16360,2018-01-09 09:52:16.057,11.8314
16361,2018-01-09 09:52:16.157,11.8314
16362,2018-01-09 09:52:16.258,11.8314
16363,2018-01-09 09:52:16.358,11.8314
16364,2018-01-09 09:52:16.457,11.92035
16365,2018-01-09 09:52:16.557,11.92035
16366,2018-01-09 09:52:16.657,11.92035
16367,2018-01-09 09:52:16.757,11.92035
16368,2018-01-09 09:52:16.857,11.92035
16369,2018-01-09 09:52:16.957,11.92035
16370,2018-01-09 09:52:17.057,11.92035
16371,2018-01-09 09:52:17.157,11.92035
16372,2018-01-09 09:52:17.258,11.92035
16373,2018-01-09 09:52:17.358,11.92035
16374,2018-01-09 09:52:17.458,12.0723
16375,2018-01-09 09:52:17.558,12.0723
16376,2018-01-09 09:52:17.658,12.0723
16377,2018-01-09 09:52:17.758,12.0723
16378,2018-01-09 09:52:17.859,12.0723
16379,2018-01-09 09:52:17.959,12.0723
16380,2018-01-09 09:52:18.059,12.0723
16381,2018-01-09 09:52:18.158,12.0723
16382,2018-01-09 09:52:18.258,12.0723
16383,2018-01-09 09:52:18.359,12.0723
16384,2018-01-09 09:52:18.458,11.82399
16385,2018-01-09 09:52:18.558,11.82399
16386,2018-01-09 09:52:18.658,11.82399
16387,2018-01-09 09:52:18.758,11.82399
16388,2018-01-09 09:52:18.858,11.82399
16389,2018-01-09 09:52:18.958,11.82399
16390,2018-01-09 09:52:19.058,11.82399
16391,2018-01-09 09:52:19.158,11.82399
16392,2018-01-09 09:52:19.258,11.82399
16393,2018-01-09 09:52:19.358,11.82399
16394,2018-01-09 09:52:19.458,11.58125
16395,2018-01-09 09:52:19.559,11.58125
16396,2018-01-09 09:52:19.658,11.58125
16397,2018-01-09 09:52:19.759,11.58125
16398,2018-01-09 09:52:19.859,11.58125
16399,2018-01-09 09:52:19.959,11.58125
16400,2018-01-09 09:52:20.058,11.58125
16401,2018-01-09 09:52:20.159,11.58125
16402,2018-01-09 09:52:20.259,11.58125
16403,2018-01-09 09:52:20.358,11.58125
16404,2018-01-09 09:52:20.457,11.40336
16405,2018-01-09 09:52:20.557,11.40336
16406,2018-01-09 09:52:20.657,11.40336
16407,2018-01-09 09:52:20.757,11.40336
16408,2018-01-09 09:52:20.857,11.40336
16409,2018-01-09 09:52:20.957,11.40336
16410,2018-01-09 09:52:21.057,11.40336
16411,2018-01-09 09:52:21.157,11.40336
16412,2018-01-09 09:52:21.257,11.40336
16413,2018-01-09 09:52:21.357,11.40336
16414,2018-01-09 09:52:21.457,11.24956
16415,2018-01-09 09:52:21.557,11.24956
16416,2018-01-09 09:52:21.657,11.24956
16417,2018-01-09 09:52:21.757,11.24956
16418,2018-01-09 09:52:21.857,11.24956
16419,2018-01-09 09:52:21.957,11.24956
16420,2018-01-09 09:52:22.057,11.24956
16421,2018-01-09 09:52:22.157,11.24956
16422,2018-01-09 09:52:22.257,11.24956
16423,2018-01-09 09:52:22.357,11.24956
16424,2018-01-09 09:52:22.457,11.1495
16425,2018-01-09 09:52:22.557,11.1495
16426,2018-01-09 09:52:22.657,11.1495
16427,2018-01-09 09:52:22.757,11.1495
16428,2018-01-09 09:52:22.857,11.1495
16429,2018-01-09 09:52:22.957,11.1495
16430,2018-01-09 09:52:23.057,11.1495
16431,2018-01-09 09:52:23.157,11.1495
16432,2018-01-09 09:52:23.257,11.1495
16433,2018-01-09 09:52:23.358,11.1495
16434,2018-01-09 09:52:23.458,11.19768
16435,2018-01-09 09:52:23.558,11.19768
16436,2018-01-09 09:52:23.658,11.19768
16437,2018-01-09 09:52:23.758,11.19768
16438,2018-01-09 09:52:23.858,11.19768
16439,2018-01-09 09:52:23.958,11.19768
16440,2018-01-09 09:52:24.058,11.19768
16441,2018-01-09 09:52:24.158,11.19768
16442,2018-01-09 09:52:24.258,11.19768
16443,2018-01-09 09:52:24.358,11.19768
16444,2018-01-09 09:52:24.458,11.30145
16445,2018-01-09 09:52:24.559,11.30145
16446,2018-01-09 09:52:24.658,11.30145
16447,2018-01-09 09:52:24.758,11.30145
16448,2018-01-09 09:52:24.858,11.30145
16449,2018-01-09 09:52:24.958,11.30145
16450,2018-01-09 09:52:25.058,11.30145
16451,2018-01-09 09:52:25.158,11.30145
16452,2018-01-09 09:52:25.258,11.30145
16453,2018-01-09 09:52:25.356,11.30145
16454,2018-01-09 09:52:25.456,11.26253
16455,2018-01-09 09:52:25.556,11.26253
16456,2018-01-09 09:52:25.656,11.26253
16457,2018-01-09 09:52:25.756,11.26253
16458,2018-01-09 09:52:25.856,11.26253
16459,2018-01-09 09:52:25.956,11.26253
16460,2018-01-09 09:52:26.056,11.26253
16461,2018-01-09 09:52:26.156,11.26253
16462,2018-01-09 09:52:26.256,11.26253
16463,2018-01-09 09:52:26.358,11.26253
16464,2018-01-09 09:52:26.458,11.2125
16465,2018-01-09 09:52:26.557,11.2125
16466,2018-01-09 09:52:26.657,11.2125
16467,2018-01-09 09:52:26.757,11.2125
16468,2018-01-09 09:52:26.857,11.2125
16469,2018-01-09 09:52:26.957,11.2125
16470,2018-01-09 09:52:27.057,11.2125
16471,2018-01-09 09:52:27.157,11.2125
16472,2018-01-09 09:52:27.257,11.2125
16473,2018-01-09 09:52:27.357,11.2125
16474,2018-01-09 09:52:27.457,11.06241
16475,2018-01-09 09:52:27.557,11.06241
16476,2018-01-09 09:52:27.657,11.06241
16477,2018-01-09 09:52:27.757,11.06241
16478,2018-01-09 09:52:27.857,11.06241
16479,2018-01-09 09:52:27.957,11.06241
16480,2018-01-09 09:52:28.057,11.06241
16481,2018-01-09 09:52:28.158,11.06241
16482,2018-01-09 09:52:28.257,11.06241
16483,2018-01-09 09:52:28.357,11.06241
16484,2018-01-09 09:52:28.457,11.06612
16485,2018-01-09 09:52:28.557,11.06612
16486,2018-01-09 09:52:28.657,11.06612
16487,2018-01-09 09:52:28.757,11.06612
16488,2018-01-09 09:52:28.857,11.06612
16489,2018-01-09 09:52:28.957,11.06612
16490,2018-01-09 09:52:29.057,11.06612
16491,2018-01-09 09:52:29.157,11.06612
16492,2018-01-09 09:52:29.257,11.06612
16493,2018-01-09 09:52:29.358,11.06612
16494,2018-01-09 09:52:29.458,11.40336
16495,2018-01-09 09:52:29.558,11.40336
16496,2018-01-09 09:52:29.658,11.40336
16497,2018-01-09 09:52:29.758,11.40336
16498,2018-01-09 09:52:29.858,11.40336
16499,2018-01-09 09:52:29.958,11.40336
16500,2018-01-09 09:52:30.058,11.40336
16501,2018-01-09 09:52:30.159,11.40336
16502,2018-01-09 09:52:30.258,11.40336
16503,2018-01-09 09:52:30.357,11.40336
16504,2018-01-09 09:52:30.456,11.7962
16505,2018-01-09 09:52:30.556,11.7962
16506,2018-01-09 09:52:30.656,11.7962
16507,2018-01-09 09:52:30.756,11.7962
16508,2018-01-09 09:52:30.856,11.7962
16509,2018-01-09 09:52:30.956,11.7962
16510,2018-01-09 09:52:31.056,11.7962
16511,2018-01-09 09:52:31.156,11.7962
16512,2018-01-09 09:52:31.256,11.7962
16513,2018-01-09 09:52:31.356,11.7962
16514,2018-01-09 09:52:31.456,12.00188
16515,2018-01-09 09:52:31.556,12.00188
16516,2018-01-09 09:52:31.656,12.00188
16517,2018-01-09 09:52:31.756,12.00188
16518,2018-01-09 09:52:31.857,12.00188
16519,2018-01-09 09:52:31.956,12.00188
16520,2018-01-09 09:52:32.056,12.00188
16521,2018-01-09 09:52:32.158,12.00188
16522,2018-01-09 09:52:32.257,12.00188
16523,2018-01-09 09:52:32.358,12.00188
16524,2018-01-09 09:52:32.457,11.95
16525,2018-01-09 09:52:32.557,11.95
16526,2018-01-09 09:52:32.657,11.95
16527,2018-01-09 09:52:32.757,11.95
16528,2018-01-09 09:52:32.857,11.95
16529,2018-01-09 09:52:32.957,11.95
16530,2018-01-09 09:52:33.057,11.95
16531,2018-01-09 09:52:33.157,11.95
16532,2018-01-09 09:52:33.257,11.95
16533,2018-01-09 09:52:33.357,11.95
16534,2018-01-09 09:52:33.457,11.7017
16535,2018-01-09 09:52:33.557,11.7017
16536,2018-01-09 09:52:33.657,11.7017
16537,2018-01-09 09:52:33.757,11.7017
16538,2018-01-09 09:52:33.858,11.7017
16539,2018-01-09 09:52:33.957,11.7017
16540,2018-01-09 09:52:34.057,11.7017
16541,2018-01-09 09:52:34.157,11.7017
16542,2018-01-09 09:52:34.257,11.7017
16543,2018-01-09 09:52:34.357,11.7017
16544,2018-01-09 09:52:34.457,11.44969
16545,2018-01-09 09:52:34.557,11.44969
16546,2018-01-09 09:52:34.657,11.44969
16547,2018-01-09 09:52:34.757,11.44969
16548,2018-01-09 09:52:34.857,11.44969
16549,2018-01-09 09:52:34.957,11.44969
16550,2018-01-09 09:52:35.057,11.44969
16551,2018-01-09 09:52:35.157,11.44969
16552,2018-01-09 09:52:35.258,11.44969
16553,2018-01-09 09:52:35.356,11.44969
16554,2018-01-09 09:52:35.456,11.45154
16555,2018-01-09 09:52:35.556,11.45154
16556,2018-01-09 09:52:35.657,11.45154
16557,2018-01-09 09:52:35.757,11.45154
16558,2018-01-09 09:52:35.857,11.45154
16559,2018-01-09 09:52:35.956,11.45154
16560,2018-01-09 09:52:36.056,11.45154
16561,2018-01-09 09:52:36.157,11.45154
16562,2018-01-09 09:52:36.256,11.45154
16563,2018-01-09 09:52:36.356,11.45154
16564,2018-01-09 09:52:36.456,11.5516
16565,2018-01-09 09:52:36.556,11.5516
16566,2018-01-09 09:52:36.656,11.5516
16567,2018-01-09 09:52:36.756,11.5516
16568,2018-01-09 09:52:36.856,11.5516
16569,2018-01-09 09:52:36.956,11.5516
16570,2018-01-09 09:52:37.056,11.5516
16571,2018-01-09 09:52:37.156,11.5516
16572,2018-01-09 09:52:37.256,11.5516
16573,2018-01-09 09:52:37.356,11.5516
16574,2018-01-09 09:52:37.456,11.77396
16575,2018-01-09 09:52:37.556,11.77396
16576,2018-01-09 09:52:37.657,11.77396
16577,2018-01-09 09:52:37.756,11.77396
16578,2018-01-09 09:52:37.856,11.77396
16579,2018-01-09 09:52:37.957,11.77396
16580,2018-01-09 09:52:38.057,11.77396
16581,2018-01-09 09:52:38.156,11.77396
16582,2018-01-09 09:52:38.257,11.77396
16583,2018-01-09 09:52:38.357,11.77396
16584,2018-01-09 09:52:38.458,11.95
16585,2018-01-09 09:52:38.557,11.95
16586,2018-01-09 09:52:38.657,11.95
16587,2018-01-09 09:52:38.757,11.95
16588,2018-01-09 09:52:38.857,11.95
16589,2018-01-09 09:52:38.957,11.95
16590,2018-01-09 09:52:39.057,11.95
16591,2018-01-09 09:52:39.158,11.95
16592,2018-01-09 09:52:39.257,11.95
16593,2018-01-09 09:52:39.358,11.95
16594,2018-01-09 09:52:39.457,12.18162
16595,2018-01-09 09:52:39.557,12.18162
16596,2018-01-09 09:52:39.657,12.18162
16597,2018-01-09 09:52:39.758,12.18162
16598,2018-01-09 09:52:39.857,12.18162
16599,2018-01-09 09:52:39.958,12.18162
16600,2018-01-09 09:52:40.057,12.18162
16601,2018-01-09 09:52:40.157,12.18162
16602,2018-01-09 09:52:40.258,12.18162
16603,2018-01-09 09:52:40.355,12.18162
16604,2018-01-09 09:52:40.455,12.37433
16605,2018-01-09 09:52:40.555,12.37433
16606,2018-01-09 09:52:40.655,12.37433
16607,2018-01-09 09:52:40.755,12.37433
16608,2018-01-09 09:52:40.855,12.37433
16609,2018-01-09 09:52:40.955,12.37433
16610,2018-01-09 09:52:41.055,12.37433
16611,2018-01-09 09:52:41.155,12.37433
16612,2018-01-09 09:52:41.255,12.37433
16613,2018-01-09 09:52:41.356,12.37433
16614,2018-01-09 09:52:41.456,12.43548
16615,2018-01-09 09:52:41.556,12.43548
16616,2018-01-09 09:52:41.656,12.43548
16617,2018-01-09 09:52:41.757,12.43548
16618,2018-01-09 09:52:41.856,12.43548
16619,2018-01-09 09:52:41.956,12.43548
16620,2018-01-09 09:52:42.057,12.43548
16621,2018-01-09 09:52:42.156,12.43548
16622,2018-01-09 09:52:42.257,12.43548
16623,2018-01-09 09:52:42.356,12.43548
16624,2018-01-09 09:52:42.457,12.38731
16625,2018-01-09 09:52:42.556,12.38731
16626,2018-01-09 09:52:42.656,12.38731
16627,2018-01-09 09:52:42.756,12.38731
16628,2018-01-09 09:52:42.856,12.38731
16629,2018-01-09 09:52:42.956,12.38731
16630,2018-01-09 09:52:43.056,12.38731
16631,2018-01-09 09:52:43.156,12.38731
16632,2018-01-09 09:52:43.256,12.38731
16633,2018-01-09 09:52:43.356,12.38731
16634,2018-01-09 09:52:43.456,12.18162
16635,2018-01-09 09:52:43.556,12.18162
16636,2018-01-09 09:52:43.656,12.18162
16637,2018-01-09 09:52:43.756,12.18162
16638,2018-01-09 09:52:43.856,12.18162
16639,2018-01-09 09:52:43.956,12.18162
16640,2018-01-09 09:52:44.057,12.18162
16641,2018-01-09 09:52:44.156,12.18162
16642,2018-01-09 09:52:44.256,12.18162
16643,2018-01-09 09:52:44.356,12.18162
16644,2018-01-09 09:52:44.457,11.97964
16645,2018-01-09 09:52:44.557,11.97964
16646,2018-01-09 09:52:44.657,11.97964
16647,2018-01-09 09:52:44.757,11.97964
16648,2018-01-09 09:52:44.857,11.97964
16649,2018-01-09 09:52:44.957,11.97964
16650,2018-01-09 09:52:45.057,11.97964
16651,2018-01-09 09:52:45.157,11.97964
16652,2018-01-09 09:52:45.257,11.97964
16653,2018-01-09 09:52:45.355,11.97964
16654,2018-01-09 09:52:45.455,11.79434
16655,2018-01-09 09:52:45.555,11.79434
16656,2018-01-09 09:52:45.656,11.79434
16657,2018-01-09 09:52:45.756,11.79434
16658,2018-01-09 09:52:45.856,11.79434
16659,2018-01-09 09:52:45.955,11.79434
16660,2018-01-09 09:52:46.055,11.79434
16661,2018-01-09 09:52:46.156,11.79434
16662,2018-01-09 09:52:46.256,11.79434
16663,2018-01-09 09:52:46.355,11.79434
16664,2018-01-09 09:52:46.455,11.58496
16665,2018-01-09 09:52:46.556,11.58496
16666,2018-01-09 09:52:46.655,11.58496
16667,2018-01-09 09:52:46.755,11.58496
16668,2018-01-09 09:52:46.855,11.58496
16669,2018-01-09 09:52:46.955,11.58496
16670,2018-01-09 09:52:47.055,11.58496
16671,2018-01-09 09:52:47.155,11.58496
16672,2018-01-09 09:52:47.255,11.58496
16673,2018-01-09 09:52:47.355,11.58496
16674,2018-01-09 09:52:47.456,11.60349
16675,2018-01-09 09:52:47.556,11.60349
16676,2018-01-09 09:52:47.657,11.60349
16677,2018-01-09 09:52:47.757,11.60349
16678,2018-01-09 09:52:47.857,11.60349
16679,2018-01-09 09:52:47.957,11.60349
16680,2018-01-09 09:52:48.056,11.60349
16681,2018-01-09 09:52:48.156,11.60349
16682,2018-01-09 09:52:48.256,11.60349
16683,2018-01-09 09:52:48.357,11.60349
16684,2018-01-09 09:52:48.457,11.73134
16685,2018-01-09 09:52:48.556,11.73134
16686,2018-01-09 09:52:48.656,11.73134
16687,2018-01-09 09:52:48.756,11.73134
16688,2018-01-09 09:52:48.856,11.73134
16689,2018-01-09 09:52:48.956,11.73134
16690,2018-01-09 09:52:49.056,11.73134
16691,2018-01-09 09:52:49.156,11.73134
16692,2018-01-09 09:52:49.256,11.73134
16693,2018-01-09 09:52:49.356,11.73134
16694,2018-01-09 09:52:49.456,11.88144
16695,2018-01-09 09:52:49.556,11.88144
16696,2018-01-09 09:52:49.657,11.88144
16697,2018-01-09 09:52:49.756,11.88144
16698,2018-01-09 09:52:49.856,11.88144
16699,2018-01-09 09:52:49.956,11.88144
16700,2018-01-09 09:52:50.056,11.88144
16701,2018-01-09 09:52:50.156,11.88144
16702,2018-01-09 09:52:50.257,11.88144
16703,2018-01-09 09:52:50.355,11.88144
16704,2018-01-09 09:52:50.454,11.99447
16705,2018-01-09 09:52:50.555,11.99447
16706,2018-01-09 09:52:50.655,11.99447
16707,2018-01-09 09:52:50.755,11.99447
16708,2018-01-09 09:52:50.855,11.99447
16709,2018-01-09 09:52:50.955,11.99447
16710,2018-01-09 09:52:51.055,11.99447
16711,2018-01-09 09:52:51.155,11.99447
16712,2018-01-09 09:52:51.255,11.99447
16713,2018-01-09 09:52:51.355,11.99447
16714,2018-01-09 09:52:51.455,11.99447
16715,2018-01-09 09:52:51.555,12.02782
16716,2018-01-09 09:52:51.655,12.02782
16717,2018-01-09 09:52:51.755,12.02782
16718,2018-01-09 09:52:51.855,12.02782
16719,2018-01-09 09:52:51.955,12.02782
16720,2018-01-09 09:52:52.055,12.02782
16721,2018-01-09 09:52:52.155,12.02782
16722,2018-01-09 09:52:52.255,12.02782
16723,2018-01-09 09:52:52.355,12.02782
16724,2018-01-09 09:52:52.455,12.02782
16725,2018-01-09 09:52:52.555,11.95556
16726,2018-01-09 09:52:52.655,11.95556
16727,2018-01-09 09:52:52.755,11.95556
16728,2018-01-09 09:52:52.855,11.95556
16729,2018-01-09 09:52:52.955,11.95556
16730,2018-01-09 09:52:53.055,11.95556
16731,2018-01-09 09:52:53.155,11.95556
16732,2018-01-09 09:52:53.255,11.95556
16733,2018-01-09 09:52:53.355,11.95556
16734,2018-01-09 09:52:53.456,11.95556
16735,2018-01-09 09:52:53.556,11.81287
16736,2018-01-09 09:52:53.656,11.81287
16737,2018-01-09 09:52:53.756,11.81287
16738,2018-01-09 09:52:53.856,11.81287
16739,2018-01-09 09:52:53.956,11.81287
16740,2018-01-09 09:52:54.056,11.81287
16741,2018-01-09 09:52:54.156,11.81287
16742,2018-01-09 09:52:54.256,11.81287
16743,2018-01-09 09:52:54.356,11.81287
16744,2018-01-09 09:52:54.456,11.81287
16745,2018-01-09 09:52:54.556,11.63128
16746,2018-01-09 09:52:54.656,11.63128
16747,2018-01-09 09:52:54.756,11.63128
16748,2018-01-09 09:52:54.856,11.63128
16749,2018-01-09 09:52:54.956,11.63128
16750,2018-01-09 09:52:55.056,11.63128
16751,2018-01-09 09:52:55.156,11.63128
16752,2018-01-09 09:52:55.256,11.63128
16753,2018-01-09 09:52:55.354,11.63128
16754,2018-01-09 09:52:55.454,11.37371
16755,2018-01-09 09:52:55.554,11.37371
16756,2018-01-09 09:52:55.654,11.37371
16757,2018-01-09 09:52:55.754,11.37371
16758,2018-01-09 09:52:55.854,11.37371
16759,2018-01-09 09:52:55.954,11.37371
16760,2018-01-09 09:52:56.055,11.37371
16761,2018-01-09 09:52:56.155,11.37371
16762,2018-01-09 09:52:56.254,11.37371
16763,2018-01-09 09:52:56.354,11.37371
16764,2018-01-09 09:52:56.455,11.07168
16765,2018-01-09 09:52:56.555,11.07168
16766,2018-01-09 09:52:56.655,11.07168
16767,2018-01-09 09:52:56.755,11.07168
16768,2018-01-09 09:52:56.855,11.07168
16769,2018-01-09 09:52:56.955,11.07168
16770,2018-01-09 09:52:57.055,11.07168
16771,2018-01-09 09:52:57.155,11.07168
16772,2018-01-09 09:52:57.255,11.07168
16773,2018-01-09 09:52:57.355,11.07168
16774,2018-01-09 09:52:57.455,10.95494
16775,2018-01-09 09:52:57.555,10.95494
16776,2018-01-09 09:52:57.655,10.95494
16777,2018-01-09 09:52:57.756,10.95494
16778,2018-01-09 09:52:57.856,10.95494
16779,2018-01-09 09:52:57.955,10.95494
16780,2018-01-09 09:52:58.056,10.95494
16781,2018-01-09 09:52:58.156,10.95494
16782,2018-01-09 09:52:58.255,10.95494
16783,2018-01-09 09:52:58.355,10.95494
16784,2018-01-09 09:52:58.456,11.04203
16785,2018-01-09 09:52:58.556,11.04203
16786,2018-01-09 09:52:58.655,11.04203
16787,2018-01-09 09:52:58.755,11.04203
16788,2018-01-09 09:52:58.855,11.04203
16789,2018-01-09 09:52:58.955,11.04203
16790,2018-01-09 09:52:59.055,11.04203
16791,2018-01-09 09:52:59.156,11.04203
16792,2018-01-09 09:52:59.255,11.04203
16793,2018-01-09 09:52:59.355,11.04203
16794,2018-01-09 09:52:59.456,11.04203
16795,2018-01-09 09:52:59.555,11.20509
16796,2018-01-09 09:52:59.656,11.20509
16797,2018-01-09 09:52:59.756,11.20509
16798,2018-01-09 09:52:59.856,11.20509
16799,2018-01-09 09:52:59.956,11.20509
16800,2018-01-09 09:53:00.057,11.20509
16801,2018-01-09 09:53:00.157,11.20509
16802,2018-01-09 09:53:00.256,11.20509
16803,2018-01-09 09:53:00.355,11.20509
16804,2018-01-09 09:53:00.454,11.20509
16805,2018-01-09 09:53:00.554,11.384830000000001
16806,2018-01-09 09:53:00.654,11.384830000000001
16807,2018-01-09 09:53:00.754,11.384830000000001
16808,2018-01-09 09:53:00.854,11.384830000000001
16809,2018-01-09 09:53:00.954,11.384830000000001
16810,2018-01-09 09:53:01.054,11.384830000000001
16811,2018-01-09 09:53:01.154,11.384830000000001
16812,2018-01-09 09:53:01.254,11.384830000000001
16813,2018-01-09 09:53:01.354,11.384830000000001
16814,2018-01-09 09:53:01.454,11.38854
16815,2018-01-09 09:53:01.554,11.38854
16816,2018-01-09 09:53:01.654,11.38854
16817,2018-01-09 09:53:01.754,11.38854
16818,2018-01-09 09:53:01.854,11.38854
16819,2018-01-09 09:53:01.954,11.38854
16820,2018-01-09 09:53:02.054,11.38854
16821,2018-01-09 09:53:02.155,11.38854
16822,2018-01-09 09:53:02.254,11.38854
16823,2018-01-09 09:53:02.356,11.38854
16824,2018-01-09 09:53:02.455,11.09391
16825,2018-01-09 09:53:02.554,11.09391
16826,2018-01-09 09:53:02.655,11.09391
16827,2018-01-09 09:53:02.755,11.09391
16828,2018-01-09 09:53:02.855,11.09391
16829,2018-01-09 09:53:02.955,11.09391
16830,2018-01-09 09:53:03.055,11.09391
16831,2018-01-09 09:53:03.155,11.09391
16832,2018-01-09 09:53:03.255,11.09391
16833,2018-01-09 09:53:03.355,11.09391
16834,2018-01-09 09:53:03.455,10.60657
16835,2018-01-09 09:53:03.555,10.60657
16836,2018-01-09 09:53:03.655,10.60657
16837,2018-01-09 09:53:03.755,10.60657
16838,2018-01-09 09:53:03.855,10.60657
16839,2018-01-09 09:53:03.955,10.60657
16840,2018-01-09 09:53:04.055,10.60657
16841,2018-01-09 09:53:04.155,10.60657
16842,2018-01-09 09:53:04.255,10.60657
16843,2018-01-09 09:53:04.355,10.60657
16844,2018-01-09 09:53:04.455,9.277971
16845,2018-01-09 09:53:04.555,9.277971
16846,2018-01-09 09:53:04.655,9.277971
16847,2018-01-09 09:53:04.755,9.277971
16848,2018-01-09 09:53:04.855,9.277971
16849,2018-01-09 09:53:04.955,9.277971
16850,2018-01-09 09:53:05.055,9.277971
16851,2018-01-09 09:53:05.155,9.277971
16852,2018-01-09 09:53:05.255,9.277971
16853,2018-01-09 09:53:05.353,9.277971
16854,2018-01-09 09:53:05.453,8.916636
16855,2018-01-09 09:53:05.553,8.916636
16856,2018-01-09 09:53:05.654,8.916636
16857,2018-01-09 09:53:05.755,8.916636
16858,2018-01-09 09:53:05.854,8.916636
16859,2018-01-09 09:53:05.955,8.916636
16860,2018-01-09 09:53:06.054,8.916636
16861,2018-01-09 09:53:06.154,8.916636
16862,2018-01-09 09:53:06.255,8.916636
16863,2018-01-09 09:53:06.354,8.916636
16864,2018-01-09 09:53:06.454,8.729483
16865,2018-01-09 09:53:06.555,8.729483
16866,2018-01-09 09:53:06.655,8.729483
16867,2018-01-09 09:53:06.754,8.729483
16868,2018-01-09 09:53:06.854,8.729483
16869,2018-01-09 09:53:06.954,8.729483
16870,2018-01-09 09:53:07.054,8.729483
16871,2018-01-09 09:53:07.154,8.729483
16872,2018-01-09 09:53:07.254,8.729483
16873,2018-01-09 09:53:07.354,8.729483
16874,2018-01-09 09:53:07.454,8.644245
16875,2018-01-09 09:53:07.554,8.644245
16876,2018-01-09 09:53:07.654,8.644245
16877,2018-01-09 09:53:07.754,8.644245
16878,2018-01-09 09:53:07.855,8.644245
16879,2018-01-09 09:53:07.955,8.644245
16880,2018-01-09 09:53:08.054,8.644245
16881,2018-01-09 09:53:08.154,8.644245
16882,2018-01-09 09:53:08.255,8.644245
16883,2018-01-09 09:53:08.355,8.644245
16884,2018-01-09 09:53:08.454,9.100083
16885,2018-01-09 09:53:08.555,9.100083
16886,2018-01-09 09:53:08.655,9.100083
16887,2018-01-09 09:53:08.755,9.100083
16888,2018-01-09 09:53:08.855,9.100083
16889,2018-01-09 09:53:08.955,9.100083
16890,2018-01-09 09:53:09.055,9.100083
16891,2018-01-09 09:53:09.155,9.100083
16892,2018-01-09 09:53:09.255,9.100083
16893,2018-01-09 09:53:09.356,9.100083
16894,2018-01-09 09:53:09.455,9.620776
16895,2018-01-09 09:53:09.555,9.620776
16896,2018-01-09 09:53:09.655,9.620776
16897,2018-01-09 09:53:09.755,9.620776
16898,2018-01-09 09:53:09.856,9.620776
16899,2018-01-09 09:53:09.955,9.620776
16900,2018-01-09 09:53:10.055,9.620776
16901,2018-01-09 09:53:10.155,9.620776
16902,2018-01-09 09:53:10.256,9.620776
16903,2018-01-09 09:53:10.354,9.620776
16904,2018-01-09 09:53:10.453,9.315031
16905,2018-01-09 09:53:10.554,9.315031
16906,2018-01-09 09:53:10.653,9.315031
16907,2018-01-09 09:53:10.753,9.315031
16908,2018-01-09 09:53:10.853,9.315031
16909,2018-01-09 09:53:10.953,9.315031
16910,2018-01-09 09:53:11.053,9.315031
16911,2018-01-09 09:53:11.153,9.315031
16912,2018-01-09 09:53:11.253,9.315031
16913,2018-01-09 09:53:11.353,9.315031
16914,2018-01-09 09:53:11.453,9.676366
16915,2018-01-09 09:53:11.553,9.676366
16916,2018-01-09 09:53:11.653,9.676366
16917,2018-01-09 09:53:11.755,9.676366
16918,2018-01-09 09:53:11.855,9.676366
16919,2018-01-09 09:53:11.954,9.676366
16920,2018-01-09 09:53:12.054,9.676366
16921,2018-01-09 09:53:12.155,9.676366
16922,2018-01-09 09:53:12.254,9.676366
16923,2018-01-09 09:53:12.354,9.676366
16924,2018-01-09 09:53:12.454,9.409534
16925,2018-01-09 09:53:12.554,9.409534
16926,2018-01-09 09:53:12.655,9.409534
16927,2018-01-09 09:53:12.754,9.409534
16928,2018-01-09 09:53:12.854,9.409534
16929,2018-01-09 09:53:12.954,9.409534
16930,2018-01-09 09:53:13.054,9.409534
16931,2018-01-09 09:53:13.154,9.409534
16932,2018-01-09 09:53:13.254,9.409534
16933,2018-01-09 09:53:13.354,9.409534
16934,2018-01-09 09:53:13.454,8.927754
16935,2018-01-09 09:53:13.554,8.927754
16936,2018-01-09 09:53:13.654,8.927754
16937,2018-01-09 09:53:13.754,8.927754
16938,2018-01-09 09:53:13.854,8.927754
16939,2018-01-09 09:53:13.954,8.927754
16940,2018-01-09 09:53:14.054,8.927754
16941,2018-01-09 09:53:14.154,8.927754
16942,2018-01-09 09:53:14.254,8.927754
16943,2018-01-09 09:53:14.355,8.927754
16944,2018-01-09 09:53:14.455,8.885135
16945,2018-01-09 09:53:14.554,8.885135
16946,2018-01-09 09:53:14.656,8.885135
16947,2018-01-09 09:53:14.755,8.885135
16948,2018-01-09 09:53:14.855,8.885135
16949,2018-01-09 09:53:14.955,8.885135
16950,2018-01-09 09:53:15.055,8.885135
16951,2018-01-09 09:53:15.155,8.885135
16952,2018-01-09 09:53:15.255,8.885135
16953,2018-01-09 09:53:15.353,8.885135
16954,2018-01-09 09:53:15.453,8.885135
16955,2018-01-09 09:53:15.553,8.41262
16956,2018-01-09 09:53:15.653,8.41262
16957,2018-01-09 09:53:15.753,8.41262
16958,2018-01-09 09:53:15.853,8.41262
16959,2018-01-09 09:53:15.953,8.41262
16960,2018-01-09 09:53:16.053,8.41262
16961,2018-01-09 09:53:16.153,8.41262
16962,2018-01-09 09:53:16.253,8.41262
16963,2018-01-09 09:53:16.353,8.41262
16964,2018-01-09 09:53:16.453,8.41262
16965,2018-01-09 09:53:16.554,8.861046
16966,2018-01-09 09:53:16.653,8.861046
16967,2018-01-09 09:53:16.753,8.861046
16968,2018-01-09 09:53:16.853,8.861046
16969,2018-01-09 09:53:16.953,8.861046
16970,2018-01-09 09:53:17.053,8.861046
16971,2018-01-09 09:53:17.153,8.861046
16972,2018-01-09 09:53:17.253,8.861046
16973,2018-01-09 09:53:17.353,8.861046
16974,2018-01-09 09:53:17.453,8.861046
16975,2018-01-09 09:53:17.553,9.216822
16976,2018-01-09 09:53:17.654,9.216822
16977,2018-01-09 09:53:17.754,9.216822
16978,2018-01-09 09:53:17.855,9.216822
16979,2018-01-09 09:53:17.954,9.216822
16980,2018-01-09 09:53:18.055,9.216822
16981,2018-01-09 09:53:18.154,9.216822
16982,2018-01-09 09:53:18.254,9.216822
16983,2018-01-09 09:53:18.355,9.216822
16984,2018-01-09 09:53:18.454,9.216822
16985,2018-01-09 09:53:18.555,9.183468
16986,2018-01-09 09:53:18.654,9.183468
16987,2018-01-09 09:53:18.755,9.183468
16988,2018-01-09 09:53:18.854,9.183468
16989,2018-01-09 09:53:18.954,9.183468
16990,2018-01-09 09:53:19.054,9.183468
16991,2018-01-09 09:53:19.154,9.183468
16992,2018-01-09 09:53:19.254,9.183468
16993,2018-01-09 09:53:19.354,9.183468
16994,2018-01-09 09:53:19.454,9.381739
16995,2018-01-09 09:53:19.554,9.381739
16996,2018-01-09 09:53:19.654,9.381739
16997,2018-01-09 09:53:19.754,9.381739
16998,2018-01-09 09:53:19.855,9.381739
16999,2018-01-09 09:53:19.955,9.381739
17000,2018-01-09 09:53:20.054,9.381739
17001,2018-01-09 09:53:20.154,9.381739
17002,2018-01-09 09:53:20.254,9.381739
17003,2018-01-09 09:53:20.352,9.381739
17004,2018-01-09 09:53:20.452,9.381739
17005,2018-01-09 09:53:20.552,9.359503
17006,2018-01-09 09:53:20.654,9.359503
17007,2018-01-09 09:53:20.753,9.359503
17008,2018-01-09 09:53:20.853,9.359503
17009,2018-01-09 09:53:20.953,9.359503
17010,2018-01-09 09:53:21.053,9.359503
17011,2018-01-09 09:53:21.153,9.359503
17012,2018-01-09 09:53:21.253,9.359503
17013,2018-01-09 09:53:21.353,9.359503
17014,2018-01-09 09:53:21.453,9.509596
17015,2018-01-09 09:53:21.553,9.509596
17016,2018-01-09 09:53:21.653,9.509596
17017,2018-01-09 09:53:21.753,9.509596
17018,2018-01-09 09:53:21.853,9.509596
17019,2018-01-09 09:53:21.954,9.509596
17020,2018-01-09 09:53:22.053,9.509596
17021,2018-01-09 09:53:22.153,9.509596
17022,2018-01-09 09:53:22.253,9.509596
17023,2018-01-09 09:53:22.354,9.509596
17024,2018-01-09 09:53:22.454,9.420652
17025,2018-01-09 09:53:22.553,9.420652
17026,2018-01-09 09:53:22.653,9.420652
17027,2018-01-09 09:53:22.753,9.420652
17028,2018-01-09 09:53:22.853,9.420652
17029,2018-01-09 09:53:22.953,9.420652
17030,2018-01-09 09:53:23.053,9.420652
17031,2018-01-09 09:53:23.153,9.420652
17032,2018-01-09 09:53:23.253,9.420652
17033,2018-01-09 09:53:23.353,9.420652
17034,2018-01-09 09:53:23.453,8.555301
17035,2018-01-09 09:53:23.553,8.555301
17036,2018-01-09 09:53:23.654,8.555301
17037,2018-01-09 09:53:23.754,8.555301
17038,2018-01-09 09:53:23.854,8.555301
17039,2018-01-09 09:53:23.955,8.555301
17040,2018-01-09 09:53:24.054,8.555301
17041,2018-01-09 09:53:24.154,8.555301
17042,2018-01-09 09:53:24.254,8.555301
17043,2018-01-09 09:53:24.354,8.555301
17044,2018-01-09 09:53:24.454,8.216202000000001
17045,2018-01-09 09:53:24.554,8.216202000000001
17046,2018-01-09 09:53:24.654,8.216202000000001
17047,2018-01-09 09:53:24.754,8.216202000000001
17048,2018-01-09 09:53:24.854,8.216202000000001
17049,2018-01-09 09:53:24.954,8.216202000000001
17050,2018-01-09 09:53:25.054,8.216202000000001
17051,2018-01-09 09:53:25.155,8.216202000000001
17052,2018-01-09 09:53:25.254,8.216202000000001
17053,2018-01-09 09:53:25.352,8.216202000000001
17054,2018-01-09 09:53:25.452,8.216202000000001
17055,2018-01-09 09:53:25.552,8.216202000000001
17056,2018-01-09 09:53:25.652,8.216202000000001
17057,2018-01-09 09:53:25.752,8.216202000000001
17058,2018-01-09 09:53:25.852,8.216202000000001
17059,2018-01-09 09:53:25.952,8.216202000000001
17060,2018-01-09 09:53:26.052,8.216202000000001
17061,2018-01-09 09:53:26.152,8.216202000000001
17062,2018-01-09 09:53:26.252,8.216202000000001
17063,2018-01-09 09:53:26.353,8.216202000000001
17064,2018-01-09 09:53:26.453,8.216202000000001
17065,2018-01-09 09:53:26.552,8.216202000000001
17066,2018-01-09 09:53:26.653,8.216202000000001
17067,2018-01-09 09:53:26.753,8.216202000000001
17068,2018-01-09 09:53:26.853,8.216202000000001
17069,2018-01-09 09:53:26.953,8.216202000000001
17070,2018-01-09 09:53:27.053,8.216202000000001
17071,2018-01-09 09:53:27.153,8.216202000000001
17072,2018-01-09 09:53:27.253,8.216202000000001
17073,2018-01-09 09:53:27.353,8.216202000000001
17074,2018-01-09 09:53:27.453,11.67946
17075,2018-01-09 09:53:27.553,11.67946
17076,2018-01-09 09:53:27.653,11.67946
17077,2018-01-09 09:53:27.753,11.67946
17078,2018-01-09 09:53:27.854,11.67946
17079,2018-01-09 09:53:27.953,11.67946
17080,2018-01-09 09:53:28.053,11.67946
17081,2018-01-09 09:53:28.153,11.67946
17082,2018-01-09 09:53:28.253,11.67946
17083,2018-01-09 09:53:28.353,11.67946
17084,2018-01-09 09:53:28.453,10.8104
17085,2018-01-09 09:53:28.553,10.8104
17086,2018-01-09 09:53:28.654,10.8104
17087,2018-01-09 09:53:28.753,10.8104
17088,2018-01-09 09:53:28.853,10.8104
17089,2018-01-09 09:53:28.953,10.8104
17090,2018-01-09 09:53:29.053,10.8104
17091,2018-01-09 09:53:29.153,10.8104
17092,2018-01-09 09:53:29.253,10.8104
17093,2018-01-09 09:53:29.353,10.8104
17094,2018-01-09 09:53:29.453,10.18038
17095,2018-01-09 09:53:29.553,10.18038
17096,2018-01-09 09:53:29.654,10.18038
17097,2018-01-09 09:53:29.754,10.18038
17098,2018-01-09 09:53:29.854,10.18038
17099,2018-01-09 09:53:29.954,10.18038
17100,2018-01-09 09:53:30.055,10.18038
17101,2018-01-09 09:53:30.154,10.18038
17102,2018-01-09 09:53:30.254,10.18038
17103,2018-01-09 09:53:30.352,10.18038
17104,2018-01-09 09:53:30.453,10.4046
17105,2018-01-09 09:53:30.552,10.4046
17106,2018-01-09 09:53:30.653,10.4046
17107,2018-01-09 09:53:30.752,10.4046
17108,2018-01-09 09:53:30.852,10.4046
17109,2018-01-09 09:53:30.952,10.4046
17110,2018-01-09 09:53:31.052,10.4046
17111,2018-01-09 09:53:31.152,10.4046
17112,2018-01-09 09:53:31.252,10.4046
17113,2018-01-09 09:53:31.352,10.4046
17114,2018-01-09 09:53:31.452,11.51825
17115,2018-01-09 09:53:31.552,11.51825
17116,2018-01-09 09:53:31.652,11.51825
17117,2018-01-09 09:53:31.752,11.51825
17118,2018-01-09 09:53:31.852,11.51825
17119,2018-01-09 09:53:31.952,11.51825
17120,2018-01-09 09:53:32.052,11.51825
17121,2018-01-09 09:53:32.152,11.51825
17122,2018-01-09 09:53:32.252,11.51825
17123,2018-01-09 09:53:32.353,11.51825
17124,2018-01-09 09:53:32.452,11.63684
17125,2018-01-09 09:53:32.553,11.63684
17126,2018-01-09 09:53:32.652,11.63684
17127,2018-01-09 09:53:32.753,11.63684
17128,2018-01-09 09:53:32.853,11.63684
17129,2018-01-09 09:53:32.953,11.63684
17130,2018-01-09 09:53:33.053,11.63684
17131,2018-01-09 09:53:33.153,11.63684
17132,2018-01-09 09:53:33.253,11.63684
17133,2018-01-09 09:53:33.353,11.63684
17134,2018-01-09 09:53:33.453,11.3033
17135,2018-01-09 09:53:33.553,11.3033
17136,2018-01-09 09:53:33.653,11.3033
17137,2018-01-09 09:53:33.753,11.3033
17138,2018-01-09 09:53:33.853,11.3033
17139,2018-01-09 09:53:33.953,11.3033
17140,2018-01-09 09:53:34.053,11.3033
17141,2018-01-09 09:53:34.153,11.3033
17142,2018-01-09 09:53:34.253,11.3033
17143,2018-01-09 09:53:34.353,11.3033
17144,2018-01-09 09:53:34.453,11.17915
17145,2018-01-09 09:53:34.553,11.17915
17146,2018-01-09 09:53:34.653,11.17915
17147,2018-01-09 09:53:34.753,11.17915
17148,2018-01-09 09:53:34.853,11.17915
17149,2018-01-09 09:53:34.953,11.17915
17150,2018-01-09 09:53:35.053,11.17915
17151,2018-01-09 09:53:35.153,11.17915
17152,2018-01-09 09:53:35.253,11.17915
17153,2018-01-09 09:53:35.351,11.17915
17154,2018-01-09 09:53:35.451,11.15691
17155,2018-01-09 09:53:35.551,11.15691
17156,2018-01-09 09:53:35.652,11.15691
17157,2018-01-09 09:53:35.752,11.15691
17158,2018-01-09 09:53:35.852,11.15691
17159,2018-01-09 09:53:35.952,11.15691
17160,2018-01-09 09:53:36.052,11.15691
17161,2018-01-09 09:53:36.152,11.15691
17162,2018-01-09 09:53:36.252,11.15691
17163,2018-01-09 09:53:36.352,11.15691
17164,2018-01-09 09:53:36.452,11.15691
17165,2018-01-09 09:53:36.552,11.00497
17166,2018-01-09 09:53:36.652,11.00497
17167,2018-01-09 09:53:36.752,11.00497
17168,2018-01-09 09:53:36.852,11.00497
17169,2018-01-09 09:53:36.952,11.00497
17170,2018-01-09 09:53:37.052,11.00497
17171,2018-01-09 09:53:37.152,11.00497
17172,2018-01-09 09:53:37.252,11.00497
17173,2018-01-09 09:53:37.352,11.00497
17174,2018-01-09 09:53:37.452,11.00497
17175,2018-01-09 09:53:37.552,11.22177
17176,2018-01-09 09:53:37.652,11.22177
17177,2018-01-09 09:53:37.752,11.22177
17178,2018-01-09 09:53:37.852,11.22177
17179,2018-01-09 09:53:37.952,11.22177
17180,2018-01-09 09:53:38.052,11.22177
17181,2018-01-09 09:53:38.152,11.22177
17182,2018-01-09 09:53:38.252,11.22177
17183,2018-01-09 09:53:38.352,11.22177
17184,2018-01-09 09:53:38.452,11.22177
17185,2018-01-09 09:53:38.552,10.96049
17186,2018-01-09 09:53:38.652,10.96049
17187,2018-01-09 09:53:38.752,10.96049
17188,2018-01-09 09:53:38.853,10.96049
17189,2018-01-09 09:53:38.953,10.96049
17190,2018-01-09 09:53:39.053,10.96049
17191,2018-01-09 09:53:39.153,10.96049
17192,2018-01-09 09:53:39.253,10.96049
17193,2018-01-09 09:53:39.353,10.96049
17194,2018-01-09 09:53:39.453,11.92591
17195,2018-01-09 09:53:39.553,11.92591
17196,2018-01-09 09:53:39.653,11.92591
17197,2018-01-09 09:53:39.753,11.92591
17198,2018-01-09 09:53:39.853,11.92591
17199,2018-01-09 09:53:39.954,11.92591
17200,2018-01-09 09:53:40.053,11.92591
17201,2018-01-09 09:53:40.153,11.92591
17202,2018-01-09 09:53:40.254,11.92591
17203,2018-01-09 09:53:40.352,11.92591
17204,2018-01-09 09:53:40.451,12.02412
17205,2018-01-09 09:53:40.551,12.02412
17206,2018-01-09 09:53:40.651,12.02412
17207,2018-01-09 09:53:40.751,12.02412
17208,2018-01-09 09:53:40.851,12.02412
17209,2018-01-09 09:53:40.951,12.02412
17210,2018-01-09 09:53:41.051,12.02412
17211,2018-01-09 09:53:41.151,12.02412
17212,2018-01-09 09:53:41.251,12.02412
17213,2018-01-09 09:53:41.351,12.02412
17214,2018-01-09 09:53:41.451,11.96297
17215,2018-01-09 09:53:41.551,11.96297
17216,2018-01-09 09:53:41.652,11.96297
17217,2018-01-09 09:53:41.751,11.96297
17218,2018-01-09 09:53:41.852,11.96297
17219,2018-01-09 09:53:41.952,11.96297
17220,2018-01-09 09:53:42.052,11.96297
17221,2018-01-09 09:53:42.153,11.96297
17222,2018-01-09 09:53:42.252,11.96297
17223,2018-01-09 09:53:42.352,11.96297
17224,2018-01-09 09:53:42.452,11.96297
17225,2018-01-09 09:53:42.552,11.87217
17226,2018-01-09 09:53:42.653,11.87217
17227,2018-01-09 09:53:42.752,11.87217
17228,2018-01-09 09:53:42.852,11.87217
17229,2018-01-09 09:53:42.952,11.87217
17230,2018-01-09 09:53:43.052,11.87217
17231,2018-01-09 09:53:43.152,11.87217
17232,2018-01-09 09:53:43.252,11.87217
17233,2018-01-09 09:53:43.352,11.87217
17234,2018-01-09 09:53:43.452,11.86847
17235,2018-01-09 09:53:43.552,11.86847
17236,2018-01-09 09:53:43.652,11.86847
17237,2018-01-09 09:53:43.752,11.86847
17238,2018-01-09 09:53:43.852,11.86847
17239,2018-01-09 09:53:43.952,11.86847
17240,2018-01-09 09:53:44.053,11.86847
17241,2018-01-09 09:53:44.152,11.86847
17242,2018-01-09 09:53:44.252,11.86847
17243,2018-01-09 09:53:44.352,11.86847
17244,2018-01-09 09:53:44.452,11.86847
17245,2018-01-09 09:53:44.552,11.53493
17246,2018-01-09 09:53:44.652,11.53493
17247,2018-01-09 09:53:44.752,11.53493
17248,2018-01-09 09:53:44.852,11.53493
17249,2018-01-09 09:53:44.953,11.53493
17250,2018-01-09 09:53:45.053,11.53493
17251,2018-01-09 09:53:45.153,11.53493
17252,2018-01-09 09:53:45.253,11.53493
17253,2018-01-09 09:53:45.351,11.53493
17254,2018-01-09 09:53:45.451,11.65908
17255,2018-01-09 09:53:45.551,11.65908
17256,2018-01-09 09:53:45.651,11.65908
17257,2018-01-09 09:53:45.751,11.65908
17258,2018-01-09 09:53:45.851,11.65908
17259,2018-01-09 09:53:45.951,11.65908
17260,2018-01-09 09:53:46.051,11.65908
17261,2018-01-09 09:53:46.152,11.65908
17262,2018-01-09 09:53:46.251,11.65908
17263,2018-01-09 09:53:46.352,11.65908
17264,2018-01-09 09:53:46.451,11.8592
17265,2018-01-09 09:53:46.551,11.8592
17266,2018-01-09 09:53:46.651,11.8592
17267,2018-01-09 09:53:46.751,11.8592
17268,2018-01-09 09:53:46.851,11.8592
17269,2018-01-09 09:53:46.951,11.8592
17270,2018-01-09 09:53:47.051,11.8592
17271,2018-01-09 09:53:47.151,11.8592
17272,2018-01-09 09:53:47.251,11.8592
17273,2018-01-09 09:53:47.351,11.8592
17274,2018-01-09 09:53:47.451,10.79928
17275,2018-01-09 09:53:47.551,10.79928
17276,2018-01-09 09:53:47.651,10.79928
17277,2018-01-09 09:53:47.751,10.79928
17278,2018-01-09 09:53:47.852,10.79928
17279,2018-01-09 09:53:47.952,10.79928
17280,2018-01-09 09:53:48.052,10.79928
17281,2018-01-09 09:53:48.152,10.79928
17282,2018-01-09 09:53:48.253,10.79928
17283,2018-01-09 09:53:48.353,10.79928
17284,2018-01-09 09:53:48.452,10.93455
17285,2018-01-09 09:53:48.552,10.93455
17286,2018-01-09 09:53:48.653,10.93455
17287,2018-01-09 09:53:48.753,10.93455
17288,2018-01-09 09:53:48.852,10.93455
17289,2018-01-09 09:53:48.952,10.93455
17290,2018-01-09 09:53:49.052,10.93455
17291,2018-01-09 09:53:49.152,10.93455
17292,2018-01-09 09:53:49.252,10.93455
17293,2018-01-09 09:53:49.352,10.93455
17294,2018-01-09 09:53:49.452,11.06612
17295,2018-01-09 09:53:49.552,11.06612
17296,2018-01-09 09:53:49.652,11.06612
17297,2018-01-09 09:53:49.752,11.06612
17298,2018-01-09 09:53:49.852,11.06612
17299,2018-01-09 09:53:49.953,11.06612
17300,2018-01-09 09:53:50.052,11.06612
17301,2018-01-09 09:53:50.152,11.06612
17302,2018-01-09 09:53:50.253,11.06612
17303,2018-01-09 09:53:50.350,11.06612
17304,2018-01-09 09:53:50.450,10.86043
17305,2018-01-09 09:53:50.550,10.86043
17306,2018-01-09 09:53:50.650,10.86043
17307,2018-01-09 09:53:50.751,10.86043
17308,2018-01-09 09:53:50.852,10.86043
17309,2018-01-09 09:53:50.951,10.86043
17310,2018-01-09 09:53:51.051,10.86043
17311,2018-01-09 09:53:51.151,10.86043
17312,2018-01-09 09:53:51.251,10.86043
17313,2018-01-09 09:53:51.351,10.86043
17314,2018-01-09 09:53:51.451,12.17977
17315,2018-01-09 09:53:51.551,12.17977
17316,2018-01-09 09:53:51.651,12.17977
17317,2018-01-09 09:53:51.751,12.17977
17318,2018-01-09 09:53:51.851,12.17977
17319,2018-01-09 09:53:51.952,12.17977
17320,2018-01-09 09:53:52.052,12.17977
17321,2018-01-09 09:53:52.151,12.17977
17322,2018-01-09 09:53:52.251,12.17977
17323,2018-01-09 09:53:52.352,12.17977
17324,2018-01-09 09:53:52.451,10.03029
17325,2018-01-09 09:53:52.552,10.03029
17326,2018-01-09 09:53:52.651,10.03029
17327,2018-01-09 09:53:52.751,10.03029
17328,2018-01-09 09:53:52.851,10.03029
17329,2018-01-09 09:53:52.951,10.03029
17330,2018-01-09 09:53:53.051,10.03029
17331,2018-01-09 09:53:53.151,10.03029
17332,2018-01-09 09:53:53.252,10.03029
17333,2018-01-09 09:53:53.351,10.03029
17334,2018-01-09 09:53:53.451,9.324296
17335,2018-01-09 09:53:53.551,9.324296
17336,2018-01-09 09:53:53.651,9.324296
17337,2018-01-09 09:53:53.752,9.324296
17338,2018-01-09 09:53:53.852,9.324296
17339,2018-01-09 09:53:53.953,9.324296
17340,2018-01-09 09:53:54.053,9.324296
17341,2018-01-09 09:53:54.153,9.324296
17342,2018-01-09 09:53:54.253,9.324296
17343,2018-01-09 09:53:54.352,9.324296
17344,2018-01-09 09:53:54.453,8.862899
17345,2018-01-09 09:53:54.553,8.862899
17346,2018-01-09 09:53:54.652,8.862899
17347,2018-01-09 09:53:54.753,8.862899
17348,2018-01-09 09:53:54.852,8.862899
17349,2018-01-09 09:53:54.952,8.862899
17350,2018-01-09 09:53:55.052,8.862899
17351,2018-01-09 09:53:55.152,8.862899
17352,2018-01-09 09:53:55.253,8.862899
17353,2018-01-09 09:53:55.350,8.862899
17354,2018-01-09 09:53:55.450,8.80175
17355,2018-01-09 09:53:55.550,8.80175
17356,2018-01-09 09:53:55.650,8.80175
17357,2018-01-09 09:53:55.750,8.80175
17358,2018-01-09 09:53:55.850,8.80175
17359,2018-01-09 09:53:55.951,8.80175
17360,2018-01-09 09:53:56.050,8.80175
17361,2018-01-09 09:53:56.150,8.80175
17362,2018-01-09 09:53:56.250,8.80175
17363,2018-01-09 09:53:56.351,8.80175
17364,2018-01-09 09:53:56.450,9.819047
17365,2018-01-09 09:53:56.550,9.819047
17366,2018-01-09 09:53:56.651,9.819047
17367,2018-01-09 09:53:56.751,9.819047
17368,2018-01-09 09:53:56.851,9.819047
17369,2018-01-09 09:53:56.951,9.819047
17370,2018-01-09 09:53:57.051,9.819047
17371,2018-01-09 09:53:57.151,9.819047
17372,2018-01-09 09:53:57.251,9.819047
17373,2018-01-09 09:53:57.351,9.819047
17374,2018-01-09 09:53:57.451,8.609038
17375,2018-01-09 09:53:57.551,8.609038
17376,2018-01-09 09:53:57.651,8.609038
17377,2018-01-09 09:53:57.751,8.609038
17378,2018-01-09 09:53:57.851,8.609038
17379,2018-01-09 09:53:57.951,8.609038
17380,2018-01-09 09:53:58.052,8.609038
17381,2018-01-09 09:53:58.152,8.609038
17382,2018-01-09 09:53:58.251,8.609038
17383,2018-01-09 09:53:58.351,8.609038
17384,2018-01-09 09:53:58.451,13.541720000000002
17385,2018-01-09 09:53:58.552,13.541720000000002
17386,2018-01-09 09:53:58.651,13.541720000000002
17387,2018-01-09 09:53:58.751,13.541720000000002
17388,2018-01-09 09:53:58.852,13.541720000000002
17389,2018-01-09 09:53:58.951,13.541720000000002
17390,2018-01-09 09:53:59.051,13.541720000000002
17391,2018-01-09 09:53:59.151,13.541720000000002
17392,2018-01-09 09:53:59.251,13.541720000000002
17393,2018-01-09 09:53:59.351,13.541720000000002
17394,2018-01-09 09:53:59.451,13.45834
17395,2018-01-09 09:53:59.551,13.45834
17396,2018-01-09 09:53:59.651,13.45834
17397,2018-01-09 09:53:59.751,13.45834
17398,2018-01-09 09:53:59.851,13.45834
17399,2018-01-09 09:53:59.952,13.45834
17400,2018-01-09 09:54:00.052,13.45834
17401,2018-01-09 09:54:00.153,13.45834
17402,2018-01-09 09:54:00.252,13.45834
17403,2018-01-09 09:54:00.350,13.45834
17404,2018-01-09 09:54:00.450,13.3101
17405,2018-01-09 09:54:00.550,13.3101
17406,2018-01-09 09:54:00.650,13.3101
17407,2018-01-09 09:54:00.750,13.3101
17408,2018-01-09 09:54:00.850,13.3101
17409,2018-01-09 09:54:00.950,13.3101
17410,2018-01-09 09:54:01.050,13.3101
17411,2018-01-09 09:54:01.150,13.3101
17412,2018-01-09 09:54:01.250,13.3101
17413,2018-01-09 09:54:01.350,13.3101
17414,2018-01-09 09:54:01.450,13.30269
17415,2018-01-09 09:54:01.550,13.30269
17416,2018-01-09 09:54:01.650,13.30269
17417,2018-01-09 09:54:01.750,13.30269
17418,2018-01-09 09:54:01.850,13.30269
17419,2018-01-09 09:54:01.950,13.30269
17420,2018-01-09 09:54:02.050,13.30269
17421,2018-01-09 09:54:02.151,13.30269
17422,2018-01-09 09:54:02.250,13.30269
17423,2018-01-09 09:54:02.350,13.30269
17424,2018-01-09 09:54:02.450,10.04511
17425,2018-01-09 09:54:02.550,10.04511
17426,2018-01-09 09:54:02.650,10.04511
17427,2018-01-09 09:54:02.750,10.04511
17428,2018-01-09 09:54:02.850,10.04511
17429,2018-01-09 09:54:02.950,10.04511
17430,2018-01-09 09:54:03.051,10.04511
17431,2018-01-09 09:54:03.151,10.04511
17432,2018-01-09 09:54:03.251,10.04511
17433,2018-01-09 09:54:03.351,10.04511
17434,2018-01-09 09:54:03.451,10.39533
17435,2018-01-09 09:54:03.551,10.39533
17436,2018-01-09 09:54:03.651,10.39533
17437,2018-01-09 09:54:03.751,10.39533
17438,2018-01-09 09:54:03.851,10.39533
17439,2018-01-09 09:54:03.951,10.39533
17440,2018-01-09 09:54:04.051,10.39533
17441,2018-01-09 09:54:04.151,10.39533
17442,2018-01-09 09:54:04.252,10.39533
17443,2018-01-09 09:54:04.351,10.39533
17444,2018-01-09 09:54:04.452,10.78446
17445,2018-01-09 09:54:04.551,10.78446
17446,2018-01-09 09:54:04.651,10.78446
17447,2018-01-09 09:54:04.751,10.78446
17448,2018-01-09 09:54:04.851,10.78446
17449,2018-01-09 09:54:04.951,10.78446
17450,2018-01-09 09:54:05.051,10.78446
17451,2018-01-09 09:54:05.151,10.78446
17452,2018-01-09 09:54:05.251,10.78446
17453,2018-01-09 09:54:05.349,10.78446
17454,2018-01-09 09:54:05.449,10.958639999999999
17455,2018-01-09 09:54:05.549,10.958639999999999
17456,2018-01-09 09:54:05.649,10.958639999999999
17457,2018-01-09 09:54:05.749,10.958639999999999
17458,2018-01-09 09:54:05.849,10.958639999999999
17459,2018-01-09 09:54:05.949,10.958639999999999
17460,2018-01-09 09:54:06.050,10.958639999999999
17461,2018-01-09 09:54:06.150,10.958639999999999
17462,2018-01-09 09:54:06.251,10.958639999999999
17463,2018-01-09 09:54:06.351,10.958639999999999
17464,2018-01-09 09:54:06.450,11.12171
17465,2018-01-09 09:54:06.550,11.12171
17466,2018-01-09 09:54:06.650,11.12171
17467,2018-01-09 09:54:06.751,11.12171
17468,2018-01-09 09:54:06.850,11.12171
17469,2018-01-09 09:54:06.950,11.12171
17470,2018-01-09 09:54:07.050,11.12171
17471,2018-01-09 09:54:07.150,11.12171
17472,2018-01-09 09:54:07.250,11.12171
17473,2018-01-09 09:54:07.350,11.12171
17474,2018-01-09 09:54:07.450,11.63313
17475,2018-01-09 09:54:07.550,11.63313
17476,2018-01-09 09:54:07.650,11.63313
17477,2018-01-09 09:54:07.750,11.63313
17478,2018-01-09 09:54:07.850,11.63313
17479,2018-01-09 09:54:07.950,11.63313
17480,2018-01-09 09:54:08.050,11.63313
17481,2018-01-09 09:54:08.151,11.63313
17482,2018-01-09 09:54:08.251,11.63313
17483,2018-01-09 09:54:08.350,11.63313
17484,2018-01-09 09:54:08.450,11.46822
17485,2018-01-09 09:54:08.550,11.46822
17486,2018-01-09 09:54:08.650,11.46822
17487,2018-01-09 09:54:08.750,11.46822
17488,2018-01-09 09:54:08.850,11.46822
17489,2018-01-09 09:54:08.950,11.46822
17490,2018-01-09 09:54:09.051,11.46822
17491,2018-01-09 09:54:09.151,11.46822
17492,2018-01-09 09:54:09.251,11.46822
17493,2018-01-09 09:54:09.351,11.46822
17494,2018-01-09 09:54:09.451,11.67205
17495,2018-01-09 09:54:09.551,11.67205
17496,2018-01-09 09:54:09.651,11.67205
17497,2018-01-09 09:54:09.751,11.67205
17498,2018-01-09 09:54:09.851,11.67205
17499,2018-01-09 09:54:09.951,11.67205
17500,2018-01-09 09:54:10.052,11.67205
17501,2018-01-09 09:54:10.151,11.67205
17502,2018-01-09 09:54:10.252,11.67205
17503,2018-01-09 09:54:10.348,11.67205
17504,2018-01-09 09:54:10.448,12.23351
17505,2018-01-09 09:54:10.548,12.23351
17506,2018-01-09 09:54:10.648,12.23351
17507,2018-01-09 09:54:10.749,12.23351
17508,2018-01-09 09:54:10.849,12.23351
17509,2018-01-09 09:54:10.948,12.23351
17510,2018-01-09 09:54:11.048,12.23351
17511,2018-01-09 09:54:11.148,12.23351
17512,2018-01-09 09:54:11.248,12.23351
17513,2018-01-09 09:54:11.348,12.23351
17514,2018-01-09 09:54:11.448,14.05871
17515,2018-01-09 09:54:11.548,14.05871
17516,2018-01-09 09:54:11.648,14.05871
17517,2018-01-09 09:54:11.748,14.05871
17518,2018-01-09 09:54:11.848,14.05871
17519,2018-01-09 09:54:11.949,14.05871
17520,2018-01-09 09:54:12.048,14.05871
17521,2018-01-09 09:54:12.149,14.05871
17522,2018-01-09 09:54:12.250,14.05871
17523,2018-01-09 09:54:12.349,14.05871
17524,2018-01-09 09:54:12.450,14.02906
17525,2018-01-09 09:54:12.549,14.02906
17526,2018-01-09 09:54:12.649,14.02906
17527,2018-01-09 09:54:12.750,14.02906
17528,2018-01-09 09:54:12.849,14.02906
17529,2018-01-09 09:54:12.949,14.02906
17530,2018-01-09 09:54:13.049,14.02906
17531,2018-01-09 09:54:13.149,14.02906
17532,2018-01-09 09:54:13.249,14.02906
17533,2018-01-09 09:54:13.349,14.02906
17534,2018-01-09 09:54:13.449,13.89009
17535,2018-01-09 09:54:13.549,13.89009
17536,2018-01-09 09:54:13.649,13.89009
17537,2018-01-09 09:54:13.749,13.89009
17538,2018-01-09 09:54:13.849,13.89009
17539,2018-01-09 09:54:13.949,13.89009
17540,2018-01-09 09:54:14.050,13.89009
17541,2018-01-09 09:54:14.149,13.89009
17542,2018-01-09 09:54:14.249,13.89009
17543,2018-01-09 09:54:14.350,13.89009
17544,2018-01-09 09:54:14.449,10.69181
17545,2018-01-09 09:54:14.549,10.69181
17546,2018-01-09 09:54:14.650,10.69181
17547,2018-01-09 09:54:14.749,10.69181
17548,2018-01-09 09:54:14.849,10.69181
17549,2018-01-09 09:54:14.949,10.69181
17550,2018-01-09 09:54:15.050,10.69181
17551,2018-01-09 09:54:15.150,10.69181
17552,2018-01-09 09:54:15.250,10.69181
17553,2018-01-09 09:54:15.349,10.69181
17554,2018-01-09 09:54:15.449,10.61398
17555,2018-01-09 09:54:15.549,10.61398
17556,2018-01-09 09:54:15.649,10.61398
17557,2018-01-09 09:54:15.749,10.61398
17558,2018-01-09 09:54:15.849,10.61398
17559,2018-01-09 09:54:15.949,10.61398
17560,2018-01-09 09:54:16.049,10.61398
17561,2018-01-09 09:54:16.150,10.61398
17562,2018-01-09 09:54:16.249,10.61398
17563,2018-01-09 09:54:16.349,10.61398
17564,2018-01-09 09:54:16.449,10.78261
17565,2018-01-09 09:54:16.549,10.78261
17566,2018-01-09 09:54:16.650,10.78261
17567,2018-01-09 09:54:16.750,10.78261
17568,2018-01-09 09:54:16.849,10.78261
17569,2018-01-09 09:54:16.949,10.78261
17570,2018-01-09 09:54:17.049,10.78261
17571,2018-01-09 09:54:17.149,10.78261
17572,2018-01-09 09:54:17.249,10.78261
17573,2018-01-09 09:54:17.349,10.78261
17574,2018-01-09 09:54:17.449,10.60657
17575,2018-01-09 09:54:17.549,10.60657
17576,2018-01-09 09:54:17.649,10.60657
17577,2018-01-09 09:54:17.749,10.60657
17578,2018-01-09 09:54:17.849,10.60657
17579,2018-01-09 09:54:17.949,10.60657
17580,2018-01-09 09:54:18.050,10.60657
17581,2018-01-09 09:54:18.150,10.60657
17582,2018-01-09 09:54:18.251,10.60657
17583,2018-01-09 09:54:18.350,10.60657
17584,2018-01-09 09:54:18.451,10.44907
17585,2018-01-09 09:54:18.550,10.44907
17586,2018-01-09 09:54:18.650,10.44907
17587,2018-01-09 09:54:18.750,10.44907
17588,2018-01-09 09:54:18.850,10.44907
17589,2018-01-09 09:54:18.950,10.44907
17590,2018-01-09 09:54:19.050,10.44907
17591,2018-01-09 09:54:19.150,10.44907
17592,2018-01-09 09:54:19.250,10.44907
17593,2018-01-09 09:54:19.350,10.44907
17594,2018-01-09 09:54:19.450,10.12109
17595,2018-01-09 09:54:19.550,10.12109
17596,2018-01-09 09:54:19.650,10.12109
17597,2018-01-09 09:54:19.750,10.12109
17598,2018-01-09 09:54:19.850,10.12109
17599,2018-01-09 09:54:19.950,10.12109
17600,2018-01-09 09:54:20.051,10.12109
17601,2018-01-09 09:54:20.150,10.12109
17602,2018-01-09 09:54:20.250,10.12109
17603,2018-01-09 09:54:20.348,10.12109
17604,2018-01-09 09:54:20.448,10.45092
17605,2018-01-09 09:54:20.548,10.45092
17606,2018-01-09 09:54:20.648,10.45092
17607,2018-01-09 09:54:20.748,10.45092
17608,2018-01-09 09:54:20.848,10.45092
17609,2018-01-09 09:54:20.948,10.45092
17610,2018-01-09 09:54:21.049,10.45092
17611,2018-01-09 09:54:21.149,10.45092
17612,2018-01-09 09:54:21.249,10.45092
17613,2018-01-09 09:54:21.349,10.45092
17614,2018-01-09 09:54:21.449,10.08773
17615,2018-01-09 09:54:21.549,10.08773
17616,2018-01-09 09:54:21.649,10.08773
17617,2018-01-09 09:54:21.749,10.08773
17618,2018-01-09 09:54:21.849,10.08773
17619,2018-01-09 09:54:21.949,10.08773
17620,2018-01-09 09:54:22.049,10.08773
17621,2018-01-09 09:54:22.149,10.08773
17622,2018-01-09 09:54:22.249,10.08773
17623,2018-01-09 09:54:22.349,10.08773
17624,2018-01-09 09:54:22.449,10.42498
17625,2018-01-09 09:54:22.549,10.42498
17626,2018-01-09 09:54:22.649,10.42498
17627,2018-01-09 09:54:22.749,10.42498
17628,2018-01-09 09:54:22.849,10.42498
17629,2018-01-09 09:54:22.949,10.42498
17630,2018-01-09 09:54:23.049,10.42498
17631,2018-01-09 09:54:23.149,10.42498
17632,2018-01-09 09:54:23.249,10.42498
17633,2018-01-09 09:54:23.349,10.42498
17634,2018-01-09 09:54:23.449,11.40892
17635,2018-01-09 09:54:23.549,11.40892
17636,2018-01-09 09:54:23.649,11.40892
17637,2018-01-09 09:54:23.749,11.40892
17638,2018-01-09 09:54:23.849,11.40892
17639,2018-01-09 09:54:23.949,11.40892
17640,2018-01-09 09:54:24.050,11.40892
17641,2018-01-09 09:54:24.150,11.40892
17642,2018-01-09 09:54:24.250,11.40892
17643,2018-01-09 09:54:24.350,11.40892
17644,2018-01-09 09:54:24.450,11.42375
17645,2018-01-09 09:54:24.550,11.42375
17646,2018-01-09 09:54:24.650,11.42375
17647,2018-01-09 09:54:24.750,11.42375
17648,2018-01-09 09:54:24.850,11.42375
17649,2018-01-09 09:54:24.950,11.42375
17650,2018-01-09 09:54:25.050,11.42375
17651,2018-01-09 09:54:25.150,11.42375
17652,2018-01-09 09:54:25.250,11.42375
17653,2018-01-09 09:54:25.347,11.42375
17654,2018-01-09 09:54:25.447,11.34036
17655,2018-01-09 09:54:25.547,11.34036
17656,2018-01-09 09:54:25.647,11.34036
17657,2018-01-09 09:54:25.747,11.34036
17658,2018-01-09 09:54:25.847,11.34036
17659,2018-01-09 09:54:25.947,11.34036
17660,2018-01-09 09:54:26.047,11.34036
17661,2018-01-09 09:54:26.147,11.34036
17662,2018-01-09 09:54:26.247,11.34036
17663,2018-01-09 09:54:26.347,11.34036
17664,2018-01-09 09:54:26.447,10.6529
17665,2018-01-09 09:54:26.547,10.6529
17666,2018-01-09 09:54:26.647,10.6529
17667,2018-01-09 09:54:26.748,10.6529
17668,2018-01-09 09:54:26.847,10.6529
17669,2018-01-09 09:54:26.947,10.6529
17670,2018-01-09 09:54:27.048,10.6529
17671,2018-01-09 09:54:27.148,10.6529
17672,2018-01-09 09:54:27.248,10.6529
17673,2018-01-09 09:54:27.348,10.6529
17674,2018-01-09 09:54:27.448,9.965434
17675,2018-01-09 09:54:27.548,9.965434
17676,2018-01-09 09:54:27.648,9.965434
17677,2018-01-09 09:54:27.748,9.965434
17678,2018-01-09 09:54:27.848,9.965434
17679,2018-01-09 09:54:27.948,9.965434
17680,2018-01-09 09:54:28.048,9.965434
17681,2018-01-09 09:54:28.148,9.965434
17682,2018-01-09 09:54:28.248,9.965434
17683,2018-01-09 09:54:28.348,9.965434
17684,2018-01-09 09:54:28.448,9.428064
17685,2018-01-09 09:54:28.548,9.428064
17686,2018-01-09 09:54:28.648,9.428064
17687,2018-01-09 09:54:28.748,9.428064
17688,2018-01-09 09:54:28.848,9.428064
17689,2018-01-09 09:54:28.948,9.428064
17690,2018-01-09 09:54:29.048,9.428064
17691,2018-01-09 09:54:29.148,9.428064
17692,2018-01-09 09:54:29.248,9.428064
17693,2018-01-09 09:54:29.348,9.428064
17694,2018-01-09 09:54:29.448,9.22794
17695,2018-01-09 09:54:29.548,9.22794
17696,2018-01-09 09:54:29.648,9.22794
17697,2018-01-09 09:54:29.748,9.22794
17698,2018-01-09 09:54:29.848,9.22794
17699,2018-01-09 09:54:29.948,9.22794
17700,2018-01-09 09:54:30.048,9.22794
17701,2018-01-09 09:54:30.148,9.22794
17702,2018-01-09 09:54:30.250,9.22794
17703,2018-01-09 09:54:30.347,9.22794
17704,2018-01-09 09:54:30.447,12.60781
17705,2018-01-09 09:54:30.547,12.60781
17706,2018-01-09 09:54:30.648,12.60781
17707,2018-01-09 09:54:30.748,12.60781
17708,2018-01-09 09:54:30.847,12.60781
17709,2018-01-09 09:54:30.948,12.60781
17710,2018-01-09 09:54:31.047,12.60781
17711,2018-01-09 09:54:31.147,12.60781
17712,2018-01-09 09:54:31.247,12.60781
17713,2018-01-09 09:54:31.347,12.60781
17714,2018-01-09 09:54:31.447,12.50775
17715,2018-01-09 09:54:31.547,12.50775
17716,2018-01-09 09:54:31.647,12.50775
17717,2018-01-09 09:54:31.747,12.50775
17718,2018-01-09 09:54:31.847,12.50775
17719,2018-01-09 09:54:31.947,12.50775
17720,2018-01-09 09:54:32.047,12.50775
17721,2018-01-09 09:54:32.147,12.50775
17722,2018-01-09 09:54:32.247,12.50775
17723,2018-01-09 09:54:32.347,12.50775
17724,2018-01-09 09:54:32.448,12.50775
17725,2018-01-09 09:54:32.547,12.33913
17726,2018-01-09 09:54:32.647,12.33913
17727,2018-01-09 09:54:32.747,12.33913
17728,2018-01-09 09:54:32.847,12.33913
17729,2018-01-09 09:54:32.947,12.33913
17730,2018-01-09 09:54:33.047,12.33913
17731,2018-01-09 09:54:33.147,12.33913
17732,2018-01-09 09:54:33.248,12.33913
17733,2018-01-09 09:54:33.348,12.33913
17734,2018-01-09 09:54:33.448,12.36507
17735,2018-01-09 09:54:33.548,12.36507
17736,2018-01-09 09:54:33.648,12.36507
17737,2018-01-09 09:54:33.748,12.36507
17738,2018-01-09 09:54:33.848,12.36507
17739,2018-01-09 09:54:33.948,12.36507
17740,2018-01-09 09:54:34.048,12.36507
17741,2018-01-09 09:54:34.149,12.36507
17742,2018-01-09 09:54:34.248,12.36507
17743,2018-01-09 09:54:34.348,12.36507
17744,2018-01-09 09:54:34.448,10.18965
17745,2018-01-09 09:54:34.548,10.18965
17746,2018-01-09 09:54:34.648,10.18965
17747,2018-01-09 09:54:34.749,10.18965
17748,2018-01-09 09:54:34.848,10.18965
17749,2018-01-09 09:54:34.948,10.18965
17750,2018-01-09 09:54:35.048,10.18965
17751,2018-01-09 09:54:35.148,10.18965
17752,2018-01-09 09:54:35.248,10.18965
17753,2018-01-09 09:54:35.346,10.18965
17754,2018-01-09 09:54:35.446,10.18965
17755,2018-01-09 09:54:35.546,9.129731
17756,2018-01-09 09:54:35.646,9.129731
17757,2018-01-09 09:54:35.746,9.129731
17758,2018-01-09 09:54:35.846,9.129731
17759,2018-01-09 09:54:35.946,9.129731
17760,2018-01-09 09:54:36.047,9.129731
17761,2018-01-09 09:54:36.147,9.129731
17762,2018-01-09 09:54:36.247,9.129731
17763,2018-01-09 09:54:36.347,9.129731
17764,2018-01-09 09:54:36.448,10.21003
17765,2018-01-09 09:54:36.547,10.21003
17766,2018-01-09 09:54:36.648,10.21003
17767,2018-01-09 09:54:36.747,10.21003
17768,2018-01-09 09:54:36.847,10.21003
17769,2018-01-09 09:54:36.948,10.21003
17770,2018-01-09 09:54:37.048,10.21003
17771,2018-01-09 09:54:37.147,10.21003
17772,2018-01-09 09:54:37.247,10.21003
17773,2018-01-09 09:54:37.347,10.21003
17774,2018-01-09 09:54:37.447,10.0655
17775,2018-01-09 09:54:37.547,10.0655
17776,2018-01-09 09:54:37.647,10.0655
17777,2018-01-09 09:54:37.747,10.0655
17778,2018-01-09 09:54:37.847,10.0655
17779,2018-01-09 09:54:37.947,10.0655
17780,2018-01-09 09:54:38.047,10.0655
17781,2018-01-09 09:54:38.148,10.0655
17782,2018-01-09 09:54:38.248,10.0655
17783,2018-01-09 09:54:38.347,10.0655
17784,2018-01-09 09:54:38.447,9.872784
17785,2018-01-09 09:54:38.548,9.872784
17786,2018-01-09 09:54:38.647,9.872784
17787,2018-01-09 09:54:38.747,9.872784
17788,2018-01-09 09:54:38.847,9.872784
17789,2018-01-09 09:54:38.947,9.872784
17790,2018-01-09 09:54:39.047,9.872784
17791,2018-01-09 09:54:39.148,9.872784
17792,2018-01-09 09:54:39.248,9.872784
17793,2018-01-09 09:54:39.348,9.872784
17794,2018-01-09 09:54:39.448,10.22485
17795,2018-01-09 09:54:39.548,10.22485
17796,2018-01-09 09:54:39.648,10.22485
17797,2018-01-09 09:54:39.748,10.22485
17798,2018-01-09 09:54:39.848,10.22485
17799,2018-01-09 09:54:39.948,10.22485
17800,2018-01-09 09:54:40.048,10.22485
17801,2018-01-09 09:54:40.148,10.22485
17802,2018-01-09 09:54:40.248,10.22485
17803,2018-01-09 09:54:40.346,10.22485
17804,2018-01-09 09:54:40.446,10.6529
17805,2018-01-09 09:54:40.547,10.6529
17806,2018-01-09 09:54:40.646,10.6529
17807,2018-01-09 09:54:40.746,10.6529
17808,2018-01-09 09:54:40.846,10.6529
17809,2018-01-09 09:54:40.946,10.6529
17810,2018-01-09 09:54:41.046,10.6529
17811,2018-01-09 09:54:41.146,10.6529
17812,2018-01-09 09:54:41.246,10.6529
17813,2018-01-09 09:54:41.346,10.6529
17814,2018-01-09 09:54:41.446,10.56581
17815,2018-01-09 09:54:41.546,10.56581
17816,2018-01-09 09:54:41.646,10.56581
17817,2018-01-09 09:54:41.746,10.56581
17818,2018-01-09 09:54:41.846,10.56581
17819,2018-01-09 09:54:41.946,10.56581
17820,2018-01-09 09:54:42.046,10.56581
17821,2018-01-09 09:54:42.147,10.56581
17822,2018-01-09 09:54:42.247,10.56581
17823,2018-01-09 09:54:42.347,10.56581
17824,2018-01-09 09:54:42.447,10.56581
17825,2018-01-09 09:54:42.547,10.5306
17826,2018-01-09 09:54:42.647,10.5306
17827,2018-01-09 09:54:42.748,10.5306
17828,2018-01-09 09:54:42.847,10.5306
17829,2018-01-09 09:54:42.947,10.5306
17830,2018-01-09 09:54:43.047,10.5306
17831,2018-01-09 09:54:43.147,10.5306
17832,2018-01-09 09:54:43.247,10.5306
17833,2018-01-09 09:54:43.347,10.5306
17834,2018-01-09 09:54:43.447,10.71405
17835,2018-01-09 09:54:43.547,10.71405
17836,2018-01-09 09:54:43.647,10.71405
17837,2018-01-09 09:54:43.747,10.71405
17838,2018-01-09 09:54:43.847,10.71405
17839,2018-01-09 09:54:43.947,10.71405
17840,2018-01-09 09:54:44.047,10.71405
17841,2018-01-09 09:54:44.147,10.71405
17842,2018-01-09 09:54:44.247,10.71405
17843,2018-01-09 09:54:44.347,10.71405
17844,2018-01-09 09:54:44.447,10.75111
17845,2018-01-09 09:54:44.547,10.75111
17846,2018-01-09 09:54:44.647,10.75111
17847,2018-01-09 09:54:44.747,10.75111
17848,2018-01-09 09:54:44.847,10.75111
17849,2018-01-09 09:54:44.947,10.75111
17850,2018-01-09 09:54:45.047,10.75111
17851,2018-01-09 09:54:45.147,10.75111
17852,2018-01-09 09:54:45.248,10.75111
17853,2018-01-09 09:54:45.346,10.75111
17854,2018-01-09 09:54:45.446,10.8067
17855,2018-01-09 09:54:45.546,10.8067
17856,2018-01-09 09:54:45.646,10.8067
17857,2018-01-09 09:54:45.746,10.8067
17858,2018-01-09 09:54:45.846,10.8067
17859,2018-01-09 09:54:45.946,10.8067
17860,2018-01-09 09:54:46.046,10.8067
17861,2018-01-09 09:54:46.146,10.8067
17862,2018-01-09 09:54:46.246,10.8067
17863,2018-01-09 09:54:46.347,10.8067
17864,2018-01-09 09:54:46.446,11.13468
17865,2018-01-09 09:54:46.546,11.13468
17866,2018-01-09 09:54:46.646,11.13468
17867,2018-01-09 09:54:46.747,11.13468
17868,2018-01-09 09:54:46.846,11.13468
17869,2018-01-09 09:54:46.947,11.13468
17870,2018-01-09 09:54:47.046,11.13468
17871,2018-01-09 09:54:47.146,11.13468
17872,2018-01-09 09:54:47.246,11.13468
17873,2018-01-09 09:54:47.346,11.13468
17874,2018-01-09 09:54:47.446,11.21992
17875,2018-01-09 09:54:47.546,11.21992
17876,2018-01-09 09:54:47.646,11.21992
17877,2018-01-09 09:54:47.746,11.21992
17878,2018-01-09 09:54:47.846,11.21992
17879,2018-01-09 09:54:47.946,11.21992
17880,2018-01-09 09:54:48.047,11.21992
17881,2018-01-09 09:54:48.148,11.21992
17882,2018-01-09 09:54:48.247,11.21992
17883,2018-01-09 09:54:48.347,11.21992
17884,2018-01-09 09:54:48.447,11.10688
17885,2018-01-09 09:54:48.547,11.10688
17886,2018-01-09 09:54:48.647,11.10688
17887,2018-01-09 09:54:48.747,11.10688
17888,2018-01-09 09:54:48.848,11.10688
17889,2018-01-09 09:54:48.947,11.10688
17890,2018-01-09 09:54:49.048,11.10688
17891,2018-01-09 09:54:49.147,11.10688
17892,2018-01-09 09:54:49.247,11.10688
17893,2018-01-09 09:54:49.347,11.10688
17894,2018-01-09 09:54:49.447,10.89008
17895,2018-01-09 09:54:49.547,10.89008
17896,2018-01-09 09:54:49.647,10.89008
17897,2018-01-09 09:54:49.747,10.89008
17898,2018-01-09 09:54:49.847,10.89008
17899,2018-01-09 09:54:49.947,10.89008
17900,2018-01-09 09:54:50.047,10.89008
17901,2018-01-09 09:54:50.148,10.89008
17902,2018-01-09 09:54:50.248,10.89008
17903,2018-01-09 09:54:50.345,10.89008
17904,2018-01-09 09:54:50.445,10.78075
17905,2018-01-09 09:54:50.546,10.78075
17906,2018-01-09 09:54:50.645,10.78075
17907,2018-01-09 09:54:50.745,10.78075
17908,2018-01-09 09:54:50.845,10.78075
17909,2018-01-09 09:54:50.946,10.78075
17910,2018-01-09 09:54:51.045,10.78075
17911,2018-01-09 09:54:51.145,10.78075
17912,2018-01-09 09:54:51.246,10.78075
17913,2018-01-09 09:54:51.346,10.78075
17914,2018-01-09 09:54:51.446,11.03091
17915,2018-01-09 09:54:51.546,11.03091
17916,2018-01-09 09:54:51.646,11.03091
17917,2018-01-09 09:54:51.746,11.03091
17918,2018-01-09 09:54:51.846,11.03091
17919,2018-01-09 09:54:51.946,11.03091
17920,2018-01-09 09:54:52.046,11.03091
17921,2018-01-09 09:54:52.146,11.03091
17922,2018-01-09 09:54:52.246,11.03091
17923,2018-01-09 09:54:52.347,11.03091
17924,2018-01-09 09:54:52.446,11.03091
17925,2018-01-09 09:54:52.547,11.06797
17926,2018-01-09 09:54:52.646,11.06797
17927,2018-01-09 09:54:52.746,11.06797
17928,2018-01-09 09:54:52.847,11.06797
17929,2018-01-09 09:54:52.947,11.06797
17930,2018-01-09 09:54:53.046,11.06797
17931,2018-01-09 09:54:53.146,11.06797
17932,2018-01-09 09:54:53.246,11.06797
17933,2018-01-09 09:54:53.346,11.06797
17934,2018-01-09 09:54:53.446,11.11244
17935,2018-01-09 09:54:53.546,11.11244
17936,2018-01-09 09:54:53.646,11.11244
17937,2018-01-09 09:54:53.746,11.11244
17938,2018-01-09 09:54:53.846,11.11244
17939,2018-01-09 09:54:53.947,11.11244
17940,2018-01-09 09:54:54.047,11.11244
17941,2018-01-09 09:54:54.148,11.11244
17942,2018-01-09 09:54:54.247,11.11244
17943,2018-01-09 09:54:54.347,11.11244
17944,2018-01-09 09:54:54.448,11.01423
17945,2018-01-09 09:54:54.548,11.01423
17946,2018-01-09 09:54:54.647,11.01423
17947,2018-01-09 09:54:54.748,11.01423
17948,2018-01-09 09:54:54.848,11.01423
17949,2018-01-09 09:54:54.947,11.01423
17950,2018-01-09 09:54:55.047,11.01423
17951,2018-01-09 09:54:55.147,11.01423
17952,2018-01-09 09:54:55.247,11.01423
17953,2018-01-09 09:54:55.345,11.01423
17954,2018-01-09 09:54:55.445,11.26809
17955,2018-01-09 09:54:55.545,11.26809
17956,2018-01-09 09:54:55.645,11.26809
17957,2018-01-09 09:54:55.745,11.26809
17958,2018-01-09 09:54:55.845,11.26809
17959,2018-01-09 09:54:55.945,11.26809
17960,2018-01-09 09:54:56.045,11.26809
17961,2018-01-09 09:54:56.146,11.26809
17962,2018-01-09 09:54:56.245,11.26809
17963,2018-01-09 09:54:56.345,11.26809
17964,2018-01-09 09:54:56.445,12.53184
17965,2018-01-09 09:54:56.545,12.53184
17966,2018-01-09 09:54:56.645,12.53184
17967,2018-01-09 09:54:56.745,12.53184
17968,2018-01-09 09:54:56.846,12.53184
17969,2018-01-09 09:54:56.945,12.53184
17970,2018-01-09 09:54:57.045,12.53184
17971,2018-01-09 09:54:57.145,12.53184
17972,2018-01-09 09:54:57.246,12.53184
17973,2018-01-09 09:54:57.346,12.53184
17974,2018-01-09 09:54:57.446,12.61708
17975,2018-01-09 09:54:57.546,12.61708
17976,2018-01-09 09:54:57.646,12.61708
17977,2018-01-09 09:54:57.746,12.61708
17978,2018-01-09 09:54:57.846,12.61708
17979,2018-01-09 09:54:57.946,12.61708
17980,2018-01-09 09:54:58.046,12.61708
17981,2018-01-09 09:54:58.146,12.61708
17982,2018-01-09 09:54:58.246,12.61708
17983,2018-01-09 09:54:58.347,12.61708
17984,2018-01-09 09:54:58.446,12.59484
17985,2018-01-09 09:54:58.546,12.59484
17986,2018-01-09 09:54:58.647,12.59484
17987,2018-01-09 09:54:58.746,12.59484
17988,2018-01-09 09:54:58.846,12.59484
17989,2018-01-09 09:54:58.946,12.59484
17990,2018-01-09 09:54:59.046,12.59484
17991,2018-01-09 09:54:59.146,12.59484
17992,2018-01-09 09:54:59.246,12.59484
17993,2018-01-09 09:54:59.346,12.59484
17994,2018-01-09 09:54:59.446,12.55408
17995,2018-01-09 09:54:59.546,12.55408
17996,2018-01-09 09:54:59.646,12.55408
17997,2018-01-09 09:54:59.746,12.55408
17998,2018-01-09 09:54:59.846,12.55408
17999,2018-01-09 09:54:59.946,12.55408
