,Time,Value
0,2018-01-24 11:25:00.048,1.3069549999999999
1,2018-01-24 11:25:00.148,1.3069549999999999
2,2018-01-24 11:25:00.248,1.169184
3,2018-01-24 11:25:00.348,1.169184
4,2018-01-24 11:25:00.448,1.169184
5,2018-01-24 11:25:00.548,1.169184
6,2018-01-24 11:25:00.648,1.169184
7,2018-01-24 11:25:00.748,1.169184
8,2018-01-24 11:25:00.848,1.169184
9,2018-01-24 11:25:00.947,1.169184
10,2018-01-24 11:25:01.047,1.169184
11,2018-01-24 11:25:01.147,1.169184
12,2018-01-24 11:25:01.247,1.091408
13,2018-01-24 11:25:01.347,1.091408
14,2018-01-24 11:25:01.447,1.091408
15,2018-01-24 11:25:01.547,1.091408
16,2018-01-24 11:25:01.647,1.091408
17,2018-01-24 11:25:01.747,1.091408
18,2018-01-24 11:25:01.847,1.091408
19,2018-01-24 11:25:01.947,1.091408
20,2018-01-24 11:25:02.047,1.091408
21,2018-01-24 11:25:02.147,1.091408
22,2018-01-24 11:25:02.247,1.180883
23,2018-01-24 11:25:02.347,1.180883
24,2018-01-24 11:25:02.447,1.180883
25,2018-01-24 11:25:02.547,1.180883
26,2018-01-24 11:25:02.648,1.180883
27,2018-01-24 11:25:02.748,1.180883
28,2018-01-24 11:25:02.848,1.180883
29,2018-01-24 11:25:02.948,1.180883
30,2018-01-24 11:25:03.048,1.180883
31,2018-01-24 11:25:03.148,1.180883
32,2018-01-24 11:25:03.248,1.3571
33,2018-01-24 11:25:03.348,1.3571
34,2018-01-24 11:25:03.448,1.3571
35,2018-01-24 11:25:03.548,1.3571
36,2018-01-24 11:25:03.648,1.3571
37,2018-01-24 11:25:03.748,1.3571
38,2018-01-24 11:25:03.848,1.3571
39,2018-01-24 11:25:03.948,1.3571
40,2018-01-24 11:25:04.048,1.3571
41,2018-01-24 11:25:04.148,1.3571
42,2018-01-24 11:25:04.248,1.5195189999999998
43,2018-01-24 11:25:04.348,1.5195189999999998
44,2018-01-24 11:25:04.448,1.5195189999999998
45,2018-01-24 11:25:04.548,1.5195189999999998
46,2018-01-24 11:25:04.648,1.5195189999999998
47,2018-01-24 11:25:04.748,1.5195189999999998
48,2018-01-24 11:25:04.848,1.5195189999999998
49,2018-01-24 11:25:04.948,1.5195189999999998
50,2018-01-24 11:25:05.048,1.5195189999999998
51,2018-01-24 11:25:05.148,1.5195189999999998
52,2018-01-24 11:25:05.248,1.614528
53,2018-01-24 11:25:05.348,1.614528
54,2018-01-24 11:25:05.448,1.614528
55,2018-01-24 11:25:05.548,1.614528
56,2018-01-24 11:25:05.648,1.614528
57,2018-01-24 11:25:05.749,1.614528
58,2018-01-24 11:25:05.849,1.614528
59,2018-01-24 11:25:05.947,1.614528
60,2018-01-24 11:25:06.047,1.614528
61,2018-01-24 11:25:06.147,1.614528
62,2018-01-24 11:25:06.247,1.661055
63,2018-01-24 11:25:06.347,1.661055
64,2018-01-24 11:25:06.447,1.661055
65,2018-01-24 11:25:06.547,1.661055
66,2018-01-24 11:25:06.647,1.661055
67,2018-01-24 11:25:06.747,1.661055
68,2018-01-24 11:25:06.847,1.661055
69,2018-01-24 11:25:06.948,1.661055
70,2018-01-24 11:25:07.048,1.661055
71,2018-01-24 11:25:07.148,1.661055
72,2018-01-24 11:25:07.247,1.7568769999999998
73,2018-01-24 11:25:07.347,1.7568769999999998
74,2018-01-24 11:25:07.447,1.7568769999999998
75,2018-01-24 11:25:07.548,1.7568769999999998
76,2018-01-24 11:25:07.647,1.7568769999999998
77,2018-01-24 11:25:07.748,1.7568769999999998
78,2018-01-24 11:25:07.847,1.7568769999999998
79,2018-01-24 11:25:07.947,1.7568769999999998
80,2018-01-24 11:25:08.047,1.7568769999999998
81,2018-01-24 11:25:08.147,1.7568769999999998
82,2018-01-24 11:25:08.248,1.8614060000000001
83,2018-01-24 11:25:08.347,1.8614060000000001
84,2018-01-24 11:25:08.447,1.8614060000000001
85,2018-01-24 11:25:08.547,1.8614060000000001
86,2018-01-24 11:25:08.647,1.8614060000000001
87,2018-01-24 11:25:08.748,1.8614060000000001
88,2018-01-24 11:25:08.848,1.8614060000000001
89,2018-01-24 11:25:08.948,1.8614060000000001
90,2018-01-24 11:25:09.049,1.8614060000000001
91,2018-01-24 11:25:09.149,1.8614060000000001
92,2018-01-24 11:25:09.249,1.97682
93,2018-01-24 11:25:09.348,1.97682
94,2018-01-24 11:25:09.448,1.97682
95,2018-01-24 11:25:09.548,1.97682
96,2018-01-24 11:25:09.648,1.97682
97,2018-01-24 11:25:09.748,1.97682
98,2018-01-24 11:25:09.848,1.97682
99,2018-01-24 11:25:09.948,1.97682
100,2018-01-24 11:25:10.048,1.97682
101,2018-01-24 11:25:10.148,1.97682
102,2018-01-24 11:25:10.248,2.106144
103,2018-01-24 11:25:10.348,2.106144
104,2018-01-24 11:25:10.448,2.106144
105,2018-01-24 11:25:10.548,2.106144
106,2018-01-24 11:25:10.648,2.106144
107,2018-01-24 11:25:10.748,2.106144
108,2018-01-24 11:25:10.848,2.106144
109,2018-01-24 11:25:10.947,2.106144
110,2018-01-24 11:25:11.047,2.106144
111,2018-01-24 11:25:11.147,2.106144
112,2018-01-24 11:25:11.247,2.106144
113,2018-01-24 11:25:11.348,2.263509
114,2018-01-24 11:25:11.448,2.263509
115,2018-01-24 11:25:11.547,2.263509
116,2018-01-24 11:25:11.649,2.263509
117,2018-01-24 11:25:11.748,2.263509
118,2018-01-24 11:25:11.848,2.263509
119,2018-01-24 11:25:11.948,2.263509
120,2018-01-24 11:25:12.048,2.263509
121,2018-01-24 11:25:12.148,2.263509
122,2018-01-24 11:25:12.248,2.387481
123,2018-01-24 11:25:12.348,2.387481
124,2018-01-24 11:25:12.448,2.387481
125,2018-01-24 11:25:12.548,2.387481
126,2018-01-24 11:25:12.648,2.387481
127,2018-01-24 11:25:12.748,2.387481
128,2018-01-24 11:25:12.848,2.387481
129,2018-01-24 11:25:12.948,2.387481
130,2018-01-24 11:25:13.048,2.387481
131,2018-01-24 11:25:13.148,2.387481
132,2018-01-24 11:25:13.249,2.497175
133,2018-01-24 11:25:13.348,2.497175
134,2018-01-24 11:25:13.449,2.497175
135,2018-01-24 11:25:13.549,2.497175
136,2018-01-24 11:25:13.648,2.497175
137,2018-01-24 11:25:13.748,2.497175
138,2018-01-24 11:25:13.848,2.497175
139,2018-01-24 11:25:13.948,2.497175
140,2018-01-24 11:25:14.048,2.497175
141,2018-01-24 11:25:14.148,2.497175
142,2018-01-24 11:25:14.248,2.60307
143,2018-01-24 11:25:14.348,2.60307
144,2018-01-24 11:25:14.448,2.60307
145,2018-01-24 11:25:14.548,2.60307
146,2018-01-24 11:25:14.648,2.60307
147,2018-01-24 11:25:14.749,2.60307
148,2018-01-24 11:25:14.849,2.60307
149,2018-01-24 11:25:14.949,2.60307
150,2018-01-24 11:25:15.049,2.60307
151,2018-01-24 11:25:15.150,2.60307
152,2018-01-24 11:25:15.249,2.634288
153,2018-01-24 11:25:15.349,2.634288
154,2018-01-24 11:25:15.449,2.634288
155,2018-01-24 11:25:15.549,2.634288
156,2018-01-24 11:25:15.649,2.634288
157,2018-01-24 11:25:15.750,2.634288
158,2018-01-24 11:25:15.849,2.634288
159,2018-01-24 11:25:15.947,2.634288
160,2018-01-24 11:25:16.047,2.634288
161,2018-01-24 11:25:16.147,2.634288
162,2018-01-24 11:25:16.247,2.570975
163,2018-01-24 11:25:16.347,2.570975
164,2018-01-24 11:25:16.447,2.570975
165,2018-01-24 11:25:16.547,2.570975
166,2018-01-24 11:25:16.647,2.570975
167,2018-01-24 11:25:16.747,2.570975
168,2018-01-24 11:25:16.847,2.570975
169,2018-01-24 11:25:16.948,2.570975
170,2018-01-24 11:25:17.048,2.570975
171,2018-01-24 11:25:17.148,2.570975
172,2018-01-24 11:25:17.247,2.5251490000000003
173,2018-01-24 11:25:17.348,2.5251490000000003
174,2018-01-24 11:25:17.448,2.5251490000000003
175,2018-01-24 11:25:17.547,2.5251490000000003
176,2018-01-24 11:25:17.648,2.5251490000000003
177,2018-01-24 11:25:17.749,2.5251490000000003
178,2018-01-24 11:25:17.848,2.5251490000000003
179,2018-01-24 11:25:17.948,2.5251490000000003
180,2018-01-24 11:25:18.048,2.5251490000000003
181,2018-01-24 11:25:18.148,2.5251490000000003
182,2018-01-24 11:25:18.248,2.590195
183,2018-01-24 11:25:18.348,2.590195
184,2018-01-24 11:25:18.448,2.590195
185,2018-01-24 11:25:18.548,2.590195
186,2018-01-24 11:25:18.648,2.590195
187,2018-01-24 11:25:18.748,2.590195
188,2018-01-24 11:25:18.848,2.590195
189,2018-01-24 11:25:18.949,2.590195
190,2018-01-24 11:25:19.048,2.590195
191,2018-01-24 11:25:19.149,2.590195
192,2018-01-24 11:25:19.248,2.667196
193,2018-01-24 11:25:19.349,2.667196
194,2018-01-24 11:25:19.448,2.667196
195,2018-01-24 11:25:19.548,2.667196
196,2018-01-24 11:25:19.649,2.667196
197,2018-01-24 11:25:19.749,2.667196
198,2018-01-24 11:25:19.848,2.667196
199,2018-01-24 11:25:19.948,2.667196
200,2018-01-24 11:25:20.048,2.667196
201,2018-01-24 11:25:20.148,2.667196
202,2018-01-24 11:25:20.248,2.697819
203,2018-01-24 11:25:20.348,2.697819
204,2018-01-24 11:25:20.448,2.697819
205,2018-01-24 11:25:20.548,2.697819
206,2018-01-24 11:25:20.648,2.697819
207,2018-01-24 11:25:20.749,2.697819
208,2018-01-24 11:25:20.848,2.697819
209,2018-01-24 11:25:20.948,2.697819
210,2018-01-24 11:25:21.048,2.697819
211,2018-01-24 11:25:21.148,2.697819
212,2018-01-24 11:25:21.248,2.595468
213,2018-01-24 11:25:21.348,2.595468
214,2018-01-24 11:25:21.448,2.595468
215,2018-01-24 11:25:21.548,2.595468
216,2018-01-24 11:25:21.648,2.595468
217,2018-01-24 11:25:21.748,2.595468
218,2018-01-24 11:25:21.848,2.595468
219,2018-01-24 11:25:21.948,2.595468
220,2018-01-24 11:25:22.048,2.595468
221,2018-01-24 11:25:22.148,2.595468
222,2018-01-24 11:25:22.248,2.391651
223,2018-01-24 11:25:22.348,2.391651
224,2018-01-24 11:25:22.448,2.391651
225,2018-01-24 11:25:22.548,2.391651
226,2018-01-24 11:25:22.648,2.391651
227,2018-01-24 11:25:22.748,2.391651
228,2018-01-24 11:25:22.848,2.391651
229,2018-01-24 11:25:22.948,2.391651
230,2018-01-24 11:25:23.048,2.391651
231,2018-01-24 11:25:23.148,2.391651
232,2018-01-24 11:25:23.248,2.223219
233,2018-01-24 11:25:23.348,2.223219
234,2018-01-24 11:25:23.448,2.223219
235,2018-01-24 11:25:23.548,2.223219
236,2018-01-24 11:25:23.648,2.223219
237,2018-01-24 11:25:23.749,2.223219
238,2018-01-24 11:25:23.849,2.223219
239,2018-01-24 11:25:23.949,2.223219
240,2018-01-24 11:25:24.049,2.223219
241,2018-01-24 11:25:24.149,2.223219
242,2018-01-24 11:25:24.249,2.121864
243,2018-01-24 11:25:24.349,2.121864
244,2018-01-24 11:25:24.449,2.121864
245,2018-01-24 11:25:24.549,2.121864
246,2018-01-24 11:25:24.649,2.121864
247,2018-01-24 11:25:24.749,2.121864
248,2018-01-24 11:25:24.849,2.121864
249,2018-01-24 11:25:24.949,2.121864
250,2018-01-24 11:25:25.049,2.121864
251,2018-01-24 11:25:25.149,2.121864
252,2018-01-24 11:25:25.249,2.109835
253,2018-01-24 11:25:25.349,2.109835
254,2018-01-24 11:25:25.449,2.109835
255,2018-01-24 11:25:25.549,2.109835
256,2018-01-24 11:25:25.649,2.109835
257,2018-01-24 11:25:25.749,2.109835
258,2018-01-24 11:25:25.849,2.109835
259,2018-01-24 11:25:25.947,2.109835
260,2018-01-24 11:25:26.047,2.109835
261,2018-01-24 11:25:26.147,2.109835
262,2018-01-24 11:25:26.247,2.129313
263,2018-01-24 11:25:26.347,2.129313
264,2018-01-24 11:25:26.447,2.129313
265,2018-01-24 11:25:26.547,2.129313
266,2018-01-24 11:25:26.647,2.129313
267,2018-01-24 11:25:26.748,2.129313
268,2018-01-24 11:25:26.848,2.129313
269,2018-01-24 11:25:26.948,2.129313
270,2018-01-24 11:25:27.049,2.129313
271,2018-01-24 11:25:27.148,2.129313
272,2018-01-24 11:25:27.248,2.139234
273,2018-01-24 11:25:27.349,2.139234
274,2018-01-24 11:25:27.449,2.139234
275,2018-01-24 11:25:27.549,2.139234
276,2018-01-24 11:25:27.649,2.139234
277,2018-01-24 11:25:27.749,2.139234
278,2018-01-24 11:25:27.849,2.139234
279,2018-01-24 11:25:27.948,2.139234
280,2018-01-24 11:25:28.048,2.139234
281,2018-01-24 11:25:28.148,2.139234
282,2018-01-24 11:25:28.248,2.147644
283,2018-01-24 11:25:28.348,2.147644
284,2018-01-24 11:25:28.448,2.147644
285,2018-01-24 11:25:28.548,2.147644
286,2018-01-24 11:25:28.648,2.147644
287,2018-01-24 11:25:28.748,2.147644
288,2018-01-24 11:25:28.848,2.147644
289,2018-01-24 11:25:28.948,2.147644
290,2018-01-24 11:25:29.049,2.147644
291,2018-01-24 11:25:29.148,2.147644
292,2018-01-24 11:25:29.248,2.176867
293,2018-01-24 11:25:29.348,2.176867
294,2018-01-24 11:25:29.448,2.176867
295,2018-01-24 11:25:29.549,2.176867
296,2018-01-24 11:25:29.648,2.176867
297,2018-01-24 11:25:29.748,2.176867
298,2018-01-24 11:25:29.850,2.176867
299,2018-01-24 11:25:29.949,2.176867
300,2018-01-24 11:25:30.049,2.176867
301,2018-01-24 11:25:30.149,2.176867
302,2018-01-24 11:25:30.249,2.149639
303,2018-01-24 11:25:30.349,2.149639
304,2018-01-24 11:25:30.449,2.149639
305,2018-01-24 11:25:30.549,2.149639
306,2018-01-24 11:25:30.649,2.149639
307,2018-01-24 11:25:30.749,2.149639
308,2018-01-24 11:25:30.849,2.149639
309,2018-01-24 11:25:30.948,2.149639
310,2018-01-24 11:25:31.049,2.149639
311,2018-01-24 11:25:31.148,2.149639
312,2018-01-24 11:25:31.248,2.083523
313,2018-01-24 11:25:31.348,2.083523
314,2018-01-24 11:25:31.449,2.083523
315,2018-01-24 11:25:31.549,2.083523
316,2018-01-24 11:25:31.648,2.083523
317,2018-01-24 11:25:31.749,2.083523
318,2018-01-24 11:25:31.848,2.083523
319,2018-01-24 11:25:31.948,2.083523
320,2018-01-24 11:25:32.048,2.083523
321,2018-01-24 11:25:32.148,2.083523
322,2018-01-24 11:25:32.248,1.965344
323,2018-01-24 11:25:32.348,1.965344
324,2018-01-24 11:25:32.448,1.965344
325,2018-01-24 11:25:32.548,1.965344
326,2018-01-24 11:25:32.648,1.965344
327,2018-01-24 11:25:32.749,1.965344
328,2018-01-24 11:25:32.849,1.965344
329,2018-01-24 11:25:32.949,1.965344
330,2018-01-24 11:25:33.049,1.965344
331,2018-01-24 11:25:33.149,1.965344
332,2018-01-24 11:25:33.249,1.947079
333,2018-01-24 11:25:33.349,1.947079
334,2018-01-24 11:25:33.450,1.947079
335,2018-01-24 11:25:33.550,1.947079
336,2018-01-24 11:25:33.649,1.947079
337,2018-01-24 11:25:33.749,1.947079
338,2018-01-24 11:25:33.849,1.947079
339,2018-01-24 11:25:33.949,1.947079
340,2018-01-24 11:25:34.049,1.947079
341,2018-01-24 11:25:34.149,1.947079
342,2018-01-24 11:25:34.249,2.124475
343,2018-01-24 11:25:34.349,2.124475
344,2018-01-24 11:25:34.449,2.124475
345,2018-01-24 11:25:34.549,2.124475
346,2018-01-24 11:25:34.649,2.124475
347,2018-01-24 11:25:34.749,2.124475
348,2018-01-24 11:25:34.849,2.124475
349,2018-01-24 11:25:34.949,2.124475
350,2018-01-24 11:25:35.049,2.124475
351,2018-01-24 11:25:35.149,2.124475
352,2018-01-24 11:25:35.249,2.416105
353,2018-01-24 11:25:35.349,2.416105
354,2018-01-24 11:25:35.450,2.416105
355,2018-01-24 11:25:35.549,2.416105
356,2018-01-24 11:25:35.649,2.416105
357,2018-01-24 11:25:35.750,2.416105
358,2018-01-24 11:25:35.850,2.416105
359,2018-01-24 11:25:35.948,2.416105
360,2018-01-24 11:25:36.048,2.416105
361,2018-01-24 11:25:36.148,2.416105
362,2018-01-24 11:25:36.248,2.696557
363,2018-01-24 11:25:36.348,2.696557
364,2018-01-24 11:25:36.448,2.696557
365,2018-01-24 11:25:36.548,2.696557
366,2018-01-24 11:25:36.648,2.696557
367,2018-01-24 11:25:36.748,2.696557
368,2018-01-24 11:25:36.848,2.696557
369,2018-01-24 11:25:36.948,2.696557
370,2018-01-24 11:25:37.048,2.696557
371,2018-01-24 11:25:37.149,2.696557
372,2018-01-24 11:25:37.249,2.875029
373,2018-01-24 11:25:37.349,2.875029
374,2018-01-24 11:25:37.448,2.875029
375,2018-01-24 11:25:37.548,2.875029
376,2018-01-24 11:25:37.649,2.875029
377,2018-01-24 11:25:37.748,2.875029
378,2018-01-24 11:25:37.848,2.875029
379,2018-01-24 11:25:37.948,2.875029
380,2018-01-24 11:25:38.048,2.875029
381,2018-01-24 11:25:38.148,2.875029
382,2018-01-24 11:25:38.248,2.895991
383,2018-01-24 11:25:38.348,2.895991
384,2018-01-24 11:25:38.448,2.895991
385,2018-01-24 11:25:38.548,2.895991
386,2018-01-24 11:25:38.648,2.895991
387,2018-01-24 11:25:38.749,2.895991
388,2018-01-24 11:25:38.849,2.895991
389,2018-01-24 11:25:38.949,2.895991
390,2018-01-24 11:25:39.049,2.895991
391,2018-01-24 11:25:39.149,2.895991
392,2018-01-24 11:25:39.249,2.866956
393,2018-01-24 11:25:39.349,2.866956
394,2018-01-24 11:25:39.450,2.866956
395,2018-01-24 11:25:39.550,2.866956
396,2018-01-24 11:25:39.649,2.866956
397,2018-01-24 11:25:39.750,2.866956
398,2018-01-24 11:25:39.849,2.866956
399,2018-01-24 11:25:39.949,2.866956
400,2018-01-24 11:25:40.049,2.866956
401,2018-01-24 11:25:40.149,2.866956
402,2018-01-24 11:25:40.249,2.900901
403,2018-01-24 11:25:40.349,2.900901
404,2018-01-24 11:25:40.449,2.900901
405,2018-01-24 11:25:40.549,2.900901
406,2018-01-24 11:25:40.649,2.900901
407,2018-01-24 11:25:40.749,2.900901
408,2018-01-24 11:25:40.849,2.900901
409,2018-01-24 11:25:40.948,2.900901
410,2018-01-24 11:25:41.049,2.900901
411,2018-01-24 11:25:41.149,2.900901
412,2018-01-24 11:25:41.248,3.045313
413,2018-01-24 11:25:41.348,3.045313
414,2018-01-24 11:25:41.448,3.045313
415,2018-01-24 11:25:41.548,3.045313
416,2018-01-24 11:25:41.649,3.045313
417,2018-01-24 11:25:41.748,3.045313
418,2018-01-24 11:25:41.849,3.045313
419,2018-01-24 11:25:41.950,3.045313
420,2018-01-24 11:25:42.049,3.045313
421,2018-01-24 11:25:42.149,3.045313
422,2018-01-24 11:25:42.249,3.17755
423,2018-01-24 11:25:42.349,3.17755
424,2018-01-24 11:25:42.449,3.17755
425,2018-01-24 11:25:42.549,3.17755
426,2018-01-24 11:25:42.649,3.17755
427,2018-01-24 11:25:42.749,3.17755
428,2018-01-24 11:25:42.849,3.17755
429,2018-01-24 11:25:42.949,3.17755
430,2018-01-24 11:25:43.049,3.17755
431,2018-01-24 11:25:43.150,3.17755
432,2018-01-24 11:25:43.250,3.263926
433,2018-01-24 11:25:43.350,3.263926
434,2018-01-24 11:25:43.449,3.263926
435,2018-01-24 11:25:43.549,3.263926
436,2018-01-24 11:25:43.650,3.263926
437,2018-01-24 11:25:43.749,3.263926
438,2018-01-24 11:25:43.849,3.263926
439,2018-01-24 11:25:43.950,3.263926
440,2018-01-24 11:25:44.049,3.263926
441,2018-01-24 11:25:44.149,3.263926
442,2018-01-24 11:25:44.249,3.365838
443,2018-01-24 11:25:44.349,3.365838
444,2018-01-24 11:25:44.449,3.365838
445,2018-01-24 11:25:44.549,3.365838
446,2018-01-24 11:25:44.649,3.365838
447,2018-01-24 11:25:44.749,3.365838
448,2018-01-24 11:25:44.849,3.365838
449,2018-01-24 11:25:44.950,3.365838
450,2018-01-24 11:25:45.051,3.365838
451,2018-01-24 11:25:45.151,3.365838
452,2018-01-24 11:25:45.250,3.5294769999999995
453,2018-01-24 11:25:45.350,3.5294769999999995
454,2018-01-24 11:25:45.451,3.5294769999999995
455,2018-01-24 11:25:45.550,3.5294769999999995
456,2018-01-24 11:25:45.650,3.5294769999999995
457,2018-01-24 11:25:45.750,3.5294769999999995
458,2018-01-24 11:25:45.851,3.5294769999999995
459,2018-01-24 11:25:45.947,3.5294769999999995
460,2018-01-24 11:25:46.047,3.5294769999999995
461,2018-01-24 11:25:46.147,3.5294769999999995
462,2018-01-24 11:25:46.247,3.6851089999999997
463,2018-01-24 11:25:46.347,3.6851089999999997
464,2018-01-24 11:25:46.447,3.6851089999999997
465,2018-01-24 11:25:46.547,3.6851089999999997
466,2018-01-24 11:25:46.647,3.6851089999999997
467,2018-01-24 11:25:46.747,3.6851089999999997
468,2018-01-24 11:25:46.847,3.6851089999999997
469,2018-01-24 11:25:46.947,3.6851089999999997
470,2018-01-24 11:25:47.048,3.6851089999999997
471,2018-01-24 11:25:47.147,3.6851089999999997
472,2018-01-24 11:25:47.248,3.735251
473,2018-01-24 11:25:47.347,3.735251
474,2018-01-24 11:25:47.447,3.735251
475,2018-01-24 11:25:47.547,3.735251
476,2018-01-24 11:25:47.648,3.735251
477,2018-01-24 11:25:47.747,3.735251
478,2018-01-24 11:25:47.848,3.735251
479,2018-01-24 11:25:47.948,3.735251
480,2018-01-24 11:25:48.048,3.735251
481,2018-01-24 11:25:48.148,3.735251
482,2018-01-24 11:25:48.248,3.5531639999999998
483,2018-01-24 11:25:48.348,3.5531639999999998
484,2018-01-24 11:25:48.448,3.5531639999999998
485,2018-01-24 11:25:48.548,3.5531639999999998
486,2018-01-24 11:25:48.648,3.5531639999999998
487,2018-01-24 11:25:48.748,3.5531639999999998
488,2018-01-24 11:25:48.848,3.5531639999999998
489,2018-01-24 11:25:48.948,3.5531639999999998
490,2018-01-24 11:25:49.048,3.5531639999999998
491,2018-01-24 11:25:49.149,3.5531639999999998
492,2018-01-24 11:25:49.249,3.2913080000000003
493,2018-01-24 11:25:49.348,3.2913080000000003
494,2018-01-24 11:25:49.449,3.2913080000000003
495,2018-01-24 11:25:49.548,3.2913080000000003
496,2018-01-24 11:25:49.648,3.2913080000000003
497,2018-01-24 11:25:49.748,3.2913080000000003
498,2018-01-24 11:25:49.848,3.2913080000000003
499,2018-01-24 11:25:49.948,3.2913080000000003
500,2018-01-24 11:25:50.048,3.2913080000000003
501,2018-01-24 11:25:50.148,3.2913080000000003
502,2018-01-24 11:25:50.248,3.0141400000000003
503,2018-01-24 11:25:50.348,3.0141400000000003
504,2018-01-24 11:25:50.448,3.0141400000000003
505,2018-01-24 11:25:50.548,3.0141400000000003
506,2018-01-24 11:25:50.648,3.0141400000000003
507,2018-01-24 11:25:50.748,3.0141400000000003
508,2018-01-24 11:25:50.848,3.0141400000000003
509,2018-01-24 11:25:50.948,3.0141400000000003
510,2018-01-24 11:25:51.048,3.0141400000000003
511,2018-01-24 11:25:51.148,3.0141400000000003
512,2018-01-24 11:25:51.248,2.896772
513,2018-01-24 11:25:51.348,2.896772
514,2018-01-24 11:25:51.449,2.896772
515,2018-01-24 11:25:51.548,2.896772
516,2018-01-24 11:25:51.648,2.896772
517,2018-01-24 11:25:51.749,2.896772
518,2018-01-24 11:25:51.848,2.896772
519,2018-01-24 11:25:51.949,2.896772
520,2018-01-24 11:25:52.048,2.896772
521,2018-01-24 11:25:52.148,2.896772
522,2018-01-24 11:25:52.248,2.925368
523,2018-01-24 11:25:52.348,2.925368
524,2018-01-24 11:25:52.448,2.925368
525,2018-01-24 11:25:52.548,2.925368
526,2018-01-24 11:25:52.648,2.925368
527,2018-01-24 11:25:52.748,2.925368
528,2018-01-24 11:25:52.848,2.925368
529,2018-01-24 11:25:52.948,2.925368
530,2018-01-24 11:25:53.048,2.925368
531,2018-01-24 11:25:53.149,2.925368
532,2018-01-24 11:25:53.248,3.030819
533,2018-01-24 11:25:53.348,3.030819
534,2018-01-24 11:25:53.449,3.030819
535,2018-01-24 11:25:53.548,3.030819
536,2018-01-24 11:25:53.649,3.030819
537,2018-01-24 11:25:53.749,3.030819
538,2018-01-24 11:25:53.849,3.030819
539,2018-01-24 11:25:53.949,3.030819
540,2018-01-24 11:25:54.049,3.030819
541,2018-01-24 11:25:54.149,3.030819
542,2018-01-24 11:25:54.249,3.0587880000000003
543,2018-01-24 11:25:54.349,3.0587880000000003
544,2018-01-24 11:25:54.449,3.0587880000000003
545,2018-01-24 11:25:54.549,3.0587880000000003
546,2018-01-24 11:25:54.649,3.0587880000000003
547,2018-01-24 11:25:54.749,3.0587880000000003
548,2018-01-24 11:25:54.849,3.0587880000000003
549,2018-01-24 11:25:54.949,3.0587880000000003
550,2018-01-24 11:25:55.049,3.0587880000000003
551,2018-01-24 11:25:55.150,3.0587880000000003
552,2018-01-24 11:25:55.249,3.047867
553,2018-01-24 11:25:55.349,3.047867
554,2018-01-24 11:25:55.449,3.047867
555,2018-01-24 11:25:55.550,3.047867
556,2018-01-24 11:25:55.649,3.047867
557,2018-01-24 11:25:55.750,3.047867
558,2018-01-24 11:25:55.849,3.047867
559,2018-01-24 11:25:55.948,3.047867
560,2018-01-24 11:25:56.047,3.047867
561,2018-01-24 11:25:56.147,3.047867
562,2018-01-24 11:25:56.247,2.919576
563,2018-01-24 11:25:56.347,2.919576
564,2018-01-24 11:25:56.447,2.919576
565,2018-01-24 11:25:56.547,2.919576
566,2018-01-24 11:25:56.647,2.919576
567,2018-01-24 11:25:56.747,2.919576
568,2018-01-24 11:25:56.847,2.919576
569,2018-01-24 11:25:56.948,2.919576
570,2018-01-24 11:25:57.049,2.919576
571,2018-01-24 11:25:57.149,2.919576
572,2018-01-24 11:25:57.248,2.719777
573,2018-01-24 11:25:57.348,2.719777
574,2018-01-24 11:25:57.448,2.719777
575,2018-01-24 11:25:57.549,2.719777
576,2018-01-24 11:25:57.648,2.719777
577,2018-01-24 11:25:57.749,2.719777
578,2018-01-24 11:25:57.848,2.719777
579,2018-01-24 11:25:57.948,2.719777
580,2018-01-24 11:25:58.049,2.719777
581,2018-01-24 11:25:58.148,2.719777
582,2018-01-24 11:25:58.248,2.536988
583,2018-01-24 11:25:58.348,2.536988
584,2018-01-24 11:25:58.448,2.536988
585,2018-01-24 11:25:58.548,2.536988
586,2018-01-24 11:25:58.648,2.536988
587,2018-01-24 11:25:58.748,2.536988
588,2018-01-24 11:25:58.848,2.536988
589,2018-01-24 11:25:58.948,2.536988
590,2018-01-24 11:25:59.048,2.536988
591,2018-01-24 11:25:59.148,2.536988
592,2018-01-24 11:25:59.248,2.400062
593,2018-01-24 11:25:59.348,2.400062
594,2018-01-24 11:25:59.448,2.400062
595,2018-01-24 11:25:59.548,2.400062
596,2018-01-24 11:25:59.648,2.400062
597,2018-01-24 11:25:59.748,2.400062
598,2018-01-24 11:25:59.848,2.400062
599,2018-01-24 11:25:59.949,2.400062
600,2018-01-24 11:26:00.049,2.400062
601,2018-01-24 11:26:00.149,2.400062
602,2018-01-24 11:26:00.249,2.3932
603,2018-01-24 11:26:00.349,2.3932
604,2018-01-24 11:26:00.449,2.3932
605,2018-01-24 11:26:00.549,2.3932
606,2018-01-24 11:26:00.649,2.3932
607,2018-01-24 11:26:00.749,2.3932
608,2018-01-24 11:26:00.849,2.3932
609,2018-01-24 11:26:00.948,2.3932
610,2018-01-24 11:26:01.048,2.3932
611,2018-01-24 11:26:01.149,2.3932
612,2018-01-24 11:26:01.248,2.477991
613,2018-01-24 11:26:01.349,2.477991
614,2018-01-24 11:26:01.448,2.477991
615,2018-01-24 11:26:01.548,2.477991
616,2018-01-24 11:26:01.649,2.477991
617,2018-01-24 11:26:01.748,2.477991
618,2018-01-24 11:26:01.848,2.477991
619,2018-01-24 11:26:01.948,2.477991
620,2018-01-24 11:26:02.048,2.477991
621,2018-01-24 11:26:02.148,2.477991
622,2018-01-24 11:26:02.248,2.5885
623,2018-01-24 11:26:02.348,2.5885
624,2018-01-24 11:26:02.448,2.5885
625,2018-01-24 11:26:02.548,2.5885
626,2018-01-24 11:26:02.648,2.5885
627,2018-01-24 11:26:02.748,2.5885
628,2018-01-24 11:26:02.848,2.5885
629,2018-01-24 11:26:02.948,2.5885
630,2018-01-24 11:26:03.049,2.5885
631,2018-01-24 11:26:03.150,2.5885
632,2018-01-24 11:26:03.249,2.693692
633,2018-01-24 11:26:03.349,2.693692
634,2018-01-24 11:26:03.449,2.693692
635,2018-01-24 11:26:03.549,2.693692
636,2018-01-24 11:26:03.650,2.693692
637,2018-01-24 11:26:03.750,2.693692
638,2018-01-24 11:26:03.850,2.693692
639,2018-01-24 11:26:03.950,2.693692
640,2018-01-24 11:26:04.049,2.693692
641,2018-01-24 11:26:04.149,2.693692
642,2018-01-24 11:26:04.249,2.772317
643,2018-01-24 11:26:04.349,2.772317
644,2018-01-24 11:26:04.449,2.772317
645,2018-01-24 11:26:04.549,2.772317
646,2018-01-24 11:26:04.649,2.772317
647,2018-01-24 11:26:04.749,2.772317
648,2018-01-24 11:26:04.849,2.772317
649,2018-01-24 11:26:04.949,2.772317
650,2018-01-24 11:26:05.049,2.772317
651,2018-01-24 11:26:05.149,2.772317
652,2018-01-24 11:26:05.249,2.8608279999999997
653,2018-01-24 11:26:05.350,2.8608279999999997
654,2018-01-24 11:26:05.449,2.8608279999999997
655,2018-01-24 11:26:05.550,2.8608279999999997
656,2018-01-24 11:26:05.650,2.8608279999999997
657,2018-01-24 11:26:05.750,2.8608279999999997
658,2018-01-24 11:26:05.850,2.8608279999999997
659,2018-01-24 11:26:05.947,2.8608279999999997
660,2018-01-24 11:26:06.047,2.8608279999999997
661,2018-01-24 11:26:06.148,2.8608279999999997
662,2018-01-24 11:26:06.248,2.858243
663,2018-01-24 11:26:06.348,2.858243
664,2018-01-24 11:26:06.448,2.858243
665,2018-01-24 11:26:06.548,2.858243
666,2018-01-24 11:26:06.648,2.858243
667,2018-01-24 11:26:06.748,2.858243
668,2018-01-24 11:26:06.848,2.858243
669,2018-01-24 11:26:06.948,2.858243
670,2018-01-24 11:26:07.048,2.858243
671,2018-01-24 11:26:07.148,2.858243
672,2018-01-24 11:26:07.248,2.793381
673,2018-01-24 11:26:07.348,2.793381
674,2018-01-24 11:26:07.448,2.793381
675,2018-01-24 11:26:07.548,2.793381
676,2018-01-24 11:26:07.648,2.793381
677,2018-01-24 11:26:07.748,2.793381
678,2018-01-24 11:26:07.848,2.793381
679,2018-01-24 11:26:07.948,2.793381
680,2018-01-24 11:26:08.048,2.793381
681,2018-01-24 11:26:08.148,2.793381
682,2018-01-24 11:26:08.248,2.657752
683,2018-01-24 11:26:08.348,2.657752
684,2018-01-24 11:26:08.448,2.657752
685,2018-01-24 11:26:08.548,2.657752
686,2018-01-24 11:26:08.648,2.657752
687,2018-01-24 11:26:08.748,2.657752
688,2018-01-24 11:26:08.848,2.657752
689,2018-01-24 11:26:08.948,2.657752
690,2018-01-24 11:26:09.048,2.657752
691,2018-01-24 11:26:09.148,2.657752
692,2018-01-24 11:26:09.249,2.595216
693,2018-01-24 11:26:09.349,2.595216
694,2018-01-24 11:26:09.449,2.595216
695,2018-01-24 11:26:09.549,2.595216
696,2018-01-24 11:26:09.649,2.595216
697,2018-01-24 11:26:09.749,2.595216
698,2018-01-24 11:26:09.849,2.595216
699,2018-01-24 11:26:09.949,2.595216
700,2018-01-24 11:26:10.049,2.595216
701,2018-01-24 11:26:10.149,2.595216
702,2018-01-24 11:26:10.249,2.635913
703,2018-01-24 11:26:10.349,2.635913
704,2018-01-24 11:26:10.449,2.635913
705,2018-01-24 11:26:10.549,2.635913
706,2018-01-24 11:26:10.649,2.635913
707,2018-01-24 11:26:10.749,2.635913
708,2018-01-24 11:26:10.849,2.635913
709,2018-01-24 11:26:10.948,2.635913
710,2018-01-24 11:26:11.048,2.635913
711,2018-01-24 11:26:11.148,2.635913
712,2018-01-24 11:26:11.248,2.75136
713,2018-01-24 11:26:11.349,2.75136
714,2018-01-24 11:26:11.449,2.75136
715,2018-01-24 11:26:11.549,2.75136
716,2018-01-24 11:26:11.649,2.75136
717,2018-01-24 11:26:11.748,2.75136
718,2018-01-24 11:26:11.848,2.75136
719,2018-01-24 11:26:11.949,2.75136
720,2018-01-24 11:26:12.048,2.75136
721,2018-01-24 11:26:12.149,2.75136
722,2018-01-24 11:26:12.249,2.884884
723,2018-01-24 11:26:12.349,2.884884
724,2018-01-24 11:26:12.449,2.884884
725,2018-01-24 11:26:12.549,2.884884
726,2018-01-24 11:26:12.649,2.884884
727,2018-01-24 11:26:12.749,2.884884
728,2018-01-24 11:26:12.849,2.884884
729,2018-01-24 11:26:12.949,2.884884
730,2018-01-24 11:26:13.049,2.884884
731,2018-01-24 11:26:13.149,2.884884
732,2018-01-24 11:26:13.250,3.027229
733,2018-01-24 11:26:13.350,3.027229
734,2018-01-24 11:26:13.449,3.027229
735,2018-01-24 11:26:13.549,3.027229
736,2018-01-24 11:26:13.650,3.027229
737,2018-01-24 11:26:13.750,3.027229
738,2018-01-24 11:26:13.849,3.027229
739,2018-01-24 11:26:13.949,3.027229
740,2018-01-24 11:26:14.049,3.027229
741,2018-01-24 11:26:14.149,3.027229
742,2018-01-24 11:26:14.249,3.193079
743,2018-01-24 11:26:14.349,3.193079
744,2018-01-24 11:26:14.449,3.193079
745,2018-01-24 11:26:14.549,3.193079
746,2018-01-24 11:26:14.649,3.193079
747,2018-01-24 11:26:14.749,3.193079
748,2018-01-24 11:26:14.849,3.193079
749,2018-01-24 11:26:14.949,3.193079
750,2018-01-24 11:26:15.049,3.193079
751,2018-01-24 11:26:15.150,3.193079
752,2018-01-24 11:26:15.251,3.3711830000000003
753,2018-01-24 11:26:15.350,3.3711830000000003
754,2018-01-24 11:26:15.450,3.3711830000000003
755,2018-01-24 11:26:15.550,3.3711830000000003
756,2018-01-24 11:26:15.650,3.3711830000000003
757,2018-01-24 11:26:15.750,3.3711830000000003
758,2018-01-24 11:26:15.850,3.3711830000000003
759,2018-01-24 11:26:15.948,3.3711830000000003
760,2018-01-24 11:26:16.048,3.3711830000000003
761,2018-01-24 11:26:16.148,3.3711830000000003
762,2018-01-24 11:26:16.248,3.412808
763,2018-01-24 11:26:16.348,3.412808
764,2018-01-24 11:26:16.448,3.412808
765,2018-01-24 11:26:16.548,3.412808
766,2018-01-24 11:26:16.648,3.412808
767,2018-01-24 11:26:16.748,3.412808
768,2018-01-24 11:26:16.848,3.412808
769,2018-01-24 11:26:16.948,3.412808
770,2018-01-24 11:26:17.048,3.412808
771,2018-01-24 11:26:17.148,3.412808
772,2018-01-24 11:26:17.248,3.265963
773,2018-01-24 11:26:17.348,3.265963
774,2018-01-24 11:26:17.448,3.265963
775,2018-01-24 11:26:17.548,3.265963
776,2018-01-24 11:26:17.649,3.265963
777,2018-01-24 11:26:17.748,3.265963
778,2018-01-24 11:26:17.848,3.265963
779,2018-01-24 11:26:17.948,3.265963
780,2018-01-24 11:26:18.048,3.265963
781,2018-01-24 11:26:18.149,3.265963
782,2018-01-24 11:26:18.249,2.988278
783,2018-01-24 11:26:18.349,2.988278
784,2018-01-24 11:26:18.449,2.988278
785,2018-01-24 11:26:18.549,2.988278
786,2018-01-24 11:26:18.649,2.988278
787,2018-01-24 11:26:18.749,2.988278
788,2018-01-24 11:26:18.849,2.988278
789,2018-01-24 11:26:18.949,2.988278
790,2018-01-24 11:26:19.049,2.988278
791,2018-01-24 11:26:19.149,2.988278
792,2018-01-24 11:26:19.249,2.808479
793,2018-01-24 11:26:19.349,2.808479
794,2018-01-24 11:26:19.449,2.808479
795,2018-01-24 11:26:19.549,2.808479
796,2018-01-24 11:26:19.649,2.808479
797,2018-01-24 11:26:19.749,2.808479
798,2018-01-24 11:26:19.849,2.808479
799,2018-01-24 11:26:19.949,2.808479
800,2018-01-24 11:26:20.049,2.808479
801,2018-01-24 11:26:20.149,2.808479
802,2018-01-24 11:26:20.249,2.779474
803,2018-01-24 11:26:20.349,2.779474
804,2018-01-24 11:26:20.449,2.779474
805,2018-01-24 11:26:20.549,2.779474
806,2018-01-24 11:26:20.649,2.779474
807,2018-01-24 11:26:20.749,2.779474
808,2018-01-24 11:26:20.849,2.779474
809,2018-01-24 11:26:20.948,2.779474
810,2018-01-24 11:26:21.049,2.779474
811,2018-01-24 11:26:21.149,2.779474
812,2018-01-24 11:26:21.249,2.888318
813,2018-01-24 11:26:21.350,2.888318
814,2018-01-24 11:26:21.450,2.888318
815,2018-01-24 11:26:21.549,2.888318
816,2018-01-24 11:26:21.649,2.888318
817,2018-01-24 11:26:21.749,2.888318
818,2018-01-24 11:26:21.850,2.888318
819,2018-01-24 11:26:21.950,2.888318
820,2018-01-24 11:26:22.050,2.888318
821,2018-01-24 11:26:22.149,2.888318
822,2018-01-24 11:26:22.249,3.035463
823,2018-01-24 11:26:22.349,3.035463
824,2018-01-24 11:26:22.449,3.035463
825,2018-01-24 11:26:22.549,3.035463
826,2018-01-24 11:26:22.649,3.035463
827,2018-01-24 11:26:22.749,3.035463
828,2018-01-24 11:26:22.849,3.035463
829,2018-01-24 11:26:22.949,3.035463
830,2018-01-24 11:26:23.049,3.035463
831,2018-01-24 11:26:23.149,3.035463
832,2018-01-24 11:26:23.250,3.157375
833,2018-01-24 11:26:23.349,3.157375
834,2018-01-24 11:26:23.450,3.157375
835,2018-01-24 11:26:23.549,3.157375
836,2018-01-24 11:26:23.650,3.157375
837,2018-01-24 11:26:23.749,3.157375
838,2018-01-24 11:26:23.849,3.157375
839,2018-01-24 11:26:23.949,3.157375
840,2018-01-24 11:26:24.049,3.157375
841,2018-01-24 11:26:24.150,3.157375
842,2018-01-24 11:26:24.250,3.196417
843,2018-01-24 11:26:24.350,3.196417
844,2018-01-24 11:26:24.450,3.196417
845,2018-01-24 11:26:24.550,3.196417
846,2018-01-24 11:26:24.650,3.196417
847,2018-01-24 11:26:24.750,3.196417
848,2018-01-24 11:26:24.850,3.196417
849,2018-01-24 11:26:24.950,3.196417
850,2018-01-24 11:26:25.050,3.196417
851,2018-01-24 11:26:25.150,3.196417
852,2018-01-24 11:26:25.251,3.074846
853,2018-01-24 11:26:25.351,3.074846
854,2018-01-24 11:26:25.450,3.074846
855,2018-01-24 11:26:25.550,3.074846
856,2018-01-24 11:26:25.651,3.074846
857,2018-01-24 11:26:25.750,3.074846
858,2018-01-24 11:26:25.850,3.074846
859,2018-01-24 11:26:25.948,3.074846
860,2018-01-24 11:26:26.048,3.074846
861,2018-01-24 11:26:26.148,3.074846
862,2018-01-24 11:26:26.248,2.8245009999999997
863,2018-01-24 11:26:26.348,2.8245009999999997
864,2018-01-24 11:26:26.448,2.8245009999999997
865,2018-01-24 11:26:26.548,2.8245009999999997
866,2018-01-24 11:26:26.648,2.8245009999999997
867,2018-01-24 11:26:26.748,2.8245009999999997
868,2018-01-24 11:26:26.848,2.8245009999999997
869,2018-01-24 11:26:26.949,2.8245009999999997
870,2018-01-24 11:26:27.048,2.8245009999999997
871,2018-01-24 11:26:27.149,2.8245009999999997
872,2018-01-24 11:26:27.249,2.5687290000000003
873,2018-01-24 11:26:27.349,2.5687290000000003
874,2018-01-24 11:26:27.449,2.5687290000000003
875,2018-01-24 11:26:27.549,2.5687290000000003
876,2018-01-24 11:26:27.649,2.5687290000000003
877,2018-01-24 11:26:27.750,2.5687290000000003
878,2018-01-24 11:26:27.849,2.5687290000000003
879,2018-01-24 11:26:27.949,2.5687290000000003
880,2018-01-24 11:26:28.049,2.5687290000000003
881,2018-01-24 11:26:28.149,2.5687290000000003
882,2018-01-24 11:26:28.249,2.381068
883,2018-01-24 11:26:28.349,2.381068
884,2018-01-24 11:26:28.449,2.381068
885,2018-01-24 11:26:28.549,2.381068
886,2018-01-24 11:26:28.649,2.381068
887,2018-01-24 11:26:28.749,2.381068
888,2018-01-24 11:26:28.849,2.381068
889,2018-01-24 11:26:28.949,2.381068
890,2018-01-24 11:26:29.049,2.381068
891,2018-01-24 11:26:29.149,2.381068
892,2018-01-24 11:26:29.249,2.326126
893,2018-01-24 11:26:29.349,2.326126
894,2018-01-24 11:26:29.449,2.326126
895,2018-01-24 11:26:29.549,2.326126
896,2018-01-24 11:26:29.649,2.326126
897,2018-01-24 11:26:29.749,2.326126
898,2018-01-24 11:26:29.849,2.326126
899,2018-01-24 11:26:29.949,2.326126
900,2018-01-24 11:26:30.049,2.326126
901,2018-01-24 11:26:30.149,2.326126
902,2018-01-24 11:26:30.250,2.311071
903,2018-01-24 11:26:30.350,2.311071
904,2018-01-24 11:26:30.450,2.311071
905,2018-01-24 11:26:30.550,2.311071
906,2018-01-24 11:26:30.650,2.311071
907,2018-01-24 11:26:30.750,2.311071
908,2018-01-24 11:26:30.850,2.311071
909,2018-01-24 11:26:30.949,2.311071
910,2018-01-24 11:26:31.049,2.311071
911,2018-01-24 11:26:31.149,2.311071
912,2018-01-24 11:26:31.249,2.367157
913,2018-01-24 11:26:31.349,2.367157
914,2018-01-24 11:26:31.450,2.367157
915,2018-01-24 11:26:31.549,2.367157
916,2018-01-24 11:26:31.650,2.367157
917,2018-01-24 11:26:31.750,2.367157
918,2018-01-24 11:26:31.849,2.367157
919,2018-01-24 11:26:31.949,2.367157
920,2018-01-24 11:26:32.050,2.367157
921,2018-01-24 11:26:32.149,2.367157
922,2018-01-24 11:26:32.249,2.412432
923,2018-01-24 11:26:32.349,2.412432
924,2018-01-24 11:26:32.449,2.412432
925,2018-01-24 11:26:32.549,2.412432
926,2018-01-24 11:26:32.649,2.412432
927,2018-01-24 11:26:32.749,2.412432
928,2018-01-24 11:26:32.849,2.412432
929,2018-01-24 11:26:32.949,2.412432
930,2018-01-24 11:26:33.049,2.412432
931,2018-01-24 11:26:33.149,2.412432
932,2018-01-24 11:26:33.251,2.4105540000000003
933,2018-01-24 11:26:33.350,2.4105540000000003
934,2018-01-24 11:26:33.451,2.4105540000000003
935,2018-01-24 11:26:33.551,2.4105540000000003
936,2018-01-24 11:26:33.651,2.4105540000000003
937,2018-01-24 11:26:33.750,2.4105540000000003
938,2018-01-24 11:26:33.850,2.4105540000000003
939,2018-01-24 11:26:33.951,2.4105540000000003
940,2018-01-24 11:26:34.051,2.4105540000000003
941,2018-01-24 11:26:34.151,2.4105540000000003
942,2018-01-24 11:26:34.250,2.352442
943,2018-01-24 11:26:34.350,2.352442
944,2018-01-24 11:26:34.450,2.352442
945,2018-01-24 11:26:34.550,2.352442
946,2018-01-24 11:26:34.650,2.352442
947,2018-01-24 11:26:34.750,2.352442
948,2018-01-24 11:26:34.850,2.352442
949,2018-01-24 11:26:34.950,2.352442
950,2018-01-24 11:26:35.050,2.352442
951,2018-01-24 11:26:35.150,2.352442
952,2018-01-24 11:26:35.251,2.185555
953,2018-01-24 11:26:35.350,2.185555
954,2018-01-24 11:26:35.451,2.185555
955,2018-01-24 11:26:35.550,2.185555
956,2018-01-24 11:26:35.650,2.185555
957,2018-01-24 11:26:35.750,2.185555
958,2018-01-24 11:26:35.851,2.185555
959,2018-01-24 11:26:35.948,2.185555
960,2018-01-24 11:26:36.048,2.185555
961,2018-01-24 11:26:36.149,2.185555
962,2018-01-24 11:26:36.249,1.881707
963,2018-01-24 11:26:36.349,1.881707
964,2018-01-24 11:26:36.449,1.881707
965,2018-01-24 11:26:36.549,1.881707
966,2018-01-24 11:26:36.649,1.881707
967,2018-01-24 11:26:36.749,1.881707
968,2018-01-24 11:26:36.849,1.881707
969,2018-01-24 11:26:36.949,1.881707
970,2018-01-24 11:26:37.049,1.881707
971,2018-01-24 11:26:37.149,1.881707
972,2018-01-24 11:26:37.250,1.565721
973,2018-01-24 11:26:37.349,1.565721
974,2018-01-24 11:26:37.449,1.565721
975,2018-01-24 11:26:37.549,1.565721
976,2018-01-24 11:26:37.650,1.565721
977,2018-01-24 11:26:37.749,1.565721
978,2018-01-24 11:26:37.849,1.565721
979,2018-01-24 11:26:37.949,1.565721
980,2018-01-24 11:26:38.050,1.565721
981,2018-01-24 11:26:38.149,1.565721
982,2018-01-24 11:26:38.249,1.407986
983,2018-01-24 11:26:38.349,1.407986
984,2018-01-24 11:26:38.449,1.407986
985,2018-01-24 11:26:38.549,1.407986
986,2018-01-24 11:26:38.649,1.407986
987,2018-01-24 11:26:38.749,1.407986
988,2018-01-24 11:26:38.849,1.407986
989,2018-01-24 11:26:38.949,1.407986
990,2018-01-24 11:26:39.049,1.407986
991,2018-01-24 11:26:39.149,1.407986
992,2018-01-24 11:26:39.250,1.5446149999999998
993,2018-01-24 11:26:39.350,1.5446149999999998
994,2018-01-24 11:26:39.450,1.5446149999999998
995,2018-01-24 11:26:39.550,1.5446149999999998
996,2018-01-24 11:26:39.650,1.5446149999999998
997,2018-01-24 11:26:39.750,1.5446149999999998
998,2018-01-24 11:26:39.850,1.5446149999999998
999,2018-01-24 11:26:39.951,1.5446149999999998
1000,2018-01-24 11:26:40.050,1.5446149999999998
1001,2018-01-24 11:26:40.150,1.5446149999999998
1002,2018-01-24 11:26:40.250,1.835695
1003,2018-01-24 11:26:40.350,1.835695
1004,2018-01-24 11:26:40.450,1.835695
1005,2018-01-24 11:26:40.550,1.835695
1006,2018-01-24 11:26:40.650,1.835695
1007,2018-01-24 11:26:40.750,1.835695
1008,2018-01-24 11:26:40.850,1.835695
1009,2018-01-24 11:26:40.949,1.835695
1010,2018-01-24 11:26:41.049,1.835695
1011,2018-01-24 11:26:41.149,1.835695
1012,2018-01-24 11:26:41.249,2.05243
1013,2018-01-24 11:26:41.349,2.05243
1014,2018-01-24 11:26:41.449,2.05243
1015,2018-01-24 11:26:41.550,2.05243
1016,2018-01-24 11:26:41.649,2.05243
1017,2018-01-24 11:26:41.750,2.05243
1018,2018-01-24 11:26:41.849,2.05243
1019,2018-01-24 11:26:41.949,2.05243
1020,2018-01-24 11:26:42.049,2.05243
1021,2018-01-24 11:26:42.151,2.05243
1022,2018-01-24 11:26:42.250,2.067818
1023,2018-01-24 11:26:42.349,2.067818
1024,2018-01-24 11:26:42.450,2.067818
1025,2018-01-24 11:26:42.550,2.067818
1026,2018-01-24 11:26:42.650,2.067818
1027,2018-01-24 11:26:42.750,2.067818
1028,2018-01-24 11:26:42.850,2.067818
1029,2018-01-24 11:26:42.950,2.067818
1030,2018-01-24 11:26:43.051,2.067818
1031,2018-01-24 11:26:43.150,2.067818
1032,2018-01-24 11:26:43.250,1.93215
1033,2018-01-24 11:26:43.351,1.93215
1034,2018-01-24 11:26:43.451,1.93215
1035,2018-01-24 11:26:43.551,1.93215
1036,2018-01-24 11:26:43.651,1.93215
1037,2018-01-24 11:26:43.750,1.93215
1038,2018-01-24 11:26:43.850,1.93215
1039,2018-01-24 11:26:43.951,1.93215
1040,2018-01-24 11:26:44.050,1.93215
1041,2018-01-24 11:26:44.150,1.93215
1042,2018-01-24 11:26:44.250,1.93215
1043,2018-01-24 11:26:44.350,1.816956
1044,2018-01-24 11:26:44.450,1.816956
1045,2018-01-24 11:26:44.550,1.816956
1046,2018-01-24 11:26:44.650,1.816956
1047,2018-01-24 11:26:44.750,1.816956
1048,2018-01-24 11:26:44.850,1.816956
1049,2018-01-24 11:26:44.950,1.816956
1050,2018-01-24 11:26:45.050,1.816956
1051,2018-01-24 11:26:45.150,1.816956
1052,2018-01-24 11:26:45.251,1.772862
1053,2018-01-24 11:26:45.351,1.772862
1054,2018-01-24 11:26:45.451,1.772862
1055,2018-01-24 11:26:45.551,1.772862
1056,2018-01-24 11:26:45.651,1.772862
1057,2018-01-24 11:26:45.752,1.772862
1058,2018-01-24 11:26:45.851,1.772862
1059,2018-01-24 11:26:45.949,1.772862
1060,2018-01-24 11:26:46.049,1.772862
1061,2018-01-24 11:26:46.149,1.772862
1062,2018-01-24 11:26:46.249,1.794629
1063,2018-01-24 11:26:46.349,1.794629
1064,2018-01-24 11:26:46.449,1.794629
1065,2018-01-24 11:26:46.549,1.794629
1066,2018-01-24 11:26:46.649,1.794629
1067,2018-01-24 11:26:46.749,1.794629
1068,2018-01-24 11:26:46.849,1.794629
1069,2018-01-24 11:26:46.949,1.794629
1070,2018-01-24 11:26:47.049,1.794629
1071,2018-01-24 11:26:47.149,1.794629
1072,2018-01-24 11:26:47.249,1.8102
1073,2018-01-24 11:26:47.350,1.8102
1074,2018-01-24 11:26:47.449,1.8102
1075,2018-01-24 11:26:47.549,1.8102
1076,2018-01-24 11:26:47.649,1.8102
1077,2018-01-24 11:26:47.749,1.8102
1078,2018-01-24 11:26:47.849,1.8102
1079,2018-01-24 11:26:47.949,1.8102
1080,2018-01-24 11:26:48.049,1.8102
1081,2018-01-24 11:26:48.149,1.8102
1082,2018-01-24 11:26:48.250,1.832931
1083,2018-01-24 11:26:48.350,1.832931
1084,2018-01-24 11:26:48.450,1.832931
1085,2018-01-24 11:26:48.550,1.832931
1086,2018-01-24 11:26:48.650,1.832931
1087,2018-01-24 11:26:48.750,1.832931
1088,2018-01-24 11:26:48.850,1.832931
1089,2018-01-24 11:26:48.950,1.832931
1090,2018-01-24 11:26:49.050,1.832931
1091,2018-01-24 11:26:49.150,1.832931
1092,2018-01-24 11:26:49.250,1.895402
1093,2018-01-24 11:26:49.350,1.895402
1094,2018-01-24 11:26:49.450,1.895402
1095,2018-01-24 11:26:49.550,1.895402
1096,2018-01-24 11:26:49.651,1.895402
1097,2018-01-24 11:26:49.750,1.895402
1098,2018-01-24 11:26:49.851,1.895402
1099,2018-01-24 11:26:49.950,1.895402
1100,2018-01-24 11:26:50.051,1.895402
1101,2018-01-24 11:26:50.150,1.895402
1102,2018-01-24 11:26:50.251,1.983588
1103,2018-01-24 11:26:50.350,1.983588
1104,2018-01-24 11:26:50.450,1.983588
1105,2018-01-24 11:26:50.550,1.983588
1106,2018-01-24 11:26:50.650,1.983588
1107,2018-01-24 11:26:50.750,1.983588
1108,2018-01-24 11:26:50.850,1.983588
1109,2018-01-24 11:26:50.949,1.983588
1110,2018-01-24 11:26:51.049,1.983588
1111,2018-01-24 11:26:51.149,1.983588
1112,2018-01-24 11:26:51.250,2.093614
1113,2018-01-24 11:26:51.350,2.093614
1114,2018-01-24 11:26:51.450,2.093614
1115,2018-01-24 11:26:51.551,2.093614
1116,2018-01-24 11:26:51.650,2.093614
1117,2018-01-24 11:26:51.750,2.093614
1118,2018-01-24 11:26:51.851,2.093614
1119,2018-01-24 11:26:51.951,2.093614
1120,2018-01-24 11:26:52.051,2.093614
1121,2018-01-24 11:26:52.150,2.093614
1122,2018-01-24 11:26:52.251,2.343698
1123,2018-01-24 11:26:52.350,2.343698
1124,2018-01-24 11:26:52.450,2.343698
1125,2018-01-24 11:26:52.550,2.343698
1126,2018-01-24 11:26:52.650,2.343698
1127,2018-01-24 11:26:52.750,2.343698
1128,2018-01-24 11:26:52.850,2.343698
1129,2018-01-24 11:26:52.950,2.343698
1130,2018-01-24 11:26:53.050,2.343698
1131,2018-01-24 11:26:53.150,2.343698
1132,2018-01-24 11:26:53.250,2.362254
1133,2018-01-24 11:26:53.350,2.362254
1134,2018-01-24 11:26:53.451,2.362254
1135,2018-01-24 11:26:53.550,2.362254
1136,2018-01-24 11:26:53.650,2.362254
1137,2018-01-24 11:26:53.751,2.362254
1138,2018-01-24 11:26:53.851,2.362254
1139,2018-01-24 11:26:53.950,2.362254
1140,2018-01-24 11:26:54.052,2.362254
1141,2018-01-24 11:26:54.150,2.362254
1142,2018-01-24 11:26:54.250,2.209722
1143,2018-01-24 11:26:54.351,2.209722
1144,2018-01-24 11:26:54.451,2.209722
1145,2018-01-24 11:26:54.551,2.209722
1146,2018-01-24 11:26:54.651,2.209722
1147,2018-01-24 11:26:54.751,2.209722
1148,2018-01-24 11:26:54.851,2.209722
1149,2018-01-24 11:26:54.951,2.209722
1150,2018-01-24 11:26:55.051,2.209722
1151,2018-01-24 11:26:55.151,2.209722
1152,2018-01-24 11:26:55.251,2.026901
1153,2018-01-24 11:26:55.351,2.026901
1154,2018-01-24 11:26:55.451,2.026901
1155,2018-01-24 11:26:55.552,2.026901
1156,2018-01-24 11:26:55.651,2.026901
1157,2018-01-24 11:26:55.751,2.026901
1158,2018-01-24 11:26:55.851,2.026901
1159,2018-01-24 11:26:55.949,2.026901
1160,2018-01-24 11:26:56.050,2.026901
1161,2018-01-24 11:26:56.149,2.026901
1162,2018-01-24 11:26:56.249,1.7087430000000001
1163,2018-01-24 11:26:56.349,1.7087430000000001
1164,2018-01-24 11:26:56.449,1.7087430000000001
1165,2018-01-24 11:26:56.549,1.7087430000000001
1166,2018-01-24 11:26:56.649,1.7087430000000001
1167,2018-01-24 11:26:56.749,1.7087430000000001
1168,2018-01-24 11:26:56.849,1.7087430000000001
1169,2018-01-24 11:26:56.949,1.7087430000000001
1170,2018-01-24 11:26:57.049,1.7087430000000001
1171,2018-01-24 11:26:57.149,1.7087430000000001
1172,2018-01-24 11:26:57.250,1.753834
1173,2018-01-24 11:26:57.349,1.753834
1174,2018-01-24 11:26:57.450,1.753834
1175,2018-01-24 11:26:57.550,1.753834
1176,2018-01-24 11:26:57.651,1.753834
1177,2018-01-24 11:26:57.750,1.753834
1178,2018-01-24 11:26:57.850,1.753834
1179,2018-01-24 11:26:57.950,1.753834
1180,2018-01-24 11:26:58.051,1.753834
1181,2018-01-24 11:26:58.150,1.753834
1182,2018-01-24 11:26:58.250,1.821799
1183,2018-01-24 11:26:58.350,1.821799
1184,2018-01-24 11:26:58.450,1.821799
1185,2018-01-24 11:26:58.550,1.821799
1186,2018-01-24 11:26:58.650,1.821799
1187,2018-01-24 11:26:58.750,1.821799
1188,2018-01-24 11:26:58.850,1.821799
1189,2018-01-24 11:26:58.950,1.821799
1190,2018-01-24 11:26:59.050,1.821799
1191,2018-01-24 11:26:59.150,1.821799
1192,2018-01-24 11:26:59.250,1.972373
1193,2018-01-24 11:26:59.350,1.972373
1194,2018-01-24 11:26:59.451,1.972373
1195,2018-01-24 11:26:59.550,1.972373
1196,2018-01-24 11:26:59.650,1.972373
1197,2018-01-24 11:26:59.750,1.972373
1198,2018-01-24 11:26:59.850,1.972373
1199,2018-01-24 11:26:59.950,1.972373
1200,2018-01-24 11:27:00.050,1.972373
1201,2018-01-24 11:27:00.151,1.972373
1202,2018-01-24 11:27:00.251,2.0770470000000003
1203,2018-01-24 11:27:00.351,2.0770470000000003
1204,2018-01-24 11:27:00.450,2.0770470000000003
1205,2018-01-24 11:27:00.551,2.0770470000000003
1206,2018-01-24 11:27:00.651,2.0770470000000003
1207,2018-01-24 11:27:00.751,2.0770470000000003
1208,2018-01-24 11:27:00.851,2.0770470000000003
1209,2018-01-24 11:27:00.950,2.0770470000000003
1210,2018-01-24 11:27:01.050,2.0770470000000003
1211,2018-01-24 11:27:01.150,2.0770470000000003
1212,2018-01-24 11:27:01.250,2.046679
1213,2018-01-24 11:27:01.351,2.046679
1214,2018-01-24 11:27:01.450,2.046679
1215,2018-01-24 11:27:01.550,2.046679
1216,2018-01-24 11:27:01.650,2.046679
1217,2018-01-24 11:27:01.750,2.046679
1218,2018-01-24 11:27:01.850,2.046679
1219,2018-01-24 11:27:01.950,2.046679
1220,2018-01-24 11:27:02.050,2.046679
1221,2018-01-24 11:27:02.151,2.046679
1222,2018-01-24 11:27:02.250,1.986389
1223,2018-01-24 11:27:02.350,1.986389
1224,2018-01-24 11:27:02.450,1.986389
1225,2018-01-24 11:27:02.550,1.986389
1226,2018-01-24 11:27:02.650,1.986389
1227,2018-01-24 11:27:02.750,1.986389
1228,2018-01-24 11:27:02.850,1.986389
1229,2018-01-24 11:27:02.950,1.986389
1230,2018-01-24 11:27:03.050,1.986389
1231,2018-01-24 11:27:03.150,1.986389
1232,2018-01-24 11:27:03.250,1.958126
1233,2018-01-24 11:27:03.351,1.958126
1234,2018-01-24 11:27:03.450,1.958126
1235,2018-01-24 11:27:03.551,1.958126
1236,2018-01-24 11:27:03.652,1.958126
1237,2018-01-24 11:27:03.751,1.958126
1238,2018-01-24 11:27:03.851,1.958126
1239,2018-01-24 11:27:03.951,1.958126
1240,2018-01-24 11:27:04.051,1.958126
1241,2018-01-24 11:27:04.151,1.958126
1242,2018-01-24 11:27:04.251,2.13501
1243,2018-01-24 11:27:04.351,2.13501
1244,2018-01-24 11:27:04.451,2.13501
1245,2018-01-24 11:27:04.551,2.13501
1246,2018-01-24 11:27:04.651,2.13501
1247,2018-01-24 11:27:04.751,2.13501
1248,2018-01-24 11:27:04.851,2.13501
1249,2018-01-24 11:27:04.951,2.13501
1250,2018-01-24 11:27:05.051,2.13501
1251,2018-01-24 11:27:05.151,2.13501
1252,2018-01-24 11:27:05.251,2.332815
1253,2018-01-24 11:27:05.351,2.332815
1254,2018-01-24 11:27:05.452,2.332815
1255,2018-01-24 11:27:05.551,2.332815
1256,2018-01-24 11:27:05.651,2.332815
1257,2018-01-24 11:27:05.751,2.332815
1258,2018-01-24 11:27:05.851,2.332815
1259,2018-01-24 11:27:05.949,2.332815
1260,2018-01-24 11:27:06.049,2.332815
1261,2018-01-24 11:27:06.149,2.332815
1262,2018-01-24 11:27:06.250,2.580652
1263,2018-01-24 11:27:06.350,2.580652
1264,2018-01-24 11:27:06.450,2.580652
1265,2018-01-24 11:27:06.550,2.580652
1266,2018-01-24 11:27:06.650,2.580652
1267,2018-01-24 11:27:06.750,2.580652
1268,2018-01-24 11:27:06.850,2.580652
1269,2018-01-24 11:27:06.950,2.580652
1270,2018-01-24 11:27:07.050,2.580652
1271,2018-01-24 11:27:07.150,2.580652
1272,2018-01-24 11:27:07.250,2.7367630000000003
1273,2018-01-24 11:27:07.350,2.7367630000000003
1274,2018-01-24 11:27:07.450,2.7367630000000003
1275,2018-01-24 11:27:07.551,2.7367630000000003
1276,2018-01-24 11:27:07.650,2.7367630000000003
1277,2018-01-24 11:27:07.750,2.7367630000000003
1278,2018-01-24 11:27:07.850,2.7367630000000003
1279,2018-01-24 11:27:07.951,2.7367630000000003
1280,2018-01-24 11:27:08.050,2.7367630000000003
1281,2018-01-24 11:27:08.150,2.7367630000000003
1282,2018-01-24 11:27:08.250,2.756023
1283,2018-01-24 11:27:08.350,2.756023
1284,2018-01-24 11:27:08.450,2.756023
1285,2018-01-24 11:27:08.550,2.756023
1286,2018-01-24 11:27:08.650,2.756023
1287,2018-01-24 11:27:08.750,2.756023
1288,2018-01-24 11:27:08.850,2.756023
1289,2018-01-24 11:27:08.950,2.756023
1290,2018-01-24 11:27:09.050,2.756023
1291,2018-01-24 11:27:09.150,2.756023
1292,2018-01-24 11:27:09.251,2.673926
1293,2018-01-24 11:27:09.350,2.673926
1294,2018-01-24 11:27:09.450,2.673926
1295,2018-01-24 11:27:09.551,2.673926
1296,2018-01-24 11:27:09.651,2.673926
1297,2018-01-24 11:27:09.751,2.673926
1298,2018-01-24 11:27:09.851,2.673926
1299,2018-01-24 11:27:09.952,2.673926
1300,2018-01-24 11:27:10.051,2.673926
1301,2018-01-24 11:27:10.151,2.673926
1302,2018-01-24 11:27:10.251,2.565816
1303,2018-01-24 11:27:10.351,2.565816
1304,2018-01-24 11:27:10.451,2.565816
1305,2018-01-24 11:27:10.551,2.565816
1306,2018-01-24 11:27:10.651,2.565816
1307,2018-01-24 11:27:10.751,2.565816
1308,2018-01-24 11:27:10.851,2.565816
1309,2018-01-24 11:27:10.950,2.565816
1310,2018-01-24 11:27:11.050,2.565816
1311,2018-01-24 11:27:11.150,2.565816
1312,2018-01-24 11:27:11.250,2.5520150000000004
1313,2018-01-24 11:27:11.350,2.5520150000000004
1314,2018-01-24 11:27:11.450,2.5520150000000004
1315,2018-01-24 11:27:11.550,2.5520150000000004
1316,2018-01-24 11:27:11.651,2.5520150000000004
1317,2018-01-24 11:27:11.750,2.5520150000000004
1318,2018-01-24 11:27:11.850,2.5520150000000004
1319,2018-01-24 11:27:11.951,2.5520150000000004
1320,2018-01-24 11:27:12.050,2.5520150000000004
1321,2018-01-24 11:27:12.150,2.5520150000000004
1322,2018-01-24 11:27:12.250,2.688755
1323,2018-01-24 11:27:12.351,2.688755
1324,2018-01-24 11:27:12.451,2.688755
1325,2018-01-24 11:27:12.551,2.688755
1326,2018-01-24 11:27:12.651,2.688755
1327,2018-01-24 11:27:12.751,2.688755
1328,2018-01-24 11:27:12.851,2.688755
1329,2018-01-24 11:27:12.951,2.688755
1330,2018-01-24 11:27:13.051,2.688755
1331,2018-01-24 11:27:13.151,2.688755
1332,2018-01-24 11:27:13.251,2.833282
1333,2018-01-24 11:27:13.351,2.833282
1334,2018-01-24 11:27:13.451,2.833282
1335,2018-01-24 11:27:13.552,2.833282
1336,2018-01-24 11:27:13.652,2.833282
1337,2018-01-24 11:27:13.751,2.833282
1338,2018-01-24 11:27:13.852,2.833282
1339,2018-01-24 11:27:13.951,2.833282
1340,2018-01-24 11:27:14.052,2.833282
1341,2018-01-24 11:27:14.151,2.833282
1342,2018-01-24 11:27:14.252,2.9914240000000003
1343,2018-01-24 11:27:14.352,2.9914240000000003
1344,2018-01-24 11:27:14.451,2.9914240000000003
1345,2018-01-24 11:27:14.551,2.9914240000000003
1346,2018-01-24 11:27:14.651,2.9914240000000003
1347,2018-01-24 11:27:14.751,2.9914240000000003
1348,2018-01-24 11:27:14.851,2.9914240000000003
1349,2018-01-24 11:27:14.951,2.9914240000000003
1350,2018-01-24 11:27:15.051,2.9914240000000003
1351,2018-01-24 11:27:15.151,2.9914240000000003
1352,2018-01-24 11:27:15.251,3.204688
1353,2018-01-24 11:27:15.351,3.204688
1354,2018-01-24 11:27:15.453,3.204688
1355,2018-01-24 11:27:15.552,3.204688
1356,2018-01-24 11:27:15.652,3.204688
1357,2018-01-24 11:27:15.752,3.204688
1358,2018-01-24 11:27:15.852,3.204688
1359,2018-01-24 11:27:15.951,3.204688
1360,2018-01-24 11:27:16.050,3.204688
1361,2018-01-24 11:27:16.150,3.204688
1362,2018-01-24 11:27:16.250,3.375519
1363,2018-01-24 11:27:16.350,3.375519
1364,2018-01-24 11:27:16.450,3.375519
1365,2018-01-24 11:27:16.550,3.375519
1366,2018-01-24 11:27:16.650,3.375519
1367,2018-01-24 11:27:16.750,3.375519
1368,2018-01-24 11:27:16.850,3.375519
1369,2018-01-24 11:27:16.950,3.375519
1370,2018-01-24 11:27:17.050,3.375519
1371,2018-01-24 11:27:17.150,3.375519
1372,2018-01-24 11:27:17.250,3.379169
1373,2018-01-24 11:27:17.350,3.379169
1374,2018-01-24 11:27:17.450,3.379169
1375,2018-01-24 11:27:17.551,3.379169
1376,2018-01-24 11:27:17.650,3.379169
1377,2018-01-24 11:27:17.751,3.379169
1378,2018-01-24 11:27:17.850,3.379169
1379,2018-01-24 11:27:17.950,3.379169
1380,2018-01-24 11:27:18.050,3.379169
1381,2018-01-24 11:27:18.150,3.379169
1382,2018-01-24 11:27:18.250,3.274638
1383,2018-01-24 11:27:18.350,3.274638
1384,2018-01-24 11:27:18.450,3.274638
1385,2018-01-24 11:27:18.551,3.274638
1386,2018-01-24 11:27:18.651,3.274638
1387,2018-01-24 11:27:18.751,3.274638
1388,2018-01-24 11:27:18.851,3.274638
1389,2018-01-24 11:27:18.951,3.274638
1390,2018-01-24 11:27:19.051,3.274638
1391,2018-01-24 11:27:19.151,3.274638
1392,2018-01-24 11:27:19.251,3.183798
1393,2018-01-24 11:27:19.351,3.183798
1394,2018-01-24 11:27:19.451,3.183798
1395,2018-01-24 11:27:19.551,3.183798
1396,2018-01-24 11:27:19.652,3.183798
1397,2018-01-24 11:27:19.751,3.183798
1398,2018-01-24 11:27:19.851,3.183798
1399,2018-01-24 11:27:19.951,3.183798
1400,2018-01-24 11:27:20.051,3.183798
1401,2018-01-24 11:27:20.151,3.183798
1402,2018-01-24 11:27:20.252,3.130667
1403,2018-01-24 11:27:20.351,3.130667
1404,2018-01-24 11:27:20.451,3.130667
1405,2018-01-24 11:27:20.551,3.130667
1406,2018-01-24 11:27:20.651,3.130667
1407,2018-01-24 11:27:20.751,3.130667
1408,2018-01-24 11:27:20.851,3.130667
1409,2018-01-24 11:27:20.950,3.130667
1410,2018-01-24 11:27:21.050,3.130667
1411,2018-01-24 11:27:21.150,3.130667
1412,2018-01-24 11:27:21.250,3.10687
1413,2018-01-24 11:27:21.350,3.10687
1414,2018-01-24 11:27:21.452,3.10687
1415,2018-01-24 11:27:21.551,3.10687
1416,2018-01-24 11:27:21.652,3.10687
1417,2018-01-24 11:27:21.751,3.10687
1418,2018-01-24 11:27:21.851,3.10687
1419,2018-01-24 11:27:21.952,3.10687
1420,2018-01-24 11:27:22.051,3.10687
1421,2018-01-24 11:27:22.151,3.10687
1422,2018-01-24 11:27:22.251,3.113956
1423,2018-01-24 11:27:22.351,3.113956
1424,2018-01-24 11:27:22.451,3.113956
1425,2018-01-24 11:27:22.551,3.113956
1426,2018-01-24 11:27:22.651,3.113956
1427,2018-01-24 11:27:22.751,3.113956
1428,2018-01-24 11:27:22.851,3.113956
1429,2018-01-24 11:27:22.951,3.113956
1430,2018-01-24 11:27:23.051,3.113956
1431,2018-01-24 11:27:23.151,3.113956
1432,2018-01-24 11:27:23.251,3.175281
1433,2018-01-24 11:27:23.351,3.175281
1434,2018-01-24 11:27:23.451,3.175281
1435,2018-01-24 11:27:23.551,3.175281
1436,2018-01-24 11:27:23.652,3.175281
1437,2018-01-24 11:27:23.751,3.175281
1438,2018-01-24 11:27:23.852,3.175281
1439,2018-01-24 11:27:23.951,3.175281
1440,2018-01-24 11:27:24.052,3.175281
1441,2018-01-24 11:27:24.151,3.175281
1442,2018-01-24 11:27:24.252,3.271582
1443,2018-01-24 11:27:24.351,3.271582
1444,2018-01-24 11:27:24.451,3.271582
1445,2018-01-24 11:27:24.551,3.271582
1446,2018-01-24 11:27:24.652,3.271582
1447,2018-01-24 11:27:24.752,3.271582
1448,2018-01-24 11:27:24.852,3.271582
1449,2018-01-24 11:27:24.952,3.271582
1450,2018-01-24 11:27:25.052,3.271582
1451,2018-01-24 11:27:25.152,3.271582
1452,2018-01-24 11:27:25.252,3.377697
1453,2018-01-24 11:27:25.352,3.377697
1454,2018-01-24 11:27:25.452,3.377697
1455,2018-01-24 11:27:25.552,3.377697
1456,2018-01-24 11:27:25.653,3.377697
1457,2018-01-24 11:27:25.752,3.377697
1458,2018-01-24 11:27:25.853,3.377697
1459,2018-01-24 11:27:25.950,3.377697
1460,2018-01-24 11:27:26.050,3.377697
1461,2018-01-24 11:27:26.150,3.377697
1462,2018-01-24 11:27:26.250,3.310912
1463,2018-01-24 11:27:26.350,3.310912
1464,2018-01-24 11:27:26.450,3.310912
1465,2018-01-24 11:27:26.550,3.310912
1466,2018-01-24 11:27:26.650,3.310912
1467,2018-01-24 11:27:26.750,3.310912
1468,2018-01-24 11:27:26.850,3.310912
1469,2018-01-24 11:27:26.950,3.310912
1470,2018-01-24 11:27:27.050,3.310912
1471,2018-01-24 11:27:27.150,3.310912
1472,2018-01-24 11:27:27.250,3.07182
1473,2018-01-24 11:27:27.350,3.07182
1474,2018-01-24 11:27:27.451,3.07182
1475,2018-01-24 11:27:27.551,3.07182
1476,2018-01-24 11:27:27.650,3.07182
1477,2018-01-24 11:27:27.751,3.07182
1478,2018-01-24 11:27:27.851,3.07182
1479,2018-01-24 11:27:27.951,3.07182
1480,2018-01-24 11:27:28.051,3.07182
1481,2018-01-24 11:27:28.151,3.07182
1482,2018-01-24 11:27:28.251,2.749086
1483,2018-01-24 11:27:28.352,2.749086
1484,2018-01-24 11:27:28.451,2.749086
1485,2018-01-24 11:27:28.551,2.749086
1486,2018-01-24 11:27:28.651,2.749086
1487,2018-01-24 11:27:28.751,2.749086
1488,2018-01-24 11:27:28.851,2.749086
1489,2018-01-24 11:27:28.951,2.749086
1490,2018-01-24 11:27:29.051,2.749086
1491,2018-01-24 11:27:29.151,2.749086
1492,2018-01-24 11:27:29.251,2.5545310000000003
1493,2018-01-24 11:27:29.351,2.5545310000000003
1494,2018-01-24 11:27:29.451,2.5545310000000003
1495,2018-01-24 11:27:29.551,2.5545310000000003
1496,2018-01-24 11:27:29.651,2.5545310000000003
1497,2018-01-24 11:27:29.751,2.5545310000000003
1498,2018-01-24 11:27:29.851,2.5545310000000003
1499,2018-01-24 11:27:29.951,2.5545310000000003
1500,2018-01-24 11:27:30.051,2.5545310000000003
1501,2018-01-24 11:27:30.151,2.5545310000000003
1502,2018-01-24 11:27:30.251,2.5899900000000002
1503,2018-01-24 11:27:30.351,2.5899900000000002
1504,2018-01-24 11:27:30.451,2.5899900000000002
1505,2018-01-24 11:27:30.551,2.5899900000000002
1506,2018-01-24 11:27:30.651,2.5899900000000002
1507,2018-01-24 11:27:30.752,2.5899900000000002
1508,2018-01-24 11:27:30.852,2.5899900000000002
1509,2018-01-24 11:27:30.951,2.5899900000000002
1510,2018-01-24 11:27:31.051,2.5899900000000002
1511,2018-01-24 11:27:31.151,2.5899900000000002
1512,2018-01-24 11:27:31.251,2.8462009999999998
1513,2018-01-24 11:27:31.351,2.8462009999999998
1514,2018-01-24 11:27:31.452,2.8462009999999998
1515,2018-01-24 11:27:31.551,2.8462009999999998
1516,2018-01-24 11:27:31.651,2.8462009999999998
1517,2018-01-24 11:27:31.752,2.8462009999999998
1518,2018-01-24 11:27:31.851,2.8462009999999998
1519,2018-01-24 11:27:31.952,2.8462009999999998
1520,2018-01-24 11:27:32.051,2.8462009999999998
1521,2018-01-24 11:27:32.151,2.8462009999999998
1522,2018-01-24 11:27:32.251,3.2322900000000003
1523,2018-01-24 11:27:32.352,3.2322900000000003
1524,2018-01-24 11:27:32.451,3.2322900000000003
1525,2018-01-24 11:27:32.551,3.2322900000000003
1526,2018-01-24 11:27:32.651,3.2322900000000003
1527,2018-01-24 11:27:32.751,3.2322900000000003
1528,2018-01-24 11:27:32.851,3.2322900000000003
1529,2018-01-24 11:27:32.951,3.2322900000000003
1530,2018-01-24 11:27:33.051,3.2322900000000003
1531,2018-01-24 11:27:33.151,3.2322900000000003
1532,2018-01-24 11:27:33.251,3.4761040000000003
1533,2018-01-24 11:27:33.351,3.4761040000000003
1534,2018-01-24 11:27:33.451,3.4761040000000003
1535,2018-01-24 11:27:33.552,3.4761040000000003
1536,2018-01-24 11:27:33.653,3.4761040000000003
1537,2018-01-24 11:27:33.753,3.4761040000000003
1538,2018-01-24 11:27:33.852,3.4761040000000003
1539,2018-01-24 11:27:33.952,3.4761040000000003
1540,2018-01-24 11:27:34.053,3.4761040000000003
1541,2018-01-24 11:27:34.152,3.4761040000000003
1542,2018-01-24 11:27:34.253,3.48186
1543,2018-01-24 11:27:34.352,3.48186
1544,2018-01-24 11:27:34.452,3.48186
1545,2018-01-24 11:27:34.552,3.48186
1546,2018-01-24 11:27:34.652,3.48186
1547,2018-01-24 11:27:34.752,3.48186
1548,2018-01-24 11:27:34.852,3.48186
1549,2018-01-24 11:27:34.952,3.48186
1550,2018-01-24 11:27:35.052,3.48186
1551,2018-01-24 11:27:35.152,3.48186
1552,2018-01-24 11:27:35.252,3.242326
1553,2018-01-24 11:27:35.352,3.242326
1554,2018-01-24 11:27:35.453,3.242326
1555,2018-01-24 11:27:35.552,3.242326
1556,2018-01-24 11:27:35.652,3.242326
1557,2018-01-24 11:27:35.752,3.242326
1558,2018-01-24 11:27:35.852,3.242326
1559,2018-01-24 11:27:35.951,3.242326
1560,2018-01-24 11:27:36.050,3.242326
1561,2018-01-24 11:27:36.150,3.242326
1562,2018-01-24 11:27:36.250,2.914054
1563,2018-01-24 11:27:36.350,2.914054
1564,2018-01-24 11:27:36.451,2.914054
1565,2018-01-24 11:27:36.551,2.914054
1566,2018-01-24 11:27:36.651,2.914054
1567,2018-01-24 11:27:36.751,2.914054
1568,2018-01-24 11:27:36.851,2.914054
1569,2018-01-24 11:27:36.951,2.914054
1570,2018-01-24 11:27:37.051,2.914054
1571,2018-01-24 11:27:37.151,2.914054
1572,2018-01-24 11:27:37.251,2.64799
1573,2018-01-24 11:27:37.351,2.64799
1574,2018-01-24 11:27:37.451,2.64799
1575,2018-01-24 11:27:37.551,2.64799
1576,2018-01-24 11:27:37.651,2.64799
1577,2018-01-24 11:27:37.752,2.64799
1578,2018-01-24 11:27:37.851,2.64799
1579,2018-01-24 11:27:37.951,2.64799
1580,2018-01-24 11:27:38.051,2.64799
1581,2018-01-24 11:27:38.152,2.64799
1582,2018-01-24 11:27:38.251,2.591612
1583,2018-01-24 11:27:38.351,2.591612
1584,2018-01-24 11:27:38.451,2.591612
1585,2018-01-24 11:27:38.551,2.591612
1586,2018-01-24 11:27:38.651,2.591612
1587,2018-01-24 11:27:38.751,2.591612
1588,2018-01-24 11:27:38.851,2.591612
1589,2018-01-24 11:27:38.951,2.591612
1590,2018-01-24 11:27:39.051,2.591612
1591,2018-01-24 11:27:39.151,2.591612
1592,2018-01-24 11:27:39.251,2.8363490000000002
1593,2018-01-24 11:27:39.351,2.8363490000000002
1594,2018-01-24 11:27:39.451,2.8363490000000002
1595,2018-01-24 11:27:39.551,2.8363490000000002
1596,2018-01-24 11:27:39.652,2.8363490000000002
1597,2018-01-24 11:27:39.752,2.8363490000000002
1598,2018-01-24 11:27:39.852,2.8363490000000002
1599,2018-01-24 11:27:39.953,2.8363490000000002
1600,2018-01-24 11:27:40.052,2.8363490000000002
1601,2018-01-24 11:27:40.153,2.8363490000000002
1602,2018-01-24 11:27:40.252,3.252656
1603,2018-01-24 11:27:40.352,3.252656
1604,2018-01-24 11:27:40.452,3.252656
1605,2018-01-24 11:27:40.552,3.252656
1606,2018-01-24 11:27:40.652,3.252656
1607,2018-01-24 11:27:40.752,3.252656
1608,2018-01-24 11:27:40.852,3.252656
1609,2018-01-24 11:27:40.951,3.252656
1610,2018-01-24 11:27:41.051,3.252656
1611,2018-01-24 11:27:41.151,3.252656
1612,2018-01-24 11:27:41.251,3.59351
1613,2018-01-24 11:27:41.351,3.59351
1614,2018-01-24 11:27:41.451,3.59351
1615,2018-01-24 11:27:41.551,3.59351
1616,2018-01-24 11:27:41.651,3.59351
1617,2018-01-24 11:27:41.752,3.59351
1618,2018-01-24 11:27:41.852,3.59351
1619,2018-01-24 11:27:41.951,3.59351
1620,2018-01-24 11:27:42.051,3.59351
1621,2018-01-24 11:27:42.152,3.59351
1622,2018-01-24 11:27:42.251,3.689442
1623,2018-01-24 11:27:42.351,3.689442
1624,2018-01-24 11:27:42.451,3.689442
1625,2018-01-24 11:27:42.551,3.689442
1626,2018-01-24 11:27:42.652,3.689442
1627,2018-01-24 11:27:42.752,3.689442
1628,2018-01-24 11:27:42.852,3.689442
1629,2018-01-24 11:27:42.952,3.689442
1630,2018-01-24 11:27:43.052,3.689442
1631,2018-01-24 11:27:43.152,3.689442
1632,2018-01-24 11:27:43.252,3.564916
1633,2018-01-24 11:27:43.352,3.564916
1634,2018-01-24 11:27:43.452,3.564916
1635,2018-01-24 11:27:43.552,3.564916
1636,2018-01-24 11:27:43.652,3.564916
1637,2018-01-24 11:27:43.753,3.564916
1638,2018-01-24 11:27:43.853,3.564916
1639,2018-01-24 11:27:43.952,3.564916
1640,2018-01-24 11:27:44.052,3.564916
1641,2018-01-24 11:27:44.153,3.564916
1642,2018-01-24 11:27:44.252,3.227125
1643,2018-01-24 11:27:44.352,3.227125
1644,2018-01-24 11:27:44.452,3.227125
1645,2018-01-24 11:27:44.552,3.227125
1646,2018-01-24 11:27:44.652,3.227125
1647,2018-01-24 11:27:44.752,3.227125
1648,2018-01-24 11:27:44.852,3.227125
1649,2018-01-24 11:27:44.952,3.227125
1650,2018-01-24 11:27:45.052,3.227125
1651,2018-01-24 11:27:45.152,3.227125
1652,2018-01-24 11:27:45.252,2.922946
1653,2018-01-24 11:27:45.352,2.922946
1654,2018-01-24 11:27:45.452,2.922946
1655,2018-01-24 11:27:45.553,2.922946
1656,2018-01-24 11:27:45.653,2.922946
1657,2018-01-24 11:27:45.753,2.922946
1658,2018-01-24 11:27:45.853,2.922946
1659,2018-01-24 11:27:45.951,2.922946
1660,2018-01-24 11:27:46.051,2.922946
1661,2018-01-24 11:27:46.152,2.922946
1662,2018-01-24 11:27:46.251,2.7398990000000003
1663,2018-01-24 11:27:46.351,2.7398990000000003
1664,2018-01-24 11:27:46.451,2.7398990000000003
1665,2018-01-24 11:27:46.551,2.7398990000000003
1666,2018-01-24 11:27:46.651,2.7398990000000003
1667,2018-01-24 11:27:46.751,2.7398990000000003
1668,2018-01-24 11:27:46.851,2.7398990000000003
1669,2018-01-24 11:27:46.951,2.7398990000000003
1670,2018-01-24 11:27:47.051,2.7398990000000003
1671,2018-01-24 11:27:47.151,2.7398990000000003
1672,2018-01-24 11:27:47.251,2.840035
1673,2018-01-24 11:27:47.351,2.840035
1674,2018-01-24 11:27:47.451,2.840035
1675,2018-01-24 11:27:47.552,2.840035
1676,2018-01-24 11:27:47.652,2.840035
1677,2018-01-24 11:27:47.751,2.840035
1678,2018-01-24 11:27:47.851,2.840035
1679,2018-01-24 11:27:47.952,2.840035
1680,2018-01-24 11:27:48.052,2.840035
1681,2018-01-24 11:27:48.151,2.840035
1682,2018-01-24 11:27:48.251,3.151774
1683,2018-01-24 11:27:48.351,3.151774
1684,2018-01-24 11:27:48.451,3.151774
1685,2018-01-24 11:27:48.551,3.151774
1686,2018-01-24 11:27:48.653,3.151774
1687,2018-01-24 11:27:48.752,3.151774
1688,2018-01-24 11:27:48.852,3.151774
1689,2018-01-24 11:27:48.952,3.151774
1690,2018-01-24 11:27:49.052,3.151774
1691,2018-01-24 11:27:49.152,3.151774
1692,2018-01-24 11:27:49.252,3.517681
1693,2018-01-24 11:27:49.352,3.517681
1694,2018-01-24 11:27:49.452,3.517681
1695,2018-01-24 11:27:49.553,3.517681
1696,2018-01-24 11:27:49.653,3.517681
1697,2018-01-24 11:27:49.752,3.517681
1698,2018-01-24 11:27:49.852,3.517681
1699,2018-01-24 11:27:49.952,3.517681
1700,2018-01-24 11:27:50.053,3.517681
1701,2018-01-24 11:27:50.152,3.517681
1702,2018-01-24 11:27:50.252,3.732424
1703,2018-01-24 11:27:50.353,3.732424
1704,2018-01-24 11:27:50.452,3.732424
1705,2018-01-24 11:27:50.552,3.732424
1706,2018-01-24 11:27:50.652,3.732424
1707,2018-01-24 11:27:50.752,3.732424
1708,2018-01-24 11:27:50.852,3.732424
1709,2018-01-24 11:27:50.951,3.732424
1710,2018-01-24 11:27:51.051,3.732424
1711,2018-01-24 11:27:51.151,3.732424
1712,2018-01-24 11:27:51.252,3.725711
1713,2018-01-24 11:27:51.351,3.725711
1714,2018-01-24 11:27:51.451,3.725711
1715,2018-01-24 11:27:51.552,3.725711
1716,2018-01-24 11:27:51.652,3.725711
1717,2018-01-24 11:27:51.752,3.725711
1718,2018-01-24 11:27:51.852,3.725711
1719,2018-01-24 11:27:51.952,3.725711
1720,2018-01-24 11:27:52.052,3.725711
1721,2018-01-24 11:27:52.152,3.725711
1722,2018-01-24 11:27:52.252,3.5981959999999997
1723,2018-01-24 11:27:52.353,3.5981959999999997
1724,2018-01-24 11:27:52.452,3.5981959999999997
1725,2018-01-24 11:27:52.552,3.5981959999999997
1726,2018-01-24 11:27:52.652,3.5981959999999997
1727,2018-01-24 11:27:52.752,3.5981959999999997
1728,2018-01-24 11:27:52.852,3.5981959999999997
1729,2018-01-24 11:27:52.952,3.5981959999999997
1730,2018-01-24 11:27:53.052,3.5981959999999997
1731,2018-01-24 11:27:53.152,3.5981959999999997
1732,2018-01-24 11:27:53.252,3.501265
1733,2018-01-24 11:27:53.352,3.501265
1734,2018-01-24 11:27:53.452,3.501265
1735,2018-01-24 11:27:53.553,3.501265
1736,2018-01-24 11:27:53.652,3.501265
1737,2018-01-24 11:27:53.752,3.501265
1738,2018-01-24 11:27:53.853,3.501265
1739,2018-01-24 11:27:53.952,3.501265
1740,2018-01-24 11:27:54.052,3.501265
1741,2018-01-24 11:27:54.152,3.501265
1742,2018-01-24 11:27:54.253,3.5204470000000003
1743,2018-01-24 11:27:54.352,3.5204470000000003
1744,2018-01-24 11:27:54.453,3.5204470000000003
1745,2018-01-24 11:27:54.552,3.5204470000000003
1746,2018-01-24 11:27:54.652,3.5204470000000003
1747,2018-01-24 11:27:54.752,3.5204470000000003
1748,2018-01-24 11:27:54.853,3.5204470000000003
1749,2018-01-24 11:27:54.953,3.5204470000000003
1750,2018-01-24 11:27:55.053,3.5204470000000003
1751,2018-01-24 11:27:55.153,3.5204470000000003
1752,2018-01-24 11:27:55.253,3.629254
1753,2018-01-24 11:27:55.353,3.629254
1754,2018-01-24 11:27:55.453,3.629254
1755,2018-01-24 11:27:55.554,3.629254
1756,2018-01-24 11:27:55.653,3.629254
1757,2018-01-24 11:27:55.754,3.629254
1758,2018-01-24 11:27:55.853,3.629254
1759,2018-01-24 11:27:55.951,3.629254
1760,2018-01-24 11:27:56.051,3.629254
1761,2018-01-24 11:27:56.151,3.629254
1762,2018-01-24 11:27:56.251,3.695078
1763,2018-01-24 11:27:56.351,3.695078
1764,2018-01-24 11:27:56.452,3.695078
1765,2018-01-24 11:27:56.551,3.695078
1766,2018-01-24 11:27:56.651,3.695078
1767,2018-01-24 11:27:56.751,3.695078
1768,2018-01-24 11:27:56.851,3.695078
1769,2018-01-24 11:27:56.951,3.695078
1770,2018-01-24 11:27:57.051,3.695078
1771,2018-01-24 11:27:57.151,3.695078
1772,2018-01-24 11:27:57.251,3.788135
1773,2018-01-24 11:27:57.351,3.788135
1774,2018-01-24 11:27:57.451,3.788135
1775,2018-01-24 11:27:57.551,3.788135
1776,2018-01-24 11:27:57.651,3.788135
1777,2018-01-24 11:27:57.753,3.788135
1778,2018-01-24 11:27:57.852,3.788135
1779,2018-01-24 11:27:57.952,3.788135
1780,2018-01-24 11:27:58.052,3.788135
1781,2018-01-24 11:27:58.152,3.788135
1782,2018-01-24 11:27:58.252,3.867282
1783,2018-01-24 11:27:58.352,3.867282
1784,2018-01-24 11:27:58.452,3.867282
1785,2018-01-24 11:27:58.552,3.867282
1786,2018-01-24 11:27:58.652,3.867282
1787,2018-01-24 11:27:58.752,3.867282
1788,2018-01-24 11:27:58.852,3.867282
1789,2018-01-24 11:27:58.952,3.867282
1790,2018-01-24 11:27:59.052,3.867282
1791,2018-01-24 11:27:59.152,3.867282
1792,2018-01-24 11:27:59.252,3.9244
1793,2018-01-24 11:27:59.352,3.9244
1794,2018-01-24 11:27:59.452,3.9244
1795,2018-01-24 11:27:59.552,3.9244
1796,2018-01-24 11:27:59.653,3.9244
1797,2018-01-24 11:27:59.752,3.9244
1798,2018-01-24 11:27:59.852,3.9244
1799,2018-01-24 11:27:59.952,3.9244
1800,2018-01-24 11:28:00.052,3.9244
1801,2018-01-24 11:28:00.152,3.9244
1802,2018-01-24 11:28:00.252,3.954876
1803,2018-01-24 11:28:00.352,3.954876
1804,2018-01-24 11:28:00.452,3.954876
1805,2018-01-24 11:28:00.552,3.954876
1806,2018-01-24 11:28:00.652,3.954876
1807,2018-01-24 11:28:00.753,3.954876
1808,2018-01-24 11:28:00.853,3.954876
1809,2018-01-24 11:28:00.952,3.954876
1810,2018-01-24 11:28:01.052,3.954876
1811,2018-01-24 11:28:01.152,3.954876
1812,2018-01-24 11:28:01.252,3.9002660000000002
1813,2018-01-24 11:28:01.352,3.9002660000000002
1814,2018-01-24 11:28:01.452,3.9002660000000002
1815,2018-01-24 11:28:01.552,3.9002660000000002
1816,2018-01-24 11:28:01.652,3.9002660000000002
1817,2018-01-24 11:28:01.752,3.9002660000000002
1818,2018-01-24 11:28:01.853,3.9002660000000002
1819,2018-01-24 11:28:01.952,3.9002660000000002
1820,2018-01-24 11:28:02.052,3.9002660000000002
1821,2018-01-24 11:28:02.153,3.9002660000000002
1822,2018-01-24 11:28:02.252,3.748249
1823,2018-01-24 11:28:02.352,3.748249
1824,2018-01-24 11:28:02.452,3.748249
1825,2018-01-24 11:28:02.552,3.748249
1826,2018-01-24 11:28:02.652,3.748249
1827,2018-01-24 11:28:02.752,3.748249
1828,2018-01-24 11:28:02.852,3.748249
1829,2018-01-24 11:28:02.952,3.748249
1830,2018-01-24 11:28:03.052,3.748249
1831,2018-01-24 11:28:03.152,3.748249
1832,2018-01-24 11:28:03.252,3.5365349999999998
1833,2018-01-24 11:28:03.352,3.5365349999999998
1834,2018-01-24 11:28:03.452,3.5365349999999998
1835,2018-01-24 11:28:03.552,3.5365349999999998
1836,2018-01-24 11:28:03.653,3.5365349999999998
1837,2018-01-24 11:28:03.754,3.5365349999999998
1838,2018-01-24 11:28:03.853,3.5365349999999998
1839,2018-01-24 11:28:03.953,3.5365349999999998
1840,2018-01-24 11:28:04.053,3.5365349999999998
1841,2018-01-24 11:28:04.154,3.5365349999999998
1842,2018-01-24 11:28:04.253,3.318883
1843,2018-01-24 11:28:04.353,3.318883
1844,2018-01-24 11:28:04.453,3.318883
1845,2018-01-24 11:28:04.553,3.318883
1846,2018-01-24 11:28:04.653,3.318883
1847,2018-01-24 11:28:04.753,3.318883
1848,2018-01-24 11:28:04.853,3.318883
1849,2018-01-24 11:28:04.953,3.318883
1850,2018-01-24 11:28:05.053,3.318883
1851,2018-01-24 11:28:05.153,3.318883
1852,2018-01-24 11:28:05.253,3.14466
1853,2018-01-24 11:28:05.353,3.14466
1854,2018-01-24 11:28:05.453,3.14466
1855,2018-01-24 11:28:05.553,3.14466
1856,2018-01-24 11:28:05.654,3.14466
1857,2018-01-24 11:28:05.754,3.14466
1858,2018-01-24 11:28:05.853,3.14466
1859,2018-01-24 11:28:05.951,3.14466
1860,2018-01-24 11:28:06.051,3.14466
1861,2018-01-24 11:28:06.152,3.14466
1862,2018-01-24 11:28:06.252,3.0039740000000004
1863,2018-01-24 11:28:06.351,3.0039740000000004
1864,2018-01-24 11:28:06.452,3.0039740000000004
1865,2018-01-24 11:28:06.551,3.0039740000000004
1866,2018-01-24 11:28:06.652,3.0039740000000004
1867,2018-01-24 11:28:06.752,3.0039740000000004
1868,2018-01-24 11:28:06.852,3.0039740000000004
1869,2018-01-24 11:28:06.952,3.0039740000000004
1870,2018-01-24 11:28:07.052,3.0039740000000004
1871,2018-01-24 11:28:07.152,3.0039740000000004
1872,2018-01-24 11:28:07.252,2.878821
1873,2018-01-24 11:28:07.352,2.878821
1874,2018-01-24 11:28:07.452,2.878821
1875,2018-01-24 11:28:07.552,2.878821
1876,2018-01-24 11:28:07.653,2.878821
1877,2018-01-24 11:28:07.753,2.878821
1878,2018-01-24 11:28:07.852,2.878821
1879,2018-01-24 11:28:07.953,2.878821
1880,2018-01-24 11:28:08.053,2.878821
1881,2018-01-24 11:28:08.153,2.878821
1882,2018-01-24 11:28:08.252,2.749719
1883,2018-01-24 11:28:08.352,2.749719
1884,2018-01-24 11:28:08.452,2.749719
1885,2018-01-24 11:28:08.552,2.749719
1886,2018-01-24 11:28:08.652,2.749719
1887,2018-01-24 11:28:08.752,2.749719
1888,2018-01-24 11:28:08.852,2.749719
1889,2018-01-24 11:28:08.952,2.749719
1890,2018-01-24 11:28:09.052,2.749719
1891,2018-01-24 11:28:09.152,2.749719
1892,2018-01-24 11:28:09.252,2.6449700000000003
1893,2018-01-24 11:28:09.352,2.6449700000000003
1894,2018-01-24 11:28:09.452,2.6449700000000003
1895,2018-01-24 11:28:09.552,2.6449700000000003
1896,2018-01-24 11:28:09.653,2.6449700000000003
1897,2018-01-24 11:28:09.753,2.6449700000000003
1898,2018-01-24 11:28:09.853,2.6449700000000003
1899,2018-01-24 11:28:09.954,2.6449700000000003
1900,2018-01-24 11:28:10.053,2.6449700000000003
1901,2018-01-24 11:28:10.154,2.6449700000000003
1902,2018-01-24 11:28:10.253,2.483436
1903,2018-01-24 11:28:10.353,2.483436
1904,2018-01-24 11:28:10.453,2.483436
1905,2018-01-24 11:28:10.553,2.483436
1906,2018-01-24 11:28:10.653,2.483436
1907,2018-01-24 11:28:10.753,2.483436
1908,2018-01-24 11:28:10.853,2.483436
1909,2018-01-24 11:28:10.952,2.483436
1910,2018-01-24 11:28:11.052,2.483436
1911,2018-01-24 11:28:11.152,2.483436
1912,2018-01-24 11:28:11.252,2.256779
1913,2018-01-24 11:28:11.352,2.256779
1914,2018-01-24 11:28:11.452,2.256779
1915,2018-01-24 11:28:11.552,2.256779
1916,2018-01-24 11:28:11.653,2.256779
1917,2018-01-24 11:28:11.752,2.256779
1918,2018-01-24 11:28:11.853,2.256779
1919,2018-01-24 11:28:11.952,2.256779
1920,2018-01-24 11:28:12.053,2.256779
1921,2018-01-24 11:28:12.153,2.256779
1922,2018-01-24 11:28:12.252,1.962491
1923,2018-01-24 11:28:12.352,1.962491
1924,2018-01-24 11:28:12.453,1.962491
1925,2018-01-24 11:28:12.552,1.962491
1926,2018-01-24 11:28:12.652,1.962491
1927,2018-01-24 11:28:12.753,1.962491
1928,2018-01-24 11:28:12.853,1.962491
1929,2018-01-24 11:28:12.953,1.962491
1930,2018-01-24 11:28:13.053,1.962491
1931,2018-01-24 11:28:13.153,1.962491
1932,2018-01-24 11:28:13.253,1.6602329999999998
1933,2018-01-24 11:28:13.353,1.6602329999999998
1934,2018-01-24 11:28:13.453,1.6602329999999998
1935,2018-01-24 11:28:13.553,1.6602329999999998
1936,2018-01-24 11:28:13.653,1.6602329999999998
1937,2018-01-24 11:28:13.753,1.6602329999999998
1938,2018-01-24 11:28:13.853,1.6602329999999998
1939,2018-01-24 11:28:13.953,1.6602329999999998
1940,2018-01-24 11:28:14.054,1.6602329999999998
1941,2018-01-24 11:28:14.153,1.6602329999999998
1942,2018-01-24 11:28:14.253,1.403433
1943,2018-01-24 11:28:14.353,1.403433
1944,2018-01-24 11:28:14.454,1.403433
1945,2018-01-24 11:28:14.553,1.403433
1946,2018-01-24 11:28:14.653,1.403433
1947,2018-01-24 11:28:14.754,1.403433
1948,2018-01-24 11:28:14.853,1.403433
1949,2018-01-24 11:28:14.953,1.403433
1950,2018-01-24 11:28:15.053,1.403433
1951,2018-01-24 11:28:15.153,1.403433
1952,2018-01-24 11:28:15.253,1.284443
1953,2018-01-24 11:28:15.353,1.284443
1954,2018-01-24 11:28:15.453,1.284443
1955,2018-01-24 11:28:15.553,1.284443
1956,2018-01-24 11:28:15.655,1.284443
1957,2018-01-24 11:28:15.755,1.284443
1958,2018-01-24 11:28:15.853,1.284443
1959,2018-01-24 11:28:15.952,1.284443
1960,2018-01-24 11:28:16.052,1.284443
1961,2018-01-24 11:28:16.152,1.284443
1962,2018-01-24 11:28:16.253,1.343293
1963,2018-01-24 11:28:16.352,1.343293
1964,2018-01-24 11:28:16.453,1.343293
1965,2018-01-24 11:28:16.552,1.343293
1966,2018-01-24 11:28:16.652,1.343293
1967,2018-01-24 11:28:16.752,1.343293
1968,2018-01-24 11:28:16.852,1.343293
1969,2018-01-24 11:28:16.952,1.343293
1970,2018-01-24 11:28:17.052,1.343293
1971,2018-01-24 11:28:17.152,1.343293
1972,2018-01-24 11:28:17.252,1.418931
1973,2018-01-24 11:28:17.352,1.418931
1974,2018-01-24 11:28:17.453,1.418931
1975,2018-01-24 11:28:17.552,1.418931
1976,2018-01-24 11:28:17.653,1.418931
1977,2018-01-24 11:28:17.752,1.418931
1978,2018-01-24 11:28:17.853,1.418931
1979,2018-01-24 11:28:17.952,1.418931
1980,2018-01-24 11:28:18.052,1.418931
1981,2018-01-24 11:28:18.152,1.418931
1982,2018-01-24 11:28:18.253,1.410702
1983,2018-01-24 11:28:18.352,1.410702
1984,2018-01-24 11:28:18.452,1.410702
1985,2018-01-24 11:28:18.552,1.410702
1986,2018-01-24 11:28:18.652,1.410702
1987,2018-01-24 11:28:18.752,1.410702
1988,2018-01-24 11:28:18.853,1.410702
1989,2018-01-24 11:28:18.953,1.410702
1990,2018-01-24 11:28:19.053,1.410702
1991,2018-01-24 11:28:19.153,1.410702
1992,2018-01-24 11:28:19.253,1.330526
1993,2018-01-24 11:28:19.353,1.330526
1994,2018-01-24 11:28:19.453,1.330526
1995,2018-01-24 11:28:19.553,1.330526
1996,2018-01-24 11:28:19.653,1.330526
1997,2018-01-24 11:28:19.753,1.330526
1998,2018-01-24 11:28:19.854,1.330526
1999,2018-01-24 11:28:19.954,1.330526
2000,2018-01-24 11:28:20.053,1.330526
2001,2018-01-24 11:28:20.154,1.330526
2002,2018-01-24 11:28:20.254,1.092469
2003,2018-01-24 11:28:20.353,1.092469
2004,2018-01-24 11:28:20.454,1.092469
2005,2018-01-24 11:28:20.553,1.092469
2006,2018-01-24 11:28:20.653,1.092469
2007,2018-01-24 11:28:20.753,1.092469
2008,2018-01-24 11:28:20.853,1.092469
2009,2018-01-24 11:28:20.952,1.092469
2010,2018-01-24 11:28:21.052,1.092469
2011,2018-01-24 11:28:21.152,1.092469
2012,2018-01-24 11:28:21.252,0.909941
2013,2018-01-24 11:28:21.352,0.909941
2014,2018-01-24 11:28:21.452,0.909941
2015,2018-01-24 11:28:21.552,0.909941
2016,2018-01-24 11:28:21.653,0.909941
2017,2018-01-24 11:28:21.752,0.909941
2018,2018-01-24 11:28:21.853,0.909941
2019,2018-01-24 11:28:21.953,0.909941
2020,2018-01-24 11:28:22.053,0.909941
2021,2018-01-24 11:28:22.154,0.909941
2022,2018-01-24 11:28:22.253,0.850719
2023,2018-01-24 11:28:22.354,0.850719
2024,2018-01-24 11:28:22.453,0.850719
2025,2018-01-24 11:28:22.554,0.850719
2026,2018-01-24 11:28:22.653,0.850719
2027,2018-01-24 11:28:22.753,0.850719
2028,2018-01-24 11:28:22.853,0.850719
2029,2018-01-24 11:28:22.953,0.850719
2030,2018-01-24 11:28:23.053,0.850719
2031,2018-01-24 11:28:23.153,0.850719
2032,2018-01-24 11:28:23.253,0.940781
2033,2018-01-24 11:28:23.353,0.940781
2034,2018-01-24 11:28:23.453,0.940781
2035,2018-01-24 11:28:23.553,0.940781
2036,2018-01-24 11:28:23.654,0.940781
2037,2018-01-24 11:28:23.753,0.940781
2038,2018-01-24 11:28:23.853,0.940781
2039,2018-01-24 11:28:23.953,0.940781
2040,2018-01-24 11:28:24.053,0.940781
2041,2018-01-24 11:28:24.153,0.940781
2042,2018-01-24 11:28:24.254,1.071505
2043,2018-01-24 11:28:24.354,1.071505
2044,2018-01-24 11:28:24.453,1.071505
2045,2018-01-24 11:28:24.554,1.071505
2046,2018-01-24 11:28:24.653,1.071505
2047,2018-01-24 11:28:24.753,1.071505
2048,2018-01-24 11:28:24.854,1.071505
2049,2018-01-24 11:28:24.954,1.071505
2050,2018-01-24 11:28:25.054,1.071505
2051,2018-01-24 11:28:25.154,1.071505
2052,2018-01-24 11:28:25.254,1.172013
2053,2018-01-24 11:28:25.354,1.172013
2054,2018-01-24 11:28:25.454,1.172013
2055,2018-01-24 11:28:25.554,1.172013
2056,2018-01-24 11:28:25.654,1.172013
2057,2018-01-24 11:28:25.755,1.172013
2058,2018-01-24 11:28:25.855,1.172013
2059,2018-01-24 11:28:25.952,1.172013
2060,2018-01-24 11:28:26.052,1.172013
2061,2018-01-24 11:28:26.152,1.172013
2062,2018-01-24 11:28:26.252,1.249092
2063,2018-01-24 11:28:26.352,1.249092
2064,2018-01-24 11:28:26.452,1.249092
2065,2018-01-24 11:28:26.552,1.249092
2066,2018-01-24 11:28:26.652,1.249092
2067,2018-01-24 11:28:26.752,1.249092
2068,2018-01-24 11:28:26.852,1.249092
2069,2018-01-24 11:28:26.952,1.249092
2070,2018-01-24 11:28:27.052,1.249092
2071,2018-01-24 11:28:27.152,1.249092
2072,2018-01-24 11:28:27.252,1.284881
2073,2018-01-24 11:28:27.352,1.284881
2074,2018-01-24 11:28:27.452,1.284881
2075,2018-01-24 11:28:27.552,1.284881
2076,2018-01-24 11:28:27.652,1.284881
2077,2018-01-24 11:28:27.752,1.284881
2078,2018-01-24 11:28:27.852,1.284881
2079,2018-01-24 11:28:27.953,1.284881
2080,2018-01-24 11:28:28.053,1.284881
2081,2018-01-24 11:28:28.153,1.284881
2082,2018-01-24 11:28:28.253,1.260048
2083,2018-01-24 11:28:28.353,1.260048
2084,2018-01-24 11:28:28.453,1.260048
2085,2018-01-24 11:28:28.553,1.260048
2086,2018-01-24 11:28:28.653,1.260048
2087,2018-01-24 11:28:28.753,1.260048
2088,2018-01-24 11:28:28.853,1.260048
2089,2018-01-24 11:28:28.953,1.260048
2090,2018-01-24 11:28:29.053,1.260048
2091,2018-01-24 11:28:29.153,1.260048
2092,2018-01-24 11:28:29.253,1.170829
2093,2018-01-24 11:28:29.353,1.170829
2094,2018-01-24 11:28:29.453,1.170829
2095,2018-01-24 11:28:29.553,1.170829
2096,2018-01-24 11:28:29.653,1.170829
2097,2018-01-24 11:28:29.753,1.170829
2098,2018-01-24 11:28:29.853,1.170829
2099,2018-01-24 11:28:29.953,1.170829
2100,2018-01-24 11:28:30.053,1.170829
2101,2018-01-24 11:28:30.153,1.170829
2102,2018-01-24 11:28:30.253,1.161162
2103,2018-01-24 11:28:30.353,1.161162
2104,2018-01-24 11:28:30.453,1.161162
2105,2018-01-24 11:28:30.553,1.161162
2106,2018-01-24 11:28:30.653,1.161162
2107,2018-01-24 11:28:30.753,1.161162
2108,2018-01-24 11:28:30.853,1.161162
2109,2018-01-24 11:28:30.952,1.161162
2110,2018-01-24 11:28:31.053,1.161162
2111,2018-01-24 11:28:31.153,1.161162
2112,2018-01-24 11:28:31.253,1.254991
2113,2018-01-24 11:28:31.353,1.254991
2114,2018-01-24 11:28:31.453,1.254991
2115,2018-01-24 11:28:31.553,1.254991
2116,2018-01-24 11:28:31.653,1.254991
2117,2018-01-24 11:28:31.753,1.254991
2118,2018-01-24 11:28:31.853,1.254991
2119,2018-01-24 11:28:31.954,1.254991
2120,2018-01-24 11:28:32.053,1.254991
2121,2018-01-24 11:28:32.154,1.254991
2122,2018-01-24 11:28:32.254,1.422392
2123,2018-01-24 11:28:32.354,1.422392
2124,2018-01-24 11:28:32.453,1.422392
2125,2018-01-24 11:28:32.554,1.422392
2126,2018-01-24 11:28:32.653,1.422392
2127,2018-01-24 11:28:32.753,1.422392
2128,2018-01-24 11:28:32.853,1.422392
2129,2018-01-24 11:28:32.953,1.422392
2130,2018-01-24 11:28:33.053,1.422392
2131,2018-01-24 11:28:33.153,1.422392
2132,2018-01-24 11:28:33.253,1.53954
2133,2018-01-24 11:28:33.353,1.53954
2134,2018-01-24 11:28:33.453,1.53954
2135,2018-01-24 11:28:33.553,1.53954
2136,2018-01-24 11:28:33.653,1.53954
2137,2018-01-24 11:28:33.753,1.53954
2138,2018-01-24 11:28:33.854,1.53954
2139,2018-01-24 11:28:33.954,1.53954
2140,2018-01-24 11:28:34.054,1.53954
2141,2018-01-24 11:28:34.154,1.53954
2142,2018-01-24 11:28:34.254,1.519691
2143,2018-01-24 11:28:34.355,1.519691
2144,2018-01-24 11:28:34.455,1.519691
2145,2018-01-24 11:28:34.554,1.519691
2146,2018-01-24 11:28:34.654,1.519691
2147,2018-01-24 11:28:34.754,1.519691
2148,2018-01-24 11:28:34.854,1.519691
2149,2018-01-24 11:28:34.954,1.519691
2150,2018-01-24 11:28:35.054,1.519691
2151,2018-01-24 11:28:35.154,1.519691
2152,2018-01-24 11:28:35.254,1.462501
2153,2018-01-24 11:28:35.354,1.462501
2154,2018-01-24 11:28:35.454,1.462501
2155,2018-01-24 11:28:35.554,1.462501
2156,2018-01-24 11:28:35.654,1.462501
2157,2018-01-24 11:28:35.754,1.462501
2158,2018-01-24 11:28:35.853,1.462501
2159,2018-01-24 11:28:35.952,1.462501
2160,2018-01-24 11:28:36.053,1.462501
2161,2018-01-24 11:28:36.152,1.462501
2162,2018-01-24 11:28:36.252,1.393025
2163,2018-01-24 11:28:36.353,1.393025
2164,2018-01-24 11:28:36.452,1.393025
2165,2018-01-24 11:28:36.553,1.393025
2166,2018-01-24 11:28:36.652,1.393025
2167,2018-01-24 11:28:36.753,1.393025
2168,2018-01-24 11:28:36.852,1.393025
2169,2018-01-24 11:28:36.952,1.393025
2170,2018-01-24 11:28:37.053,1.393025
2171,2018-01-24 11:28:37.153,1.393025
2172,2018-01-24 11:28:37.253,1.345575
2173,2018-01-24 11:28:37.353,1.345575
2174,2018-01-24 11:28:37.453,1.345575
2175,2018-01-24 11:28:37.553,1.345575
2176,2018-01-24 11:28:37.653,1.345575
2177,2018-01-24 11:28:37.754,1.345575
2178,2018-01-24 11:28:37.854,1.345575
2179,2018-01-24 11:28:37.953,1.345575
2180,2018-01-24 11:28:38.054,1.345575
2181,2018-01-24 11:28:38.154,1.345575
2182,2018-01-24 11:28:38.253,1.3167209999999998
2183,2018-01-24 11:28:38.354,1.3167209999999998
2184,2018-01-24 11:28:38.453,1.3167209999999998
2185,2018-01-24 11:28:38.553,1.3167209999999998
2186,2018-01-24 11:28:38.653,1.3167209999999998
2187,2018-01-24 11:28:38.753,1.3167209999999998
2188,2018-01-24 11:28:38.853,1.3167209999999998
2189,2018-01-24 11:28:38.953,1.3167209999999998
2190,2018-01-24 11:28:39.053,1.3167209999999998
2191,2018-01-24 11:28:39.153,1.3167209999999998
2192,2018-01-24 11:28:39.253,1.335243
2193,2018-01-24 11:28:39.353,1.335243
2194,2018-01-24 11:28:39.453,1.335243
2195,2018-01-24 11:28:39.553,1.335243
2196,2018-01-24 11:28:39.653,1.335243
2197,2018-01-24 11:28:39.753,1.335243
2198,2018-01-24 11:28:39.854,1.335243
2199,2018-01-24 11:28:39.953,1.335243
2200,2018-01-24 11:28:40.054,1.335243
2201,2018-01-24 11:28:40.154,1.335243
2202,2018-01-24 11:28:40.254,1.3350229999999998
2203,2018-01-24 11:28:40.355,1.3350229999999998
2204,2018-01-24 11:28:40.455,1.3350229999999998
2205,2018-01-24 11:28:40.555,1.3350229999999998
2206,2018-01-24 11:28:40.654,1.3350229999999998
2207,2018-01-24 11:28:40.754,1.3350229999999998
2208,2018-01-24 11:28:40.853,1.3350229999999998
2209,2018-01-24 11:28:40.953,1.3350229999999998
2210,2018-01-24 11:28:41.053,1.3350229999999998
2211,2018-01-24 11:28:41.153,1.3350229999999998
2212,2018-01-24 11:28:41.253,1.279016
2213,2018-01-24 11:28:41.353,1.279016
2214,2018-01-24 11:28:41.453,1.279016
2215,2018-01-24 11:28:41.553,1.279016
2216,2018-01-24 11:28:41.653,1.279016
2217,2018-01-24 11:28:41.754,1.279016
2218,2018-01-24 11:28:41.854,1.279016
2219,2018-01-24 11:28:41.954,1.279016
2220,2018-01-24 11:28:42.054,1.279016
2221,2018-01-24 11:28:42.154,1.279016
2222,2018-01-24 11:28:42.254,1.099221
2223,2018-01-24 11:28:42.354,1.099221
2224,2018-01-24 11:28:42.453,1.099221
2225,2018-01-24 11:28:42.554,1.099221
2226,2018-01-24 11:28:42.654,1.099221
2227,2018-01-24 11:28:42.753,1.099221
2228,2018-01-24 11:28:42.853,1.099221
2229,2018-01-24 11:28:42.953,1.099221
2230,2018-01-24 11:28:43.054,1.099221
2231,2018-01-24 11:28:43.154,1.099221
2232,2018-01-24 11:28:43.254,0.8956270000000001
2233,2018-01-24 11:28:43.354,0.8956270000000001
2234,2018-01-24 11:28:43.454,0.8956270000000001
2235,2018-01-24 11:28:43.554,0.8956270000000001
2236,2018-01-24 11:28:43.654,0.8956270000000001
2237,2018-01-24 11:28:43.755,0.8956270000000001
2238,2018-01-24 11:28:43.855,0.8956270000000001
2239,2018-01-24 11:28:43.954,0.8956270000000001
2240,2018-01-24 11:28:44.055,0.8956270000000001
2241,2018-01-24 11:28:44.155,0.8956270000000001
2242,2018-01-24 11:28:44.255,0.8036800000000001
2243,2018-01-24 11:28:44.355,0.8036800000000001
2244,2018-01-24 11:28:44.454,0.8036800000000001
2245,2018-01-24 11:28:44.555,0.8036800000000001
2246,2018-01-24 11:28:44.654,0.8036800000000001
2247,2018-01-24 11:28:44.754,0.8036800000000001
2248,2018-01-24 11:28:44.854,0.8036800000000001
2249,2018-01-24 11:28:44.954,0.8036800000000001
2250,2018-01-24 11:28:45.054,0.8036800000000001
2251,2018-01-24 11:28:45.154,0.8036800000000001
2252,2018-01-24 11:28:45.254,0.8697969999999999
2253,2018-01-24 11:28:45.354,0.8697969999999999
2254,2018-01-24 11:28:45.454,0.8697969999999999
2255,2018-01-24 11:28:45.554,0.8697969999999999
2256,2018-01-24 11:28:45.654,0.8697969999999999
2257,2018-01-24 11:28:45.755,0.8697969999999999
2258,2018-01-24 11:28:45.852,0.8697969999999999
2259,2018-01-24 11:28:45.952,0.8697969999999999
2260,2018-01-24 11:28:46.052,0.8697969999999999
2261,2018-01-24 11:28:46.153,0.8697969999999999
2262,2018-01-24 11:28:46.253,1.021219
2263,2018-01-24 11:28:46.353,1.021219
2264,2018-01-24 11:28:46.453,1.021219
2265,2018-01-24 11:28:46.553,1.021219
2266,2018-01-24 11:28:46.653,1.021219
2267,2018-01-24 11:28:46.753,1.021219
2268,2018-01-24 11:28:46.853,1.021219
2269,2018-01-24 11:28:46.953,1.021219
2270,2018-01-24 11:28:47.053,1.021219
2271,2018-01-24 11:28:47.153,1.021219
2272,2018-01-24 11:28:47.253,1.116043
2273,2018-01-24 11:28:47.353,1.116043
2274,2018-01-24 11:28:47.453,1.116043
2275,2018-01-24 11:28:47.553,1.116043
2276,2018-01-24 11:28:47.653,1.116043
2277,2018-01-24 11:28:47.753,1.116043
2278,2018-01-24 11:28:47.853,1.116043
2279,2018-01-24 11:28:47.953,1.116043
2280,2018-01-24 11:28:48.053,1.116043
2281,2018-01-24 11:28:48.153,1.116043
2282,2018-01-24 11:28:48.253,1.023508
2283,2018-01-24 11:28:48.353,1.023508
2284,2018-01-24 11:28:48.453,1.023508
2285,2018-01-24 11:28:48.553,1.023508
2286,2018-01-24 11:28:48.653,1.023508
2287,2018-01-24 11:28:48.753,1.023508
2288,2018-01-24 11:28:48.853,1.023508
2289,2018-01-24 11:28:48.953,1.023508
2290,2018-01-24 11:28:49.054,1.023508
2291,2018-01-24 11:28:49.154,1.023508
2292,2018-01-24 11:28:49.254,0.827441
2293,2018-01-24 11:28:49.355,0.827441
2294,2018-01-24 11:28:49.454,0.827441
2295,2018-01-24 11:28:49.554,0.827441
2296,2018-01-24 11:28:49.654,0.827441
2297,2018-01-24 11:28:49.754,0.827441
2298,2018-01-24 11:28:49.854,0.827441
2299,2018-01-24 11:28:49.954,0.827441
2300,2018-01-24 11:28:50.054,0.827441
2301,2018-01-24 11:28:50.154,0.827441
2302,2018-01-24 11:28:50.254,0.6604479999999999
2303,2018-01-24 11:28:50.354,0.6604479999999999
2304,2018-01-24 11:28:50.454,0.6604479999999999
2305,2018-01-24 11:28:50.554,0.6604479999999999
2306,2018-01-24 11:28:50.654,0.6604479999999999
2307,2018-01-24 11:28:50.754,0.6604479999999999
2308,2018-01-24 11:28:50.853,0.6604479999999999
2309,2018-01-24 11:28:50.953,0.6604479999999999
2310,2018-01-24 11:28:51.053,0.6604479999999999
2311,2018-01-24 11:28:51.153,0.6604479999999999
2312,2018-01-24 11:28:51.253,0.572079
2313,2018-01-24 11:28:51.353,0.572079
2314,2018-01-24 11:28:51.453,0.572079
2315,2018-01-24 11:28:51.553,0.572079
2316,2018-01-24 11:28:51.653,0.572079
2317,2018-01-24 11:28:51.754,0.572079
2318,2018-01-24 11:28:51.854,0.572079
2319,2018-01-24 11:28:51.954,0.572079
2320,2018-01-24 11:28:52.053,0.572079
2321,2018-01-24 11:28:52.155,0.572079
2322,2018-01-24 11:28:52.254,0.577095
2323,2018-01-24 11:28:52.354,0.577095
2324,2018-01-24 11:28:52.455,0.577095
2325,2018-01-24 11:28:52.555,0.577095
2326,2018-01-24 11:28:52.654,0.577095
2327,2018-01-24 11:28:52.754,0.577095
2328,2018-01-24 11:28:52.854,0.577095
2329,2018-01-24 11:28:52.954,0.577095
2330,2018-01-24 11:28:53.054,0.577095
2331,2018-01-24 11:28:53.154,0.577095
2332,2018-01-24 11:28:53.254,0.660665
2333,2018-01-24 11:28:53.354,0.660665
2334,2018-01-24 11:28:53.454,0.660665
2335,2018-01-24 11:28:53.554,0.660665
2336,2018-01-24 11:28:53.654,0.660665
2337,2018-01-24 11:28:53.754,0.660665
2338,2018-01-24 11:28:53.854,0.660665
2339,2018-01-24 11:28:53.954,0.660665
2340,2018-01-24 11:28:54.054,0.660665
2341,2018-01-24 11:28:54.154,0.660665
2342,2018-01-24 11:28:54.255,0.8608279999999999
2343,2018-01-24 11:28:54.354,0.8608279999999999
2344,2018-01-24 11:28:54.455,0.8608279999999999
2345,2018-01-24 11:28:54.554,0.8608279999999999
2346,2018-01-24 11:28:54.654,0.8608279999999999
2347,2018-01-24 11:28:54.755,0.8608279999999999
2348,2018-01-24 11:28:54.854,0.8608279999999999
2349,2018-01-24 11:28:54.954,0.8608279999999999
2350,2018-01-24 11:28:55.055,0.8608279999999999
2351,2018-01-24 11:28:55.155,0.8608279999999999
2352,2018-01-24 11:28:55.255,1.133753
2353,2018-01-24 11:28:55.355,1.133753
2354,2018-01-24 11:28:55.455,1.133753
2355,2018-01-24 11:28:55.555,1.133753
2356,2018-01-24 11:28:55.655,1.133753
2357,2018-01-24 11:28:55.755,1.133753
2358,2018-01-24 11:28:55.853,1.133753
2359,2018-01-24 11:28:55.953,1.133753
2360,2018-01-24 11:28:56.053,1.133753
2361,2018-01-24 11:28:56.153,1.133753
2362,2018-01-24 11:28:56.253,1.3164280000000002
2363,2018-01-24 11:28:56.353,1.3164280000000002
2364,2018-01-24 11:28:56.453,1.3164280000000002
2365,2018-01-24 11:28:56.553,1.3164280000000002
2366,2018-01-24 11:28:56.653,1.3164280000000002
2367,2018-01-24 11:28:56.753,1.3164280000000002
2368,2018-01-24 11:28:56.853,1.3164280000000002
2369,2018-01-24 11:28:56.953,1.3164280000000002
2370,2018-01-24 11:28:57.053,1.3164280000000002
2371,2018-01-24 11:28:57.153,1.3164280000000002
2372,2018-01-24 11:28:57.253,1.328603
2373,2018-01-24 11:28:57.353,1.328603
2374,2018-01-24 11:28:57.453,1.328603
2375,2018-01-24 11:28:57.553,1.328603
2376,2018-01-24 11:28:57.653,1.328603
2377,2018-01-24 11:28:57.753,1.328603
2378,2018-01-24 11:28:57.853,1.328603
2379,2018-01-24 11:28:57.953,1.328603
2380,2018-01-24 11:28:58.054,1.328603
2381,2018-01-24 11:28:58.154,1.328603
2382,2018-01-24 11:28:58.254,1.173526
2383,2018-01-24 11:28:58.354,1.173526
2384,2018-01-24 11:28:58.454,1.173526
2385,2018-01-24 11:28:58.554,1.173526
2386,2018-01-24 11:28:58.654,1.173526
2387,2018-01-24 11:28:58.754,1.173526
2388,2018-01-24 11:28:58.854,1.173526
2389,2018-01-24 11:28:58.954,1.173526
2390,2018-01-24 11:28:59.054,1.173526
2391,2018-01-24 11:28:59.154,1.173526
2392,2018-01-24 11:28:59.254,1.070547
2393,2018-01-24 11:28:59.354,1.070547
2394,2018-01-24 11:28:59.454,1.070547
2395,2018-01-24 11:28:59.554,1.070547
2396,2018-01-24 11:28:59.654,1.070547
2397,2018-01-24 11:28:59.754,1.070547
2398,2018-01-24 11:28:59.854,1.070547
2399,2018-01-24 11:28:59.954,1.070547
2400,2018-01-24 11:29:00.054,1.070547
2401,2018-01-24 11:29:00.154,1.070547
2402,2018-01-24 11:29:00.254,1.108366
2403,2018-01-24 11:29:00.354,1.108366
2404,2018-01-24 11:29:00.454,1.108366
2405,2018-01-24 11:29:00.554,1.108366
2406,2018-01-24 11:29:00.654,1.108366
2407,2018-01-24 11:29:00.754,1.108366
2408,2018-01-24 11:29:00.853,1.108366
2409,2018-01-24 11:29:00.953,1.108366
2410,2018-01-24 11:29:01.054,1.108366
2411,2018-01-24 11:29:01.154,1.108366
2412,2018-01-24 11:29:01.254,1.274326
2413,2018-01-24 11:29:01.354,1.274326
2414,2018-01-24 11:29:01.454,1.274326
2415,2018-01-24 11:29:01.554,1.274326
2416,2018-01-24 11:29:01.654,1.274326
2417,2018-01-24 11:29:01.754,1.274326
2418,2018-01-24 11:29:01.854,1.274326
2419,2018-01-24 11:29:01.954,1.274326
2420,2018-01-24 11:29:02.054,1.274326
2421,2018-01-24 11:29:02.154,1.274326
2422,2018-01-24 11:29:02.254,1.472275
2423,2018-01-24 11:29:02.354,1.472275
2424,2018-01-24 11:29:02.455,1.472275
2425,2018-01-24 11:29:02.554,1.472275
2426,2018-01-24 11:29:02.654,1.472275
2427,2018-01-24 11:29:02.755,1.472275
2428,2018-01-24 11:29:02.854,1.472275
2429,2018-01-24 11:29:02.954,1.472275
2430,2018-01-24 11:29:03.054,1.472275
2431,2018-01-24 11:29:03.154,1.472275
2432,2018-01-24 11:29:03.254,1.6844290000000002
2433,2018-01-24 11:29:03.354,1.6844290000000002
2434,2018-01-24 11:29:03.454,1.6844290000000002
2435,2018-01-24 11:29:03.554,1.6844290000000002
2436,2018-01-24 11:29:03.654,1.6844290000000002
2437,2018-01-24 11:29:03.754,1.6844290000000002
2438,2018-01-24 11:29:03.855,1.6844290000000002
2439,2018-01-24 11:29:03.954,1.6844290000000002
2440,2018-01-24 11:29:04.054,1.6844290000000002
2441,2018-01-24 11:29:04.155,1.6844290000000002
2442,2018-01-24 11:29:04.255,1.881126
2443,2018-01-24 11:29:04.355,1.881126
2444,2018-01-24 11:29:04.455,1.881126
2445,2018-01-24 11:29:04.555,1.881126
2446,2018-01-24 11:29:04.655,1.881126
2447,2018-01-24 11:29:04.755,1.881126
2448,2018-01-24 11:29:04.855,1.881126
2449,2018-01-24 11:29:04.955,1.881126
2450,2018-01-24 11:29:05.055,1.881126
2451,2018-01-24 11:29:05.155,1.881126
2452,2018-01-24 11:29:05.255,2.064392
2453,2018-01-24 11:29:05.355,2.064392
2454,2018-01-24 11:29:05.455,2.064392
2455,2018-01-24 11:29:05.555,2.064392
2456,2018-01-24 11:29:05.655,2.064392
2457,2018-01-24 11:29:05.756,2.064392
2458,2018-01-24 11:29:05.854,2.064392
2459,2018-01-24 11:29:05.953,2.064392
2460,2018-01-24 11:29:06.053,2.064392
2461,2018-01-24 11:29:06.154,2.064392
2462,2018-01-24 11:29:06.253,2.1808009999999998
2463,2018-01-24 11:29:06.353,2.1808009999999998
2464,2018-01-24 11:29:06.454,2.1808009999999998
2465,2018-01-24 11:29:06.554,2.1808009999999998
2466,2018-01-24 11:29:06.653,2.1808009999999998
2467,2018-01-24 11:29:06.754,2.1808009999999998
2468,2018-01-24 11:29:06.853,2.1808009999999998
2469,2018-01-24 11:29:06.953,2.1808009999999998
2470,2018-01-24 11:29:07.053,2.1808009999999998
2471,2018-01-24 11:29:07.153,2.1808009999999998
2472,2018-01-24 11:29:07.254,2.2333790000000002
2473,2018-01-24 11:29:07.354,2.2333790000000002
2474,2018-01-24 11:29:07.454,2.2333790000000002
2475,2018-01-24 11:29:07.554,2.2333790000000002
2476,2018-01-24 11:29:07.654,2.2333790000000002
2477,2018-01-24 11:29:07.755,2.2333790000000002
2478,2018-01-24 11:29:07.855,2.2333790000000002
2479,2018-01-24 11:29:07.954,2.2333790000000002
2480,2018-01-24 11:29:08.055,2.2333790000000002
2481,2018-01-24 11:29:08.155,2.2333790000000002
2482,2018-01-24 11:29:08.254,2.255001
2483,2018-01-24 11:29:08.354,2.255001
2484,2018-01-24 11:29:08.454,2.255001
2485,2018-01-24 11:29:08.555,2.255001
2486,2018-01-24 11:29:08.655,2.255001
2487,2018-01-24 11:29:08.755,2.255001
2488,2018-01-24 11:29:08.854,2.255001
2489,2018-01-24 11:29:08.954,2.255001
2490,2018-01-24 11:29:09.054,2.255001
2491,2018-01-24 11:29:09.154,2.255001
2492,2018-01-24 11:29:09.254,2.229136
2493,2018-01-24 11:29:09.354,2.229136
2494,2018-01-24 11:29:09.454,2.229136
2495,2018-01-24 11:29:09.554,2.229136
2496,2018-01-24 11:29:09.654,2.229136
2497,2018-01-24 11:29:09.755,2.229136
2498,2018-01-24 11:29:09.855,2.229136
2499,2018-01-24 11:29:09.954,2.229136
2500,2018-01-24 11:29:10.056,2.229136
2501,2018-01-24 11:29:10.155,2.229136
2502,2018-01-24 11:29:10.256,2.219913
2503,2018-01-24 11:29:10.356,2.219913
2504,2018-01-24 11:29:10.456,2.219913
2505,2018-01-24 11:29:10.556,2.219913
2506,2018-01-24 11:29:10.655,2.219913
2507,2018-01-24 11:29:10.756,2.219913
2508,2018-01-24 11:29:10.853,2.219913
2509,2018-01-24 11:29:10.953,2.219913
2510,2018-01-24 11:29:11.053,2.219913
2511,2018-01-24 11:29:11.153,2.219913
2512,2018-01-24 11:29:11.253,2.184641
2513,2018-01-24 11:29:11.353,2.184641
2514,2018-01-24 11:29:11.453,2.184641
2515,2018-01-24 11:29:11.553,2.184641
2516,2018-01-24 11:29:11.653,2.184641
2517,2018-01-24 11:29:11.754,2.184641
2518,2018-01-24 11:29:11.854,2.184641
2519,2018-01-24 11:29:11.953,2.184641
2520,2018-01-24 11:29:12.053,2.184641
2521,2018-01-24 11:29:12.154,2.184641
2522,2018-01-24 11:29:12.253,2.183904
2523,2018-01-24 11:29:12.354,2.183904
2524,2018-01-24 11:29:12.454,2.183904
2525,2018-01-24 11:29:12.553,2.183904
2526,2018-01-24 11:29:12.653,2.183904
2527,2018-01-24 11:29:12.754,2.183904
2528,2018-01-24 11:29:12.853,2.183904
2529,2018-01-24 11:29:12.953,2.183904
2530,2018-01-24 11:29:13.053,2.183904
2531,2018-01-24 11:29:13.153,2.183904
2532,2018-01-24 11:29:13.254,2.199843
2533,2018-01-24 11:29:13.354,2.199843
2534,2018-01-24 11:29:13.454,2.199843
2535,2018-01-24 11:29:13.554,2.199843
2536,2018-01-24 11:29:13.654,2.199843
2537,2018-01-24 11:29:13.755,2.199843
2538,2018-01-24 11:29:13.855,2.199843
2539,2018-01-24 11:29:13.955,2.199843
2540,2018-01-24 11:29:14.054,2.199843
2541,2018-01-24 11:29:14.155,2.199843
2542,2018-01-24 11:29:14.254,2.219361
2543,2018-01-24 11:29:14.354,2.219361
2544,2018-01-24 11:29:14.454,2.219361
2545,2018-01-24 11:29:14.555,2.219361
2546,2018-01-24 11:29:14.654,2.219361
2547,2018-01-24 11:29:14.754,2.219361
2548,2018-01-24 11:29:14.854,2.219361
2549,2018-01-24 11:29:14.954,2.219361
2550,2018-01-24 11:29:15.054,2.219361
2551,2018-01-24 11:29:15.154,2.219361
2552,2018-01-24 11:29:15.254,2.167668
2553,2018-01-24 11:29:15.354,2.167668
2554,2018-01-24 11:29:15.454,2.167668
2555,2018-01-24 11:29:15.554,2.167668
2556,2018-01-24 11:29:15.654,2.167668
2557,2018-01-24 11:29:15.754,2.167668
2558,2018-01-24 11:29:15.852,2.167668
2559,2018-01-24 11:29:15.952,2.167668
2560,2018-01-24 11:29:16.053,2.167668
2561,2018-01-24 11:29:16.153,2.167668
2562,2018-01-24 11:29:16.253,2.00787
2563,2018-01-24 11:29:16.354,2.00787
2564,2018-01-24 11:29:16.453,2.00787
2565,2018-01-24 11:29:16.554,2.00787
2566,2018-01-24 11:29:16.653,2.00787
2567,2018-01-24 11:29:16.754,2.00787
2568,2018-01-24 11:29:16.853,2.00787
2569,2018-01-24 11:29:16.953,2.00787
2570,2018-01-24 11:29:17.053,2.00787
2571,2018-01-24 11:29:17.153,2.00787
2572,2018-01-24 11:29:17.253,1.7826909999999998
2573,2018-01-24 11:29:17.353,1.7826909999999998
2574,2018-01-24 11:29:17.453,1.7826909999999998
2575,2018-01-24 11:29:17.553,1.7826909999999998
2576,2018-01-24 11:29:17.653,1.7826909999999998
2577,2018-01-24 11:29:17.754,1.7826909999999998
2578,2018-01-24 11:29:17.854,1.7826909999999998
2579,2018-01-24 11:29:17.953,1.7826909999999998
2580,2018-01-24 11:29:18.053,1.7826909999999998
2581,2018-01-24 11:29:18.154,1.7826909999999998
2582,2018-01-24 11:29:18.253,1.605515
2583,2018-01-24 11:29:18.354,1.605515
2584,2018-01-24 11:29:18.454,1.605515
2585,2018-01-24 11:29:18.554,1.605515
2586,2018-01-24 11:29:18.653,1.605515
2587,2018-01-24 11:29:18.755,1.605515
2588,2018-01-24 11:29:18.853,1.605515
2589,2018-01-24 11:29:18.953,1.605515
2590,2018-01-24 11:29:19.053,1.605515
2591,2018-01-24 11:29:19.153,1.605515
2592,2018-01-24 11:29:19.254,1.4494049999999998
2593,2018-01-24 11:29:19.354,1.4494049999999998
2594,2018-01-24 11:29:19.454,1.4494049999999998
2595,2018-01-24 11:29:19.554,1.4494049999999998
2596,2018-01-24 11:29:19.654,1.4494049999999998
2597,2018-01-24 11:29:19.754,1.4494049999999998
2598,2018-01-24 11:29:19.854,1.4494049999999998
2599,2018-01-24 11:29:19.954,1.4494049999999998
2600,2018-01-24 11:29:20.054,1.4494049999999998
2601,2018-01-24 11:29:20.154,1.4494049999999998
2602,2018-01-24 11:29:20.255,1.3768280000000002
2603,2018-01-24 11:29:20.355,1.3768280000000002
2604,2018-01-24 11:29:20.454,1.3768280000000002
2605,2018-01-24 11:29:20.554,1.3768280000000002
2606,2018-01-24 11:29:20.654,1.3768280000000002
2607,2018-01-24 11:29:20.755,1.3768280000000002
2608,2018-01-24 11:29:20.853,1.3768280000000002
2609,2018-01-24 11:29:20.953,1.3768280000000002
2610,2018-01-24 11:29:21.053,1.3768280000000002
2611,2018-01-24 11:29:21.153,1.3768280000000002
2612,2018-01-24 11:29:21.253,1.30399
2613,2018-01-24 11:29:21.353,1.30399
2614,2018-01-24 11:29:21.453,1.30399
2615,2018-01-24 11:29:21.553,1.30399
2616,2018-01-24 11:29:21.653,1.30399
2617,2018-01-24 11:29:21.753,1.30399
2618,2018-01-24 11:29:21.853,1.30399
2619,2018-01-24 11:29:21.953,1.30399
2620,2018-01-24 11:29:22.053,1.30399
2621,2018-01-24 11:29:22.153,1.30399
2622,2018-01-24 11:29:22.255,1.266979
2623,2018-01-24 11:29:22.354,1.266979
2624,2018-01-24 11:29:22.454,1.266979
2625,2018-01-24 11:29:22.554,1.266979
2626,2018-01-24 11:29:22.654,1.266979
2627,2018-01-24 11:29:22.754,1.266979
2628,2018-01-24 11:29:22.854,1.266979
2629,2018-01-24 11:29:22.954,1.266979
2630,2018-01-24 11:29:23.054,1.266979
2631,2018-01-24 11:29:23.154,1.266979
2632,2018-01-24 11:29:23.254,1.190307
2633,2018-01-24 11:29:23.354,1.190307
2634,2018-01-24 11:29:23.454,1.190307
2635,2018-01-24 11:29:23.554,1.190307
2636,2018-01-24 11:29:23.654,1.190307
2637,2018-01-24 11:29:23.754,1.190307
2638,2018-01-24 11:29:23.854,1.190307
2639,2018-01-24 11:29:23.954,1.190307
2640,2018-01-24 11:29:24.054,1.190307
2641,2018-01-24 11:29:24.154,1.190307
2642,2018-01-24 11:29:24.255,1.039033
2643,2018-01-24 11:29:24.354,1.039033
2644,2018-01-24 11:29:24.454,1.039033
2645,2018-01-24 11:29:24.554,1.039033
2646,2018-01-24 11:29:24.654,1.039033
2647,2018-01-24 11:29:24.755,1.039033
2648,2018-01-24 11:29:24.854,1.039033
2649,2018-01-24 11:29:24.954,1.039033
2650,2018-01-24 11:29:25.054,1.039033
2651,2018-01-24 11:29:25.155,1.039033
2652,2018-01-24 11:29:25.255,0.8882389999999999
2653,2018-01-24 11:29:25.355,0.8882389999999999
2654,2018-01-24 11:29:25.455,0.8882389999999999
2655,2018-01-24 11:29:25.555,0.8882389999999999
2656,2018-01-24 11:29:25.655,0.8882389999999999
2657,2018-01-24 11:29:25.755,0.8882389999999999
2658,2018-01-24 11:29:25.853,0.8882389999999999
2659,2018-01-24 11:29:25.953,0.8882389999999999
2660,2018-01-24 11:29:26.054,0.8882389999999999
2661,2018-01-24 11:29:26.154,0.8882389999999999
2662,2018-01-24 11:29:26.254,0.8452919999999999
2663,2018-01-24 11:29:26.353,0.8452919999999999
2664,2018-01-24 11:29:26.453,0.8452919999999999
2665,2018-01-24 11:29:26.553,0.8452919999999999
2666,2018-01-24 11:29:26.653,0.8452919999999999
2667,2018-01-24 11:29:26.754,0.8452919999999999
2668,2018-01-24 11:29:26.853,0.8452919999999999
2669,2018-01-24 11:29:26.953,0.8452919999999999
2670,2018-01-24 11:29:27.053,0.8452919999999999
2671,2018-01-24 11:29:27.153,0.8452919999999999
2672,2018-01-24 11:29:27.253,0.996455
2673,2018-01-24 11:29:27.353,0.996455
2674,2018-01-24 11:29:27.453,0.996455
2675,2018-01-24 11:29:27.553,0.996455
2676,2018-01-24 11:29:27.653,0.996455
2677,2018-01-24 11:29:27.754,0.996455
2678,2018-01-24 11:29:27.853,0.996455
2679,2018-01-24 11:29:27.953,0.996455
2680,2018-01-24 11:29:28.053,0.996455
2681,2018-01-24 11:29:28.155,0.996455
2682,2018-01-24 11:29:28.255,1.251812
2683,2018-01-24 11:29:28.354,1.251812
2684,2018-01-24 11:29:28.454,1.251812
2685,2018-01-24 11:29:28.554,1.251812
2686,2018-01-24 11:29:28.655,1.251812
2687,2018-01-24 11:29:28.755,1.251812
2688,2018-01-24 11:29:28.854,1.251812
2689,2018-01-24 11:29:28.954,1.251812
2690,2018-01-24 11:29:29.054,1.251812
2691,2018-01-24 11:29:29.154,1.251812
2692,2018-01-24 11:29:29.254,1.450829
2693,2018-01-24 11:29:29.354,1.450829
2694,2018-01-24 11:29:29.454,1.450829
2695,2018-01-24 11:29:29.554,1.450829
2696,2018-01-24 11:29:29.654,1.450829
2697,2018-01-24 11:29:29.754,1.450829
2698,2018-01-24 11:29:29.854,1.450829
2699,2018-01-24 11:29:29.954,1.450829
2700,2018-01-24 11:29:30.054,1.450829
2701,2018-01-24 11:29:30.154,1.450829
2702,2018-01-24 11:29:30.254,1.558049
2703,2018-01-24 11:29:30.355,1.558049
2704,2018-01-24 11:29:30.455,1.558049
2705,2018-01-24 11:29:30.554,1.558049
2706,2018-01-24 11:29:30.654,1.558049
2707,2018-01-24 11:29:30.755,1.558049
2708,2018-01-24 11:29:30.854,1.558049
2709,2018-01-24 11:29:30.953,1.558049
2710,2018-01-24 11:29:31.053,1.558049
2711,2018-01-24 11:29:31.153,1.558049
2712,2018-01-24 11:29:31.254,1.7024650000000001
2713,2018-01-24 11:29:31.353,1.7024650000000001
2714,2018-01-24 11:29:31.454,1.7024650000000001
2715,2018-01-24 11:29:31.554,1.7024650000000001
2716,2018-01-24 11:29:31.654,1.7024650000000001
2717,2018-01-24 11:29:31.754,1.7024650000000001
2718,2018-01-24 11:29:31.854,1.7024650000000001
2719,2018-01-24 11:29:31.954,1.7024650000000001
2720,2018-01-24 11:29:32.054,1.7024650000000001
2721,2018-01-24 11:29:32.154,1.7024650000000001
2722,2018-01-24 11:29:32.254,1.94285
2723,2018-01-24 11:29:32.354,1.94285
2724,2018-01-24 11:29:32.454,1.94285
2725,2018-01-24 11:29:32.554,1.94285
2726,2018-01-24 11:29:32.654,1.94285
2727,2018-01-24 11:29:32.754,1.94285
2728,2018-01-24 11:29:32.854,1.94285
2729,2018-01-24 11:29:32.954,1.94285
2730,2018-01-24 11:29:33.054,1.94285
2731,2018-01-24 11:29:33.154,1.94285
2732,2018-01-24 11:29:33.254,2.304441
2733,2018-01-24 11:29:33.354,2.304441
2734,2018-01-24 11:29:33.454,2.304441
2735,2018-01-24 11:29:33.554,2.304441
2736,2018-01-24 11:29:33.654,2.304441
2737,2018-01-24 11:29:33.754,2.304441
2738,2018-01-24 11:29:33.854,2.304441
2739,2018-01-24 11:29:33.954,2.304441
2740,2018-01-24 11:29:34.054,2.304441
2741,2018-01-24 11:29:34.154,2.304441
2742,2018-01-24 11:29:34.254,2.646806
2743,2018-01-24 11:29:34.355,2.646806
2744,2018-01-24 11:29:34.455,2.646806
2745,2018-01-24 11:29:34.555,2.646806
2746,2018-01-24 11:29:34.655,2.646806
2747,2018-01-24 11:29:34.755,2.646806
2748,2018-01-24 11:29:34.855,2.646806
2749,2018-01-24 11:29:34.955,2.646806
2750,2018-01-24 11:29:35.055,2.646806
2751,2018-01-24 11:29:35.155,2.646806
2752,2018-01-24 11:29:35.255,2.912313
2753,2018-01-24 11:29:35.355,2.912313
2754,2018-01-24 11:29:35.455,2.912313
2755,2018-01-24 11:29:35.555,2.912313
2756,2018-01-24 11:29:35.655,2.912313
2757,2018-01-24 11:29:35.755,2.912313
2758,2018-01-24 11:29:35.853,2.912313
2759,2018-01-24 11:29:35.953,2.912313
2760,2018-01-24 11:29:36.054,2.912313
2761,2018-01-24 11:29:36.153,2.912313
2762,2018-01-24 11:29:36.254,3.14568
2763,2018-01-24 11:29:36.354,3.14568
2764,2018-01-24 11:29:36.453,3.14568
2765,2018-01-24 11:29:36.554,3.14568
2766,2018-01-24 11:29:36.653,3.14568
2767,2018-01-24 11:29:36.754,3.14568
2768,2018-01-24 11:29:36.854,3.14568
2769,2018-01-24 11:29:36.953,3.14568
2770,2018-01-24 11:29:37.053,3.14568
2771,2018-01-24 11:29:37.154,3.14568
2772,2018-01-24 11:29:37.254,3.347871
2773,2018-01-24 11:29:37.354,3.347871
2774,2018-01-24 11:29:37.454,3.347871
2775,2018-01-24 11:29:37.554,3.347871
2776,2018-01-24 11:29:37.654,3.347871
2777,2018-01-24 11:29:37.754,3.347871
2778,2018-01-24 11:29:37.855,3.347871
2779,2018-01-24 11:29:37.954,3.347871
2780,2018-01-24 11:29:38.054,3.347871
2781,2018-01-24 11:29:38.155,3.347871
2782,2018-01-24 11:29:38.254,3.4676
2783,2018-01-24 11:29:38.355,3.4676
2784,2018-01-24 11:29:38.455,3.4676
2785,2018-01-24 11:29:38.554,3.4676
2786,2018-01-24 11:29:38.654,3.4676
2787,2018-01-24 11:29:38.755,3.4676
2788,2018-01-24 11:29:38.854,3.4676
2789,2018-01-24 11:29:38.954,3.4676
2790,2018-01-24 11:29:39.054,3.4676
2791,2018-01-24 11:29:39.154,3.4676
2792,2018-01-24 11:29:39.255,3.5137970000000003
2793,2018-01-24 11:29:39.354,3.5137970000000003
2794,2018-01-24 11:29:39.454,3.5137970000000003
2795,2018-01-24 11:29:39.554,3.5137970000000003
2796,2018-01-24 11:29:39.654,3.5137970000000003
2797,2018-01-24 11:29:39.754,3.5137970000000003
2798,2018-01-24 11:29:39.854,3.5137970000000003
2799,2018-01-24 11:29:39.955,3.5137970000000003
2800,2018-01-24 11:29:40.054,3.5137970000000003
2801,2018-01-24 11:29:40.155,3.5137970000000003
2802,2018-01-24 11:29:40.254,3.563021
2803,2018-01-24 11:29:40.354,3.563021
2804,2018-01-24 11:29:40.455,3.563021
2805,2018-01-24 11:29:40.556,3.563021
2806,2018-01-24 11:29:40.656,3.563021
2807,2018-01-24 11:29:40.755,3.563021
2808,2018-01-24 11:29:40.854,3.563021
2809,2018-01-24 11:29:40.955,3.563021
2810,2018-01-24 11:29:41.054,3.563021
2811,2018-01-24 11:29:41.154,3.563021
2812,2018-01-24 11:29:41.254,3.656925
2813,2018-01-24 11:29:41.354,3.656925
2814,2018-01-24 11:29:41.454,3.656925
2815,2018-01-24 11:29:41.554,3.656925
2816,2018-01-24 11:29:41.654,3.656925
2817,2018-01-24 11:29:41.754,3.656925
2818,2018-01-24 11:29:41.854,3.656925
2819,2018-01-24 11:29:41.954,3.656925
2820,2018-01-24 11:29:42.054,3.656925
2821,2018-01-24 11:29:42.154,3.656925
2822,2018-01-24 11:29:42.254,3.755181
2823,2018-01-24 11:29:42.354,3.755181
2824,2018-01-24 11:29:42.454,3.755181
2825,2018-01-24 11:29:42.554,3.755181
2826,2018-01-24 11:29:42.654,3.755181
2827,2018-01-24 11:29:42.754,3.755181
2828,2018-01-24 11:29:42.855,3.755181
2829,2018-01-24 11:29:42.954,3.755181
2830,2018-01-24 11:29:43.054,3.755181
2831,2018-01-24 11:29:43.154,3.755181
2832,2018-01-24 11:29:43.255,3.740457
2833,2018-01-24 11:29:43.355,3.740457
2834,2018-01-24 11:29:43.455,3.740457
2835,2018-01-24 11:29:43.555,3.740457
2836,2018-01-24 11:29:43.655,3.740457
2837,2018-01-24 11:29:43.755,3.740457
2838,2018-01-24 11:29:43.855,3.740457
2839,2018-01-24 11:29:43.955,3.740457
2840,2018-01-24 11:29:44.055,3.740457
2841,2018-01-24 11:29:44.155,3.740457
2842,2018-01-24 11:29:44.255,3.6103199999999998
2843,2018-01-24 11:29:44.355,3.6103199999999998
2844,2018-01-24 11:29:44.456,3.6103199999999998
2845,2018-01-24 11:29:44.555,3.6103199999999998
2846,2018-01-24 11:29:44.655,3.6103199999999998
2847,2018-01-24 11:29:44.755,3.6103199999999998
2848,2018-01-24 11:29:44.855,3.6103199999999998
2849,2018-01-24 11:29:44.955,3.6103199999999998
2850,2018-01-24 11:29:45.055,3.6103199999999998
2851,2018-01-24 11:29:45.155,3.6103199999999998
2852,2018-01-24 11:29:45.255,3.415875
2853,2018-01-24 11:29:45.355,3.415875
2854,2018-01-24 11:29:45.455,3.415875
2855,2018-01-24 11:29:45.555,3.415875
2856,2018-01-24 11:29:45.655,3.415875
2857,2018-01-24 11:29:45.755,3.415875
2858,2018-01-24 11:29:45.853,3.415875
2859,2018-01-24 11:29:45.953,3.415875
2860,2018-01-24 11:29:46.053,3.415875
2861,2018-01-24 11:29:46.153,3.415875
2862,2018-01-24 11:29:46.255,3.170146
2863,2018-01-24 11:29:46.354,3.170146
2864,2018-01-24 11:29:46.454,3.170146
2865,2018-01-24 11:29:46.554,3.170146
2866,2018-01-24 11:29:46.654,3.170146
2867,2018-01-24 11:29:46.755,3.170146
2868,2018-01-24 11:29:46.855,3.170146
2869,2018-01-24 11:29:46.955,3.170146
2870,2018-01-24 11:29:47.054,3.170146
2871,2018-01-24 11:29:47.154,3.170146
2872,2018-01-24 11:29:47.254,2.943159
2873,2018-01-24 11:29:47.354,2.943159
2874,2018-01-24 11:29:47.454,2.943159
2875,2018-01-24 11:29:47.554,2.943159
2876,2018-01-24 11:29:47.654,2.943159
2877,2018-01-24 11:29:47.754,2.943159
2878,2018-01-24 11:29:47.854,2.943159
2879,2018-01-24 11:29:47.954,2.943159
2880,2018-01-24 11:29:48.054,2.943159
2881,2018-01-24 11:29:48.155,2.943159
2882,2018-01-24 11:29:48.255,2.728346
2883,2018-01-24 11:29:48.355,2.728346
2884,2018-01-24 11:29:48.454,2.728346
2885,2018-01-24 11:29:48.554,2.728346
2886,2018-01-24 11:29:48.654,2.728346
2887,2018-01-24 11:29:48.755,2.728346
2888,2018-01-24 11:29:48.854,2.728346
2889,2018-01-24 11:29:48.954,2.728346
2890,2018-01-24 11:29:49.054,2.728346
2891,2018-01-24 11:29:49.154,2.728346
2892,2018-01-24 11:29:49.254,2.479181
2893,2018-01-24 11:29:49.355,2.479181
2894,2018-01-24 11:29:49.455,2.479181
2895,2018-01-24 11:29:49.555,2.479181
2896,2018-01-24 11:29:49.655,2.479181
2897,2018-01-24 11:29:49.755,2.479181
2898,2018-01-24 11:29:49.855,2.479181
2899,2018-01-24 11:29:49.955,2.479181
2900,2018-01-24 11:29:50.055,2.479181
2901,2018-01-24 11:29:50.155,2.479181
2902,2018-01-24 11:29:50.255,2.215443
2903,2018-01-24 11:29:50.355,2.215443
2904,2018-01-24 11:29:50.456,2.215443
2905,2018-01-24 11:29:50.555,2.215443
2906,2018-01-24 11:29:50.656,2.215443
2907,2018-01-24 11:29:50.756,2.215443
2908,2018-01-24 11:29:50.854,2.215443
2909,2018-01-24 11:29:50.954,2.215443
2910,2018-01-24 11:29:51.054,2.215443
2911,2018-01-24 11:29:51.154,2.215443
2912,2018-01-24 11:29:51.254,1.922225
2913,2018-01-24 11:29:51.354,1.922225
2914,2018-01-24 11:29:51.454,1.922225
2915,2018-01-24 11:29:51.554,1.922225
2916,2018-01-24 11:29:51.654,1.922225
2917,2018-01-24 11:29:51.754,1.922225
2918,2018-01-24 11:29:51.854,1.922225
2919,2018-01-24 11:29:51.954,1.922225
2920,2018-01-24 11:29:52.054,1.922225
2921,2018-01-24 11:29:52.155,1.922225
2922,2018-01-24 11:29:52.254,1.574769
2923,2018-01-24 11:29:52.355,1.574769
2924,2018-01-24 11:29:52.455,1.574769
2925,2018-01-24 11:29:52.555,1.574769
2926,2018-01-24 11:29:52.656,1.574769
2927,2018-01-24 11:29:52.755,1.574769
2928,2018-01-24 11:29:52.855,1.574769
2929,2018-01-24 11:29:52.955,1.574769
2930,2018-01-24 11:29:53.055,1.574769
2931,2018-01-24 11:29:53.155,1.574769
2932,2018-01-24 11:29:53.255,1.236057
2933,2018-01-24 11:29:53.355,1.236057
2934,2018-01-24 11:29:53.455,1.236057
2935,2018-01-24 11:29:53.555,1.236057
2936,2018-01-24 11:29:53.655,1.236057
2937,2018-01-24 11:29:53.755,1.236057
2938,2018-01-24 11:29:53.855,1.236057
2939,2018-01-24 11:29:53.955,1.236057
2940,2018-01-24 11:29:54.055,1.236057
2941,2018-01-24 11:29:54.155,1.236057
2942,2018-01-24 11:29:54.255,0.957561
2943,2018-01-24 11:29:54.355,0.957561
2944,2018-01-24 11:29:54.455,0.957561
2945,2018-01-24 11:29:54.555,0.957561
2946,2018-01-24 11:29:54.655,0.957561
2947,2018-01-24 11:29:54.755,0.957561
2948,2018-01-24 11:29:54.855,0.957561
2949,2018-01-24 11:29:54.955,0.957561
2950,2018-01-24 11:29:55.055,0.957561
2951,2018-01-24 11:29:55.155,0.957561
2952,2018-01-24 11:29:55.255,0.7489100000000001
2953,2018-01-24 11:29:55.356,0.7489100000000001
2954,2018-01-24 11:29:55.456,0.7489100000000001
2955,2018-01-24 11:29:55.556,0.7489100000000001
2956,2018-01-24 11:29:55.656,0.7489100000000001
2957,2018-01-24 11:29:55.756,0.7489100000000001
2958,2018-01-24 11:29:55.854,0.7489100000000001
2959,2018-01-24 11:29:55.954,0.7489100000000001
2960,2018-01-24 11:29:56.055,0.7489100000000001
2961,2018-01-24 11:29:56.154,0.7489100000000001
2962,2018-01-24 11:29:56.255,0.5321779999999999
2963,2018-01-24 11:29:56.354,0.5321779999999999
2964,2018-01-24 11:29:56.454,0.5321779999999999
2965,2018-01-24 11:29:56.554,0.5321779999999999
2966,2018-01-24 11:29:56.655,0.5321779999999999
2967,2018-01-24 11:29:56.754,0.5321779999999999
2968,2018-01-24 11:29:56.855,0.5321779999999999
2969,2018-01-24 11:29:56.955,0.5321779999999999
2970,2018-01-24 11:29:57.054,0.5321779999999999
2971,2018-01-24 11:29:57.154,0.5321779999999999
2972,2018-01-24 11:29:57.254,0.39614
2973,2018-01-24 11:29:57.354,0.39614
2974,2018-01-24 11:29:57.454,0.39614
2975,2018-01-24 11:29:57.554,0.39614
2976,2018-01-24 11:29:57.654,0.39614
2977,2018-01-24 11:29:57.754,0.39614
2978,2018-01-24 11:29:57.854,0.39614
2979,2018-01-24 11:29:57.954,0.39614
2980,2018-01-24 11:29:58.054,0.39614
2981,2018-01-24 11:29:58.154,0.39614
2982,2018-01-24 11:29:58.255,0.35024
2983,2018-01-24 11:29:58.354,0.35024
2984,2018-01-24 11:29:58.456,0.35024
2985,2018-01-24 11:29:58.556,0.35024
2986,2018-01-24 11:29:58.655,0.35024
2987,2018-01-24 11:29:58.755,0.35024
2988,2018-01-24 11:29:58.855,0.35024
2989,2018-01-24 11:29:58.956,0.35024
2990,2018-01-24 11:29:59.055,0.35024
2991,2018-01-24 11:29:59.155,0.35024
2992,2018-01-24 11:29:59.255,0.393742
2993,2018-01-24 11:29:59.355,0.393742
2994,2018-01-24 11:29:59.455,0.393742
2995,2018-01-24 11:29:59.555,0.393742
2996,2018-01-24 11:29:59.655,0.393742
2997,2018-01-24 11:29:59.755,0.393742
2998,2018-01-24 11:29:59.855,0.393742
2999,2018-01-24 11:29:59.955,0.393742
3000,2018-01-24 11:30:00.055,0.393742
3001,2018-01-24 11:30:00.155,0.393742
3002,2018-01-24 11:30:00.255,0.491519
3003,2018-01-24 11:30:00.356,0.491519
3004,2018-01-24 11:30:00.456,0.491519
3005,2018-01-24 11:30:00.555,0.491519
3006,2018-01-24 11:30:00.656,0.491519
3007,2018-01-24 11:30:00.755,0.491519
3008,2018-01-24 11:30:00.854,0.491519
3009,2018-01-24 11:30:00.954,0.491519
3010,2018-01-24 11:30:01.054,0.491519
3011,2018-01-24 11:30:01.154,0.491519
3012,2018-01-24 11:30:01.254,0.54801
3013,2018-01-24 11:30:01.354,0.54801
3014,2018-01-24 11:30:01.455,0.54801
3015,2018-01-24 11:30:01.555,0.54801
3016,2018-01-24 11:30:01.655,0.54801
3017,2018-01-24 11:30:01.755,0.54801
3018,2018-01-24 11:30:01.855,0.54801
3019,2018-01-24 11:30:01.955,0.54801
3020,2018-01-24 11:30:02.055,0.54801
3021,2018-01-24 11:30:02.155,0.54801
3022,2018-01-24 11:30:02.255,0.578266
3023,2018-01-24 11:30:02.355,0.578266
3024,2018-01-24 11:30:02.455,0.578266
3025,2018-01-24 11:30:02.555,0.578266
3026,2018-01-24 11:30:02.656,0.578266
3027,2018-01-24 11:30:02.755,0.578266
3028,2018-01-24 11:30:02.855,0.578266
3029,2018-01-24 11:30:02.955,0.578266
3030,2018-01-24 11:30:03.055,0.578266
3031,2018-01-24 11:30:03.155,0.578266
3032,2018-01-24 11:30:03.255,0.5778220000000001
3033,2018-01-24 11:30:03.355,0.5778220000000001
3034,2018-01-24 11:30:03.455,0.5778220000000001
3035,2018-01-24 11:30:03.555,0.5778220000000001
3036,2018-01-24 11:30:03.655,0.5778220000000001
3037,2018-01-24 11:30:03.755,0.5778220000000001
3038,2018-01-24 11:30:03.855,0.5778220000000001
3039,2018-01-24 11:30:03.955,0.5778220000000001
3040,2018-01-24 11:30:04.055,0.5778220000000001
3041,2018-01-24 11:30:04.155,0.5778220000000001
3042,2018-01-24 11:30:04.255,0.549003
3043,2018-01-24 11:30:04.355,0.549003
3044,2018-01-24 11:30:04.455,0.549003
3045,2018-01-24 11:30:04.555,0.549003
3046,2018-01-24 11:30:04.656,0.549003
3047,2018-01-24 11:30:04.756,0.549003
3048,2018-01-24 11:30:04.856,0.549003
3049,2018-01-24 11:30:04.956,0.549003
3050,2018-01-24 11:30:05.056,0.549003
3051,2018-01-24 11:30:05.156,0.549003
3052,2018-01-24 11:30:05.256,0.5702539999999999
3053,2018-01-24 11:30:05.356,0.5702539999999999
3054,2018-01-24 11:30:05.456,0.5702539999999999
3055,2018-01-24 11:30:05.556,0.5702539999999999
3056,2018-01-24 11:30:05.656,0.5702539999999999
3057,2018-01-24 11:30:05.756,0.5702539999999999
3058,2018-01-24 11:30:05.854,0.5702539999999999
3059,2018-01-24 11:30:05.954,0.5702539999999999
3060,2018-01-24 11:30:06.054,0.5702539999999999
3061,2018-01-24 11:30:06.155,0.5702539999999999
3062,2018-01-24 11:30:06.254,0.739424
3063,2018-01-24 11:30:06.354,0.739424
3064,2018-01-24 11:30:06.455,0.739424
3065,2018-01-24 11:30:06.554,0.739424
3066,2018-01-24 11:30:06.655,0.739424
3067,2018-01-24 11:30:06.755,0.739424
3068,2018-01-24 11:30:06.855,0.739424
3069,2018-01-24 11:30:06.954,0.739424
3070,2018-01-24 11:30:07.054,0.739424
3071,2018-01-24 11:30:07.154,0.739424
3072,2018-01-24 11:30:07.254,1.132965
3073,2018-01-24 11:30:07.354,1.132965
3074,2018-01-24 11:30:07.455,1.132965
3075,2018-01-24 11:30:07.555,1.132965
3076,2018-01-24 11:30:07.655,1.132965
3077,2018-01-24 11:30:07.755,1.132965
3078,2018-01-24 11:30:07.855,1.132965
3079,2018-01-24 11:30:07.955,1.132965
3080,2018-01-24 11:30:08.055,1.132965
3081,2018-01-24 11:30:08.156,1.132965
3082,2018-01-24 11:30:08.255,1.6601089999999998
3083,2018-01-24 11:30:08.355,1.6601089999999998
3084,2018-01-24 11:30:08.455,1.6601089999999998
3085,2018-01-24 11:30:08.555,1.6601089999999998
3086,2018-01-24 11:30:08.656,1.6601089999999998
3087,2018-01-24 11:30:08.755,1.6601089999999998
3088,2018-01-24 11:30:08.856,1.6601089999999998
3089,2018-01-24 11:30:08.955,1.6601089999999998
3090,2018-01-24 11:30:09.055,1.6601089999999998
3091,2018-01-24 11:30:09.155,1.6601089999999998
3092,2018-01-24 11:30:09.255,2.174784
3093,2018-01-24 11:30:09.355,2.174784
3094,2018-01-24 11:30:09.455,2.174784
3095,2018-01-24 11:30:09.555,2.174784
3096,2018-01-24 11:30:09.655,2.174784
3097,2018-01-24 11:30:09.755,2.174784
3098,2018-01-24 11:30:09.855,2.174784
3099,2018-01-24 11:30:09.955,2.174784
3100,2018-01-24 11:30:10.056,2.174784
3101,2018-01-24 11:30:10.156,2.174784
3102,2018-01-24 11:30:10.256,2.498037
3103,2018-01-24 11:30:10.355,2.498037
3104,2018-01-24 11:30:10.456,2.498037
3105,2018-01-24 11:30:10.556,2.498037
3106,2018-01-24 11:30:10.657,2.498037
3107,2018-01-24 11:30:10.757,2.498037
3108,2018-01-24 11:30:10.855,2.498037
3109,2018-01-24 11:30:10.955,2.498037
3110,2018-01-24 11:30:11.055,2.498037
3111,2018-01-24 11:30:11.155,2.498037
3112,2018-01-24 11:30:11.255,2.645993
3113,2018-01-24 11:30:11.355,2.645993
3114,2018-01-24 11:30:11.455,2.645993
3115,2018-01-24 11:30:11.555,2.645993
3116,2018-01-24 11:30:11.655,2.645993
3117,2018-01-24 11:30:11.755,2.645993
3118,2018-01-24 11:30:11.855,2.645993
3119,2018-01-24 11:30:11.955,2.645993
3120,2018-01-24 11:30:12.055,2.645993
3121,2018-01-24 11:30:12.155,2.645993
3122,2018-01-24 11:30:12.255,2.655511
3123,2018-01-24 11:30:12.355,2.655511
3124,2018-01-24 11:30:12.455,2.655511
3125,2018-01-24 11:30:12.556,2.655511
3126,2018-01-24 11:30:12.655,2.655511
3127,2018-01-24 11:30:12.755,2.655511
3128,2018-01-24 11:30:12.855,2.655511
3129,2018-01-24 11:30:12.955,2.655511
3130,2018-01-24 11:30:13.055,2.655511
3131,2018-01-24 11:30:13.155,2.655511
3132,2018-01-24 11:30:13.255,2.498957
3133,2018-01-24 11:30:13.356,2.498957
3134,2018-01-24 11:30:13.456,2.498957
3135,2018-01-24 11:30:13.556,2.498957
3136,2018-01-24 11:30:13.656,2.498957
3137,2018-01-24 11:30:13.756,2.498957
3138,2018-01-24 11:30:13.856,2.498957
3139,2018-01-24 11:30:13.956,2.498957
3140,2018-01-24 11:30:14.056,2.498957
3141,2018-01-24 11:30:14.156,2.498957
3142,2018-01-24 11:30:14.256,2.363656
3143,2018-01-24 11:30:14.356,2.363656
3144,2018-01-24 11:30:14.456,2.363656
3145,2018-01-24 11:30:14.556,2.363656
3146,2018-01-24 11:30:14.657,2.363656
3147,2018-01-24 11:30:14.756,2.363656
3148,2018-01-24 11:30:14.856,2.363656
3149,2018-01-24 11:30:14.956,2.363656
3150,2018-01-24 11:30:15.057,2.363656
3151,2018-01-24 11:30:15.156,2.363656
3152,2018-01-24 11:30:15.256,2.409075
3153,2018-01-24 11:30:15.356,2.409075
3154,2018-01-24 11:30:15.456,2.409075
3155,2018-01-24 11:30:15.556,2.409075
3156,2018-01-24 11:30:15.656,2.409075
3157,2018-01-24 11:30:15.756,2.409075
3158,2018-01-24 11:30:15.854,2.409075
3159,2018-01-24 11:30:15.954,2.409075
3160,2018-01-24 11:30:16.055,2.409075
3161,2018-01-24 11:30:16.154,2.409075
3162,2018-01-24 11:30:16.254,2.617467
3163,2018-01-24 11:30:16.354,2.617467
3164,2018-01-24 11:30:16.455,2.617467
3165,2018-01-24 11:30:16.555,2.617467
3166,2018-01-24 11:30:16.655,2.617467
3167,2018-01-24 11:30:16.755,2.617467
3168,2018-01-24 11:30:16.855,2.617467
3169,2018-01-24 11:30:16.955,2.617467
3170,2018-01-24 11:30:17.055,2.617467
3171,2018-01-24 11:30:17.155,2.617467
3172,2018-01-24 11:30:17.255,2.819885
3173,2018-01-24 11:30:17.355,2.819885
3174,2018-01-24 11:30:17.455,2.819885
3175,2018-01-24 11:30:17.555,2.819885
3176,2018-01-24 11:30:17.655,2.819885
3177,2018-01-24 11:30:17.755,2.819885
3178,2018-01-24 11:30:17.855,2.819885
3179,2018-01-24 11:30:17.955,2.819885
3180,2018-01-24 11:30:18.055,2.819885
3181,2018-01-24 11:30:18.155,2.819885
3182,2018-01-24 11:30:18.255,2.880694
3183,2018-01-24 11:30:18.355,2.880694
3184,2018-01-24 11:30:18.455,2.880694
3185,2018-01-24 11:30:18.556,2.880694
3186,2018-01-24 11:30:18.655,2.880694
3187,2018-01-24 11:30:18.755,2.880694
3188,2018-01-24 11:30:18.855,2.880694
3189,2018-01-24 11:30:18.955,2.880694
3190,2018-01-24 11:30:19.055,2.880694
3191,2018-01-24 11:30:19.155,2.880694
3192,2018-01-24 11:30:19.255,2.783142
3193,2018-01-24 11:30:19.355,2.783142
3194,2018-01-24 11:30:19.455,2.783142
3195,2018-01-24 11:30:19.556,2.783142
3196,2018-01-24 11:30:19.656,2.783142
3197,2018-01-24 11:30:19.756,2.783142
3198,2018-01-24 11:30:19.856,2.783142
3199,2018-01-24 11:30:19.956,2.783142
3200,2018-01-24 11:30:20.056,2.783142
3201,2018-01-24 11:30:20.156,2.783142
3202,2018-01-24 11:30:20.257,2.58556
3203,2018-01-24 11:30:20.356,2.58556
3204,2018-01-24 11:30:20.457,2.58556
3205,2018-01-24 11:30:20.556,2.58556
3206,2018-01-24 11:30:20.656,2.58556
3207,2018-01-24 11:30:20.756,2.58556
3208,2018-01-24 11:30:20.856,2.58556
3209,2018-01-24 11:30:20.955,2.58556
3210,2018-01-24 11:30:21.055,2.58556
3211,2018-01-24 11:30:21.155,2.58556
3212,2018-01-24 11:30:21.255,2.345839
3213,2018-01-24 11:30:21.355,2.345839
3214,2018-01-24 11:30:21.455,2.345839
3215,2018-01-24 11:30:21.555,2.345839
3216,2018-01-24 11:30:21.655,2.345839
3217,2018-01-24 11:30:21.755,2.345839
3218,2018-01-24 11:30:21.855,2.345839
3219,2018-01-24 11:30:21.955,2.345839
3220,2018-01-24 11:30:22.055,2.345839
3221,2018-01-24 11:30:22.155,2.345839
3222,2018-01-24 11:30:22.255,2.113423
3223,2018-01-24 11:30:22.355,2.113423
3224,2018-01-24 11:30:22.455,2.113423
3225,2018-01-24 11:30:22.555,2.113423
3226,2018-01-24 11:30:22.656,2.113423
3227,2018-01-24 11:30:22.757,2.113423
3228,2018-01-24 11:30:22.856,2.113423
3229,2018-01-24 11:30:22.957,2.113423
3230,2018-01-24 11:30:23.056,2.113423
3231,2018-01-24 11:30:23.156,2.113423
3232,2018-01-24 11:30:23.256,1.987936
3233,2018-01-24 11:30:23.356,1.987936
3234,2018-01-24 11:30:23.456,1.987936
3235,2018-01-24 11:30:23.556,1.987936
3236,2018-01-24 11:30:23.656,1.987936
3237,2018-01-24 11:30:23.756,1.987936
3238,2018-01-24 11:30:23.856,1.987936
3239,2018-01-24 11:30:23.956,1.987936
3240,2018-01-24 11:30:24.056,1.987936
3241,2018-01-24 11:30:24.156,1.987936
3242,2018-01-24 11:30:24.257,1.857139
3243,2018-01-24 11:30:24.357,1.857139
3244,2018-01-24 11:30:24.456,1.857139
3245,2018-01-24 11:30:24.556,1.857139
3246,2018-01-24 11:30:24.656,1.857139
3247,2018-01-24 11:30:24.756,1.857139
3248,2018-01-24 11:30:24.857,1.857139
3249,2018-01-24 11:30:24.956,1.857139
3250,2018-01-24 11:30:25.057,1.857139
3251,2018-01-24 11:30:25.157,1.857139
3252,2018-01-24 11:30:25.256,1.63746
3253,2018-01-24 11:30:25.356,1.63746
3254,2018-01-24 11:30:25.456,1.63746
3255,2018-01-24 11:30:25.556,1.63746
3256,2018-01-24 11:30:25.657,1.63746
3257,2018-01-24 11:30:25.757,1.63746
3258,2018-01-24 11:30:25.855,1.63746
3259,2018-01-24 11:30:25.955,1.63746
3260,2018-01-24 11:30:26.055,1.63746
3261,2018-01-24 11:30:26.155,1.63746
3262,2018-01-24 11:30:26.255,1.369298
3263,2018-01-24 11:30:26.356,1.369298
3264,2018-01-24 11:30:26.456,1.369298
3265,2018-01-24 11:30:26.555,1.369298
3266,2018-01-24 11:30:26.655,1.369298
3267,2018-01-24 11:30:26.755,1.369298
3268,2018-01-24 11:30:26.855,1.369298
3269,2018-01-24 11:30:26.955,1.369298
3270,2018-01-24 11:30:27.055,1.369298
3271,2018-01-24 11:30:27.155,1.369298
3272,2018-01-24 11:30:27.255,1.1106530000000001
3273,2018-01-24 11:30:27.355,1.1106530000000001
3274,2018-01-24 11:30:27.455,1.1106530000000001
3275,2018-01-24 11:30:27.555,1.1106530000000001
3276,2018-01-24 11:30:27.655,1.1106530000000001
3277,2018-01-24 11:30:27.755,1.1106530000000001
3278,2018-01-24 11:30:27.855,1.1106530000000001
3279,2018-01-24 11:30:27.955,1.1106530000000001
3280,2018-01-24 11:30:28.055,1.1106530000000001
3281,2018-01-24 11:30:28.155,1.1106530000000001
3282,2018-01-24 11:30:28.255,0.826584
3283,2018-01-24 11:30:28.356,0.826584
3284,2018-01-24 11:30:28.455,0.826584
3285,2018-01-24 11:30:28.556,0.826584
3286,2018-01-24 11:30:28.656,0.826584
3287,2018-01-24 11:30:28.757,0.826584
3288,2018-01-24 11:30:28.856,0.826584
3289,2018-01-24 11:30:28.957,0.826584
3290,2018-01-24 11:30:29.056,0.826584
3291,2018-01-24 11:30:29.156,0.826584
3292,2018-01-24 11:30:29.256,0.496283
3293,2018-01-24 11:30:29.356,0.496283
3294,2018-01-24 11:30:29.456,0.496283
3295,2018-01-24 11:30:29.556,0.496283
3296,2018-01-24 11:30:29.656,0.496283
3297,2018-01-24 11:30:29.756,0.496283
3298,2018-01-24 11:30:29.856,0.496283
3299,2018-01-24 11:30:29.956,0.496283
3300,2018-01-24 11:30:30.056,0.496283
3301,2018-01-24 11:30:30.156,0.496283
3302,2018-01-24 11:30:30.256,0.175428
3303,2018-01-24 11:30:30.356,0.175428
3304,2018-01-24 11:30:30.457,0.175428
3305,2018-01-24 11:30:30.557,0.175428
3306,2018-01-24 11:30:30.656,0.175428
3307,2018-01-24 11:30:30.757,0.175428
3308,2018-01-24 11:30:30.855,0.175428
3309,2018-01-24 11:30:30.955,0.175428
3310,2018-01-24 11:30:31.055,0.175428
3311,2018-01-24 11:30:31.155,0.175428
3312,2018-01-24 11:30:31.255,-0.055139
3313,2018-01-24 11:30:31.355,-0.055139
3314,2018-01-24 11:30:31.455,-0.055139
3315,2018-01-24 11:30:31.556,-0.055139
3316,2018-01-24 11:30:31.656,-0.055139
3317,2018-01-24 11:30:31.756,-0.055139
3318,2018-01-24 11:30:31.856,-0.055139
3319,2018-01-24 11:30:31.956,-0.055139
3320,2018-01-24 11:30:32.056,-0.055139
3321,2018-01-24 11:30:32.156,-0.055139
3322,2018-01-24 11:30:32.256,-0.074989
3323,2018-01-24 11:30:32.356,-0.074989
3324,2018-01-24 11:30:32.456,-0.074989
3325,2018-01-24 11:30:32.556,-0.074989
3326,2018-01-24 11:30:32.656,-0.074989
3327,2018-01-24 11:30:32.756,-0.074989
3328,2018-01-24 11:30:32.856,-0.074989
3329,2018-01-24 11:30:32.956,-0.074989
3330,2018-01-24 11:30:33.056,-0.074989
3331,2018-01-24 11:30:33.156,-0.074989
3332,2018-01-24 11:30:33.256,-0.018536
3333,2018-01-24 11:30:33.356,-0.018536
3334,2018-01-24 11:30:33.456,-0.018536
3335,2018-01-24 11:30:33.556,-0.018536
3336,2018-01-24 11:30:33.656,-0.018536
3337,2018-01-24 11:30:33.756,-0.018536
3338,2018-01-24 11:30:33.856,-0.018536
3339,2018-01-24 11:30:33.956,-0.018536
3340,2018-01-24 11:30:34.056,-0.018536
3341,2018-01-24 11:30:34.156,-0.018536
3342,2018-01-24 11:30:34.256,-0.006101
3343,2018-01-24 11:30:34.356,-0.006101
3344,2018-01-24 11:30:34.456,-0.006101
3345,2018-01-24 11:30:34.556,-0.006101
3346,2018-01-24 11:30:34.657,-0.006101
3347,2018-01-24 11:30:34.757,-0.006101
3348,2018-01-24 11:30:34.857,-0.006101
3349,2018-01-24 11:30:34.957,-0.006101
3350,2018-01-24 11:30:35.057,-0.006101
3351,2018-01-24 11:30:35.157,-0.006101
3352,2018-01-24 11:30:35.257,-0.13184500000000002
3353,2018-01-24 11:30:35.357,-0.13184500000000002
3354,2018-01-24 11:30:35.457,-0.13184500000000002
3355,2018-01-24 11:30:35.557,-0.13184500000000002
3356,2018-01-24 11:30:35.657,-0.13184500000000002
3357,2018-01-24 11:30:35.757,-0.13184500000000002
3358,2018-01-24 11:30:35.855,-0.13184500000000002
3359,2018-01-24 11:30:35.955,-0.13184500000000002
3360,2018-01-24 11:30:36.055,-0.13184500000000002
3361,2018-01-24 11:30:36.155,-0.13184500000000002
3362,2018-01-24 11:30:36.255,-0.309726
3363,2018-01-24 11:30:36.356,-0.309726
3364,2018-01-24 11:30:36.455,-0.309726
3365,2018-01-24 11:30:36.555,-0.309726
3366,2018-01-24 11:30:36.655,-0.309726
3367,2018-01-24 11:30:36.755,-0.309726
3368,2018-01-24 11:30:36.856,-0.309726
3369,2018-01-24 11:30:36.955,-0.309726
3370,2018-01-24 11:30:37.055,-0.309726
3371,2018-01-24 11:30:37.155,-0.309726
3372,2018-01-24 11:30:37.255,-0.373152
3373,2018-01-24 11:30:37.355,-0.373152
3374,2018-01-24 11:30:37.455,-0.373152
3375,2018-01-24 11:30:37.555,-0.373152
3376,2018-01-24 11:30:37.656,-0.373152
3377,2018-01-24 11:30:37.756,-0.373152
3378,2018-01-24 11:30:37.856,-0.373152
3379,2018-01-24 11:30:37.956,-0.373152
3380,2018-01-24 11:30:38.056,-0.373152
3381,2018-01-24 11:30:38.156,-0.373152
3382,2018-01-24 11:30:38.256,-0.195791
3383,2018-01-24 11:30:38.356,-0.195791
3384,2018-01-24 11:30:38.457,-0.195791
3385,2018-01-24 11:30:38.556,-0.195791
3386,2018-01-24 11:30:38.656,-0.195791
3387,2018-01-24 11:30:38.756,-0.195791
3388,2018-01-24 11:30:38.857,-0.195791
3389,2018-01-24 11:30:38.957,-0.195791
3390,2018-01-24 11:30:39.056,-0.195791
3391,2018-01-24 11:30:39.156,-0.195791
3392,2018-01-24 11:30:39.256,0.07942199999999999
3393,2018-01-24 11:30:39.356,0.07942199999999999
3394,2018-01-24 11:30:39.456,0.07942199999999999
3395,2018-01-24 11:30:39.556,0.07942199999999999
3396,2018-01-24 11:30:39.656,0.07942199999999999
3397,2018-01-24 11:30:39.756,0.07942199999999999
3398,2018-01-24 11:30:39.856,0.07942199999999999
3399,2018-01-24 11:30:39.956,0.07942199999999999
3400,2018-01-24 11:30:40.056,0.07942199999999999
3401,2018-01-24 11:30:40.156,0.07942199999999999
3402,2018-01-24 11:30:40.256,0.393486
3403,2018-01-24 11:30:40.357,0.393486
3404,2018-01-24 11:30:40.456,0.393486
3405,2018-01-24 11:30:40.556,0.393486
3406,2018-01-24 11:30:40.657,0.393486
3407,2018-01-24 11:30:40.758,0.393486
3408,2018-01-24 11:30:40.856,0.393486
3409,2018-01-24 11:30:40.957,0.393486
3410,2018-01-24 11:30:41.056,0.393486
3411,2018-01-24 11:30:41.156,0.393486
3412,2018-01-24 11:30:41.256,0.6525369999999999
3413,2018-01-24 11:30:41.356,0.6525369999999999
3414,2018-01-24 11:30:41.456,0.6525369999999999
3415,2018-01-24 11:30:41.556,0.6525369999999999
3416,2018-01-24 11:30:41.656,0.6525369999999999
3417,2018-01-24 11:30:41.756,0.6525369999999999
3418,2018-01-24 11:30:41.856,0.6525369999999999
3419,2018-01-24 11:30:41.956,0.6525369999999999
3420,2018-01-24 11:30:42.056,0.6525369999999999
3421,2018-01-24 11:30:42.156,0.6525369999999999
3422,2018-01-24 11:30:42.256,0.869675
3423,2018-01-24 11:30:42.357,0.869675
3424,2018-01-24 11:30:42.456,0.869675
3425,2018-01-24 11:30:42.557,0.869675
3426,2018-01-24 11:30:42.656,0.869675
3427,2018-01-24 11:30:42.756,0.869675
3428,2018-01-24 11:30:42.856,0.869675
3429,2018-01-24 11:30:42.957,0.869675
3430,2018-01-24 11:30:43.056,0.869675
3431,2018-01-24 11:30:43.156,0.869675
3432,2018-01-24 11:30:43.256,1.120793
3433,2018-01-24 11:30:43.356,1.120793
3434,2018-01-24 11:30:43.456,1.120793
3435,2018-01-24 11:30:43.556,1.120793
3436,2018-01-24 11:30:43.656,1.120793
3437,2018-01-24 11:30:43.757,1.120793
3438,2018-01-24 11:30:43.857,1.120793
3439,2018-01-24 11:30:43.957,1.120793
3440,2018-01-24 11:30:44.057,1.120793
3441,2018-01-24 11:30:44.157,1.120793
3442,2018-01-24 11:30:44.257,1.380545
3443,2018-01-24 11:30:44.357,1.380545
3444,2018-01-24 11:30:44.457,1.380545
3445,2018-01-24 11:30:44.557,1.380545
3446,2018-01-24 11:30:44.657,1.380545
3447,2018-01-24 11:30:44.757,1.380545
3448,2018-01-24 11:30:44.857,1.380545
3449,2018-01-24 11:30:44.958,1.380545
3450,2018-01-24 11:30:45.057,1.380545
3451,2018-01-24 11:30:45.157,1.380545
3452,2018-01-24 11:30:45.257,1.651403
3453,2018-01-24 11:30:45.357,1.651403
3454,2018-01-24 11:30:45.457,1.651403
3455,2018-01-24 11:30:45.557,1.651403
3456,2018-01-24 11:30:45.657,1.651403
3457,2018-01-24 11:30:45.757,1.651403
3458,2018-01-24 11:30:45.855,1.651403
3459,2018-01-24 11:30:45.955,1.651403
3460,2018-01-24 11:30:46.055,1.651403
3461,2018-01-24 11:30:46.155,1.651403
3462,2018-01-24 11:30:46.255,1.9609299999999998
3463,2018-01-24 11:30:46.356,1.9609299999999998
3464,2018-01-24 11:30:46.456,1.9609299999999998
3465,2018-01-24 11:30:46.555,1.9609299999999998
3466,2018-01-24 11:30:46.656,1.9609299999999998
3467,2018-01-24 11:30:46.756,1.9609299999999998
3468,2018-01-24 11:30:46.856,1.9609299999999998
3469,2018-01-24 11:30:46.956,1.9609299999999998
3470,2018-01-24 11:30:47.056,1.9609299999999998
3471,2018-01-24 11:30:47.156,1.9609299999999998
3472,2018-01-24 11:30:47.256,2.191425
3473,2018-01-24 11:30:47.356,2.191425
3474,2018-01-24 11:30:47.456,2.191425
3475,2018-01-24 11:30:47.556,2.191425
3476,2018-01-24 11:30:47.656,2.191425
3477,2018-01-24 11:30:47.756,2.191425
3478,2018-01-24 11:30:47.856,2.191425
3479,2018-01-24 11:30:47.956,2.191425
3480,2018-01-24 11:30:48.056,2.191425
3481,2018-01-24 11:30:48.156,2.191425
3482,2018-01-24 11:30:48.256,2.407161
3483,2018-01-24 11:30:48.357,2.407161
3484,2018-01-24 11:30:48.456,2.407161
3485,2018-01-24 11:30:48.556,2.407161
3486,2018-01-24 11:30:48.656,2.407161
3487,2018-01-24 11:30:48.757,2.407161
3488,2018-01-24 11:30:48.857,2.407161
3489,2018-01-24 11:30:48.956,2.407161
3490,2018-01-24 11:30:49.056,2.407161
3491,2018-01-24 11:30:49.156,2.407161
3492,2018-01-24 11:30:49.256,2.556039
3493,2018-01-24 11:30:49.356,2.556039
3494,2018-01-24 11:30:49.456,2.556039
3495,2018-01-24 11:30:49.556,2.556039
3496,2018-01-24 11:30:49.656,2.556039
3497,2018-01-24 11:30:49.757,2.556039
3498,2018-01-24 11:30:49.857,2.556039
3499,2018-01-24 11:30:49.957,2.556039
3500,2018-01-24 11:30:50.057,2.556039
3501,2018-01-24 11:30:50.157,2.556039
3502,2018-01-24 11:30:50.257,2.737311
3503,2018-01-24 11:30:50.357,2.737311
3504,2018-01-24 11:30:50.457,2.737311
3505,2018-01-24 11:30:50.558,2.737311
3506,2018-01-24 11:30:50.657,2.737311
3507,2018-01-24 11:30:50.758,2.737311
3508,2018-01-24 11:30:50.856,2.737311
3509,2018-01-24 11:30:50.957,2.737311
3510,2018-01-24 11:30:51.056,2.737311
3511,2018-01-24 11:30:51.156,2.737311
3512,2018-01-24 11:30:51.256,2.8824240000000003
3513,2018-01-24 11:30:51.356,2.8824240000000003
3514,2018-01-24 11:30:51.456,2.8824240000000003
3515,2018-01-24 11:30:51.556,2.8824240000000003
3516,2018-01-24 11:30:51.656,2.8824240000000003
3517,2018-01-24 11:30:51.756,2.8824240000000003
3518,2018-01-24 11:30:51.856,2.8824240000000003
3519,2018-01-24 11:30:51.956,2.8824240000000003
3520,2018-01-24 11:30:52.056,2.8824240000000003
3521,2018-01-24 11:30:52.156,2.8824240000000003
3522,2018-01-24 11:30:52.256,2.983852
3523,2018-01-24 11:30:52.356,2.983852
3524,2018-01-24 11:30:52.457,2.983852
3525,2018-01-24 11:30:52.556,2.983852
3526,2018-01-24 11:30:52.656,2.983852
3527,2018-01-24 11:30:52.756,2.983852
3528,2018-01-24 11:30:52.857,2.983852
3529,2018-01-24 11:30:52.957,2.983852
3530,2018-01-24 11:30:53.058,2.983852
3531,2018-01-24 11:30:53.157,2.983852
3532,2018-01-24 11:30:53.257,2.988539
3533,2018-01-24 11:30:53.357,2.988539
3534,2018-01-24 11:30:53.458,2.988539
3535,2018-01-24 11:30:53.557,2.988539
3536,2018-01-24 11:30:53.657,2.988539
3537,2018-01-24 11:30:53.757,2.988539
3538,2018-01-24 11:30:53.857,2.988539
3539,2018-01-24 11:30:53.957,2.988539
3540,2018-01-24 11:30:54.057,2.988539
3541,2018-01-24 11:30:54.157,2.988539
3542,2018-01-24 11:30:54.257,2.81756
3543,2018-01-24 11:30:54.357,2.81756
3544,2018-01-24 11:30:54.457,2.81756
3545,2018-01-24 11:30:54.557,2.81756
3546,2018-01-24 11:30:54.658,2.81756
3547,2018-01-24 11:30:54.757,2.81756
3548,2018-01-24 11:30:54.857,2.81756
3549,2018-01-24 11:30:54.958,2.81756
3550,2018-01-24 11:30:55.058,2.81756
3551,2018-01-24 11:30:55.157,2.81756
3552,2018-01-24 11:30:55.257,2.632119
3553,2018-01-24 11:30:55.357,2.632119
3554,2018-01-24 11:30:55.457,2.632119
3555,2018-01-24 11:30:55.557,2.632119
3556,2018-01-24 11:30:55.658,2.632119
3557,2018-01-24 11:30:55.758,2.632119
3558,2018-01-24 11:30:55.856,2.632119
3559,2018-01-24 11:30:55.956,2.632119
3560,2018-01-24 11:30:56.056,2.632119
3561,2018-01-24 11:30:56.156,2.632119
3562,2018-01-24 11:30:56.256,2.461878
3563,2018-01-24 11:30:56.356,2.461878
3564,2018-01-24 11:30:56.456,2.461878
3565,2018-01-24 11:30:56.556,2.461878
3566,2018-01-24 11:30:56.656,2.461878
3567,2018-01-24 11:30:56.757,2.461878
3568,2018-01-24 11:30:56.856,2.461878
3569,2018-01-24 11:30:56.956,2.461878
3570,2018-01-24 11:30:57.056,2.461878
3571,2018-01-24 11:30:57.157,2.461878
3572,2018-01-24 11:30:57.256,2.389486
3573,2018-01-24 11:30:57.356,2.389486
3574,2018-01-24 11:30:57.456,2.389486
3575,2018-01-24 11:30:57.556,2.389486
3576,2018-01-24 11:30:57.656,2.389486
3577,2018-01-24 11:30:57.756,2.389486
3578,2018-01-24 11:30:57.856,2.389486
3579,2018-01-24 11:30:57.956,2.389486
3580,2018-01-24 11:30:58.056,2.389486
3581,2018-01-24 11:30:58.156,2.389486
3582,2018-01-24 11:30:58.256,2.378526
3583,2018-01-24 11:30:58.356,2.378526
3584,2018-01-24 11:30:58.457,2.378526
3585,2018-01-24 11:30:58.556,2.378526
3586,2018-01-24 11:30:58.656,2.378526
3587,2018-01-24 11:30:58.757,2.378526
3588,2018-01-24 11:30:58.857,2.378526
3589,2018-01-24 11:30:58.957,2.378526
3590,2018-01-24 11:30:59.057,2.378526
3591,2018-01-24 11:30:59.157,2.378526
3592,2018-01-24 11:30:59.257,2.291191
3593,2018-01-24 11:30:59.357,2.291191
3594,2018-01-24 11:30:59.457,2.291191
3595,2018-01-24 11:30:59.557,2.291191
3596,2018-01-24 11:30:59.657,2.291191
3597,2018-01-24 11:30:59.757,2.291191
3598,2018-01-24 11:30:59.857,2.291191
3599,2018-01-24 11:30:59.957,2.291191
3600,2018-01-24 11:31:00.057,2.291191
3601,2018-01-24 11:31:00.157,2.291191
3602,2018-01-24 11:31:00.257,2.105342
3603,2018-01-24 11:31:00.357,2.105342
3604,2018-01-24 11:31:00.457,2.105342
3605,2018-01-24 11:31:00.557,2.105342
3606,2018-01-24 11:31:00.657,2.105342
3607,2018-01-24 11:31:00.757,2.105342
3608,2018-01-24 11:31:00.856,2.105342
3609,2018-01-24 11:31:00.956,2.105342
3610,2018-01-24 11:31:01.056,2.105342
3611,2018-01-24 11:31:01.156,2.105342
3612,2018-01-24 11:31:01.256,1.876657
3613,2018-01-24 11:31:01.356,1.876657
3614,2018-01-24 11:31:01.456,1.876657
3615,2018-01-24 11:31:01.556,1.876657
3616,2018-01-24 11:31:01.656,1.876657
3617,2018-01-24 11:31:01.756,1.876657
3618,2018-01-24 11:31:01.857,1.876657
3619,2018-01-24 11:31:01.957,1.876657
3620,2018-01-24 11:31:02.057,1.876657
3621,2018-01-24 11:31:02.157,1.876657
3622,2018-01-24 11:31:02.258,1.6650919999999998
3623,2018-01-24 11:31:02.357,1.6650919999999998
3624,2018-01-24 11:31:02.457,1.6650919999999998
3625,2018-01-24 11:31:02.557,1.6650919999999998
3626,2018-01-24 11:31:02.657,1.6650919999999998
3627,2018-01-24 11:31:02.758,1.6650919999999998
3628,2018-01-24 11:31:02.857,1.6650919999999998
3629,2018-01-24 11:31:02.958,1.6650919999999998
3630,2018-01-24 11:31:03.057,1.6650919999999998
3631,2018-01-24 11:31:03.157,1.6650919999999998
3632,2018-01-24 11:31:03.257,1.5002010000000001
3633,2018-01-24 11:31:03.357,1.5002010000000001
3634,2018-01-24 11:31:03.457,1.5002010000000001
3635,2018-01-24 11:31:03.557,1.5002010000000001
3636,2018-01-24 11:31:03.657,1.5002010000000001
3637,2018-01-24 11:31:03.757,1.5002010000000001
3638,2018-01-24 11:31:03.857,1.5002010000000001
3639,2018-01-24 11:31:03.957,1.5002010000000001
3640,2018-01-24 11:31:04.057,1.5002010000000001
3641,2018-01-24 11:31:04.157,1.5002010000000001
3642,2018-01-24 11:31:04.257,1.415153
3643,2018-01-24 11:31:04.357,1.415153
3644,2018-01-24 11:31:04.457,1.415153
3645,2018-01-24 11:31:04.557,1.415153
3646,2018-01-24 11:31:04.657,1.415153
3647,2018-01-24 11:31:04.758,1.415153
3648,2018-01-24 11:31:04.857,1.415153
3649,2018-01-24 11:31:04.958,1.415153
3650,2018-01-24 11:31:05.058,1.415153
3651,2018-01-24 11:31:05.158,1.415153
3652,2018-01-24 11:31:05.258,1.372609
3653,2018-01-24 11:31:05.358,1.372609
3654,2018-01-24 11:31:05.458,1.372609
3655,2018-01-24 11:31:05.558,1.372609
3656,2018-01-24 11:31:05.658,1.372609
3657,2018-01-24 11:31:05.758,1.372609
3658,2018-01-24 11:31:05.856,1.372609
3659,2018-01-24 11:31:05.956,1.372609
3660,2018-01-24 11:31:06.056,1.372609
3661,2018-01-24 11:31:06.156,1.372609
3662,2018-01-24 11:31:06.256,1.3140889999999998
3663,2018-01-24 11:31:06.356,1.3140889999999998
3664,2018-01-24 11:31:06.456,1.3140889999999998
3665,2018-01-24 11:31:06.556,1.3140889999999998
3666,2018-01-24 11:31:06.656,1.3140889999999998
3667,2018-01-24 11:31:06.756,1.3140889999999998
3668,2018-01-24 11:31:06.856,1.3140889999999998
3669,2018-01-24 11:31:06.956,1.3140889999999998
3670,2018-01-24 11:31:07.056,1.3140889999999998
3671,2018-01-24 11:31:07.156,1.3140889999999998
3672,2018-01-24 11:31:07.256,1.27852
3673,2018-01-24 11:31:07.356,1.27852
3674,2018-01-24 11:31:07.456,1.27852
3675,2018-01-24 11:31:07.556,1.27852
3676,2018-01-24 11:31:07.656,1.27852
3677,2018-01-24 11:31:07.756,1.27852
3678,2018-01-24 11:31:07.856,1.27852
3679,2018-01-24 11:31:07.957,1.27852
3680,2018-01-24 11:31:08.057,1.27852
3681,2018-01-24 11:31:08.157,1.27852
3682,2018-01-24 11:31:08.258,1.240332
3683,2018-01-24 11:31:08.357,1.240332
3684,2018-01-24 11:31:08.457,1.240332
3685,2018-01-24 11:31:08.558,1.240332
3686,2018-01-24 11:31:08.658,1.240332
3687,2018-01-24 11:31:08.757,1.240332
3688,2018-01-24 11:31:08.857,1.240332
3689,2018-01-24 11:31:08.957,1.240332
3690,2018-01-24 11:31:09.057,1.240332
3691,2018-01-24 11:31:09.157,1.240332
3692,2018-01-24 11:31:09.258,1.255976
3693,2018-01-24 11:31:09.357,1.255976
3694,2018-01-24 11:31:09.457,1.255976
3695,2018-01-24 11:31:09.557,1.255976
3696,2018-01-24 11:31:09.657,1.255976
3697,2018-01-24 11:31:09.757,1.255976
3698,2018-01-24 11:31:09.857,1.255976
3699,2018-01-24 11:31:09.957,1.255976
3700,2018-01-24 11:31:10.057,1.255976
3701,2018-01-24 11:31:10.157,1.255976
3702,2018-01-24 11:31:10.257,1.2797379999999998
3703,2018-01-24 11:31:10.357,1.2797379999999998
3704,2018-01-24 11:31:10.457,1.2797379999999998
3705,2018-01-24 11:31:10.557,1.2797379999999998
3706,2018-01-24 11:31:10.657,1.2797379999999998
3707,2018-01-24 11:31:10.757,1.2797379999999998
3708,2018-01-24 11:31:10.857,1.2797379999999998
3709,2018-01-24 11:31:10.958,1.2797379999999998
3710,2018-01-24 11:31:11.058,1.2797379999999998
3711,2018-01-24 11:31:11.158,1.2797379999999998
3712,2018-01-24 11:31:11.257,1.29767
3713,2018-01-24 11:31:11.357,1.29767
3714,2018-01-24 11:31:11.457,1.29767
3715,2018-01-24 11:31:11.557,1.29767
3716,2018-01-24 11:31:11.657,1.29767
3717,2018-01-24 11:31:11.757,1.29767
3718,2018-01-24 11:31:11.857,1.29767
3719,2018-01-24 11:31:11.957,1.29767
3720,2018-01-24 11:31:12.057,1.29767
3721,2018-01-24 11:31:12.157,1.29767
3722,2018-01-24 11:31:12.257,1.315491
3723,2018-01-24 11:31:12.357,1.315491
3724,2018-01-24 11:31:12.458,1.315491
3725,2018-01-24 11:31:12.558,1.315491
3726,2018-01-24 11:31:12.657,1.315491
3727,2018-01-24 11:31:12.758,1.315491
3728,2018-01-24 11:31:12.858,1.315491
3729,2018-01-24 11:31:12.958,1.315491
3730,2018-01-24 11:31:13.058,1.315491
3731,2018-01-24 11:31:13.157,1.315491
3732,2018-01-24 11:31:13.258,1.448725
3733,2018-01-24 11:31:13.357,1.448725
3734,2018-01-24 11:31:13.457,1.448725
3735,2018-01-24 11:31:13.557,1.448725
3736,2018-01-24 11:31:13.657,1.448725
3737,2018-01-24 11:31:13.757,1.448725
3738,2018-01-24 11:31:13.858,1.448725
3739,2018-01-24 11:31:13.958,1.448725
3740,2018-01-24 11:31:14.058,1.448725
3741,2018-01-24 11:31:14.158,1.448725
3742,2018-01-24 11:31:14.258,1.629185
3743,2018-01-24 11:31:14.358,1.629185
3744,2018-01-24 11:31:14.458,1.629185
3745,2018-01-24 11:31:14.558,1.629185
3746,2018-01-24 11:31:14.659,1.629185
3747,2018-01-24 11:31:14.758,1.629185
3748,2018-01-24 11:31:14.858,1.629185
3749,2018-01-24 11:31:14.958,1.629185
3750,2018-01-24 11:31:15.059,1.629185
3751,2018-01-24 11:31:15.158,1.629185
3752,2018-01-24 11:31:15.258,1.759909
3753,2018-01-24 11:31:15.358,1.759909
3754,2018-01-24 11:31:15.458,1.759909
3755,2018-01-24 11:31:15.558,1.759909
3756,2018-01-24 11:31:15.658,1.759909
3757,2018-01-24 11:31:15.758,1.759909
3758,2018-01-24 11:31:15.856,1.759909
3759,2018-01-24 11:31:15.956,1.759909
3760,2018-01-24 11:31:16.056,1.759909
3761,2018-01-24 11:31:16.156,1.759909
3762,2018-01-24 11:31:16.256,1.813816
3763,2018-01-24 11:31:16.357,1.813816
3764,2018-01-24 11:31:16.456,1.813816
3765,2018-01-24 11:31:16.556,1.813816
3766,2018-01-24 11:31:16.656,1.813816
3767,2018-01-24 11:31:16.757,1.813816
3768,2018-01-24 11:31:16.857,1.813816
3769,2018-01-24 11:31:16.958,1.813816
3770,2018-01-24 11:31:17.057,1.813816
3771,2018-01-24 11:31:17.158,1.813816
3772,2018-01-24 11:31:17.257,1.809426
3773,2018-01-24 11:31:17.357,1.809426
3774,2018-01-24 11:31:17.457,1.809426
3775,2018-01-24 11:31:17.557,1.809426
3776,2018-01-24 11:31:17.657,1.809426
3777,2018-01-24 11:31:17.757,1.809426
3778,2018-01-24 11:31:17.857,1.809426
3779,2018-01-24 11:31:17.957,1.809426
3780,2018-01-24 11:31:18.057,1.809426
3781,2018-01-24 11:31:18.157,1.809426
3782,2018-01-24 11:31:18.258,1.842301
3783,2018-01-24 11:31:18.358,1.842301
3784,2018-01-24 11:31:18.457,1.842301
3785,2018-01-24 11:31:18.557,1.842301
3786,2018-01-24 11:31:18.658,1.842301
3787,2018-01-24 11:31:18.757,1.842301
3788,2018-01-24 11:31:18.857,1.842301
3789,2018-01-24 11:31:18.957,1.842301
3790,2018-01-24 11:31:19.057,1.842301
3791,2018-01-24 11:31:19.157,1.842301
3792,2018-01-24 11:31:19.257,1.970406
3793,2018-01-24 11:31:19.357,1.970406
3794,2018-01-24 11:31:19.457,1.970406
3795,2018-01-24 11:31:19.557,1.970406
3796,2018-01-24 11:31:19.657,1.970406
3797,2018-01-24 11:31:19.757,1.970406
3798,2018-01-24 11:31:19.858,1.970406
3799,2018-01-24 11:31:19.958,1.970406
3800,2018-01-24 11:31:20.058,1.970406
3801,2018-01-24 11:31:20.158,1.970406
3802,2018-01-24 11:31:20.258,2.243661
3803,2018-01-24 11:31:20.358,2.243661
3804,2018-01-24 11:31:20.458,2.243661
3805,2018-01-24 11:31:20.558,2.243661
3806,2018-01-24 11:31:20.659,2.243661
3807,2018-01-24 11:31:20.758,2.243661
3808,2018-01-24 11:31:20.857,2.243661
3809,2018-01-24 11:31:20.957,2.243661
3810,2018-01-24 11:31:21.058,2.243661
3811,2018-01-24 11:31:21.157,2.243661
3812,2018-01-24 11:31:21.257,2.509057
3813,2018-01-24 11:31:21.357,2.509057
3814,2018-01-24 11:31:21.457,2.509057
3815,2018-01-24 11:31:21.557,2.509057
3816,2018-01-24 11:31:21.657,2.509057
3817,2018-01-24 11:31:21.758,2.509057
3818,2018-01-24 11:31:21.857,2.509057
3819,2018-01-24 11:31:21.958,2.509057
3820,2018-01-24 11:31:22.057,2.509057
3821,2018-01-24 11:31:22.157,2.509057
3822,2018-01-24 11:31:22.257,2.647051
3823,2018-01-24 11:31:22.357,2.647051
3824,2018-01-24 11:31:22.458,2.647051
3825,2018-01-24 11:31:22.557,2.647051
3826,2018-01-24 11:31:22.657,2.647051
3827,2018-01-24 11:31:22.758,2.647051
3828,2018-01-24 11:31:22.858,2.647051
3829,2018-01-24 11:31:22.958,2.647051
3830,2018-01-24 11:31:23.058,2.647051
3831,2018-01-24 11:31:23.159,2.647051
3832,2018-01-24 11:31:23.259,2.57514
3833,2018-01-24 11:31:23.358,2.57514
3834,2018-01-24 11:31:23.458,2.57514
3835,2018-01-24 11:31:23.558,2.57514
3836,2018-01-24 11:31:23.658,2.57514
3837,2018-01-24 11:31:23.758,2.57514
3838,2018-01-24 11:31:23.858,2.57514
3839,2018-01-24 11:31:23.958,2.57514
3840,2018-01-24 11:31:24.058,2.57514
3841,2018-01-24 11:31:24.158,2.57514
3842,2018-01-24 11:31:24.258,2.3970029999999998
3843,2018-01-24 11:31:24.359,2.3970029999999998
3844,2018-01-24 11:31:24.459,2.3970029999999998
3845,2018-01-24 11:31:24.559,2.3970029999999998
3846,2018-01-24 11:31:24.659,2.3970029999999998
3847,2018-01-24 11:31:24.759,2.3970029999999998
3848,2018-01-24 11:31:24.858,2.3970029999999998
3849,2018-01-24 11:31:24.958,2.3970029999999998
3850,2018-01-24 11:31:25.058,2.3970029999999998
3851,2018-01-24 11:31:25.159,2.3970029999999998
3852,2018-01-24 11:31:25.259,2.311697
3853,2018-01-24 11:31:25.358,2.311697
3854,2018-01-24 11:31:25.458,2.311697
3855,2018-01-24 11:31:25.558,2.311697
3856,2018-01-24 11:31:25.658,2.311697
3857,2018-01-24 11:31:25.758,2.311697
3858,2018-01-24 11:31:25.856,2.311697
3859,2018-01-24 11:31:25.957,2.311697
3860,2018-01-24 11:31:26.057,2.311697
3861,2018-01-24 11:31:26.157,2.311697
3862,2018-01-24 11:31:26.257,2.341361
3863,2018-01-24 11:31:26.357,2.341361
3864,2018-01-24 11:31:26.458,2.341361
3865,2018-01-24 11:31:26.558,2.341361
3866,2018-01-24 11:31:26.657,2.341361
3867,2018-01-24 11:31:26.758,2.341361
3868,2018-01-24 11:31:26.857,2.341361
3869,2018-01-24 11:31:26.957,2.341361
3870,2018-01-24 11:31:27.057,2.341361
3871,2018-01-24 11:31:27.158,2.341361
3872,2018-01-24 11:31:27.257,2.459614
3873,2018-01-24 11:31:27.357,2.459614
3874,2018-01-24 11:31:27.457,2.459614
3875,2018-01-24 11:31:27.557,2.459614
3876,2018-01-24 11:31:27.657,2.459614
3877,2018-01-24 11:31:27.757,2.459614
3878,2018-01-24 11:31:27.857,2.459614
3879,2018-01-24 11:31:27.957,2.459614
3880,2018-01-24 11:31:28.057,2.459614
3881,2018-01-24 11:31:28.157,2.459614
3882,2018-01-24 11:31:28.257,2.629968
3883,2018-01-24 11:31:28.357,2.629968
3884,2018-01-24 11:31:28.458,2.629968
3885,2018-01-24 11:31:28.557,2.629968
3886,2018-01-24 11:31:28.657,2.629968
3887,2018-01-24 11:31:28.757,2.629968
3888,2018-01-24 11:31:28.858,2.629968
3889,2018-01-24 11:31:28.957,2.629968
3890,2018-01-24 11:31:29.058,2.629968
3891,2018-01-24 11:31:29.158,2.629968
3892,2018-01-24 11:31:29.258,2.7448650000000003
3893,2018-01-24 11:31:29.358,2.7448650000000003
3894,2018-01-24 11:31:29.458,2.7448650000000003
3895,2018-01-24 11:31:29.558,2.7448650000000003
3896,2018-01-24 11:31:29.658,2.7448650000000003
3897,2018-01-24 11:31:29.758,2.7448650000000003
3898,2018-01-24 11:31:29.858,2.7448650000000003
3899,2018-01-24 11:31:29.958,2.7448650000000003
3900,2018-01-24 11:31:30.059,2.7448650000000003
3901,2018-01-24 11:31:30.158,2.7448650000000003
3902,2018-01-24 11:31:30.258,2.759329
3903,2018-01-24 11:31:30.358,2.759329
3904,2018-01-24 11:31:30.459,2.759329
3905,2018-01-24 11:31:30.558,2.759329
3906,2018-01-24 11:31:30.658,2.759329
3907,2018-01-24 11:31:30.759,2.759329
3908,2018-01-24 11:31:30.858,2.759329
3909,2018-01-24 11:31:30.957,2.759329
3910,2018-01-24 11:31:31.057,2.759329
3911,2018-01-24 11:31:31.157,2.759329
3912,2018-01-24 11:31:31.257,2.636759
3913,2018-01-24 11:31:31.357,2.636759
3914,2018-01-24 11:31:31.457,2.636759
3915,2018-01-24 11:31:31.557,2.636759
3916,2018-01-24 11:31:31.657,2.636759
3917,2018-01-24 11:31:31.757,2.636759
3918,2018-01-24 11:31:31.857,2.636759
3919,2018-01-24 11:31:31.957,2.636759
3920,2018-01-24 11:31:32.057,2.636759
3921,2018-01-24 11:31:32.158,2.636759
3922,2018-01-24 11:31:32.258,2.327786
3923,2018-01-24 11:31:32.358,2.327786
3924,2018-01-24 11:31:32.458,2.327786
3925,2018-01-24 11:31:32.559,2.327786
3926,2018-01-24 11:31:32.658,2.327786
3927,2018-01-24 11:31:32.758,2.327786
3928,2018-01-24 11:31:32.858,2.327786
3929,2018-01-24 11:31:32.959,2.327786
3930,2018-01-24 11:31:33.059,2.327786
3931,2018-01-24 11:31:33.159,2.327786
3932,2018-01-24 11:31:33.258,2.00317
3933,2018-01-24 11:31:33.358,2.00317
3934,2018-01-24 11:31:33.458,2.00317
3935,2018-01-24 11:31:33.558,2.00317
3936,2018-01-24 11:31:33.658,2.00317
3937,2018-01-24 11:31:33.758,2.00317
3938,2018-01-24 11:31:33.858,2.00317
3939,2018-01-24 11:31:33.958,2.00317
3940,2018-01-24 11:31:34.058,2.00317
3941,2018-01-24 11:31:34.158,2.00317
3942,2018-01-24 11:31:34.258,1.794704
3943,2018-01-24 11:31:34.358,1.794704
3944,2018-01-24 11:31:34.459,1.794704
3945,2018-01-24 11:31:34.558,1.794704
3946,2018-01-24 11:31:34.659,1.794704
3947,2018-01-24 11:31:34.759,1.794704
3948,2018-01-24 11:31:34.858,1.794704
3949,2018-01-24 11:31:34.959,1.794704
3950,2018-01-24 11:31:35.059,1.794704
3951,2018-01-24 11:31:35.160,1.794704
3952,2018-01-24 11:31:35.259,1.754153
3953,2018-01-24 11:31:35.359,1.754153
3954,2018-01-24 11:31:35.459,1.754153
3955,2018-01-24 11:31:35.559,1.754153
3956,2018-01-24 11:31:35.660,1.754153
3957,2018-01-24 11:31:35.759,1.754153
3958,2018-01-24 11:31:35.857,1.754153
3959,2018-01-24 11:31:35.957,1.754153
3960,2018-01-24 11:31:36.057,1.754153
3961,2018-01-24 11:31:36.157,1.754153
3962,2018-01-24 11:31:36.257,1.7552580000000002
3963,2018-01-24 11:31:36.357,1.7552580000000002
3964,2018-01-24 11:31:36.457,1.7552580000000002
3965,2018-01-24 11:31:36.557,1.7552580000000002
3966,2018-01-24 11:31:36.657,1.7552580000000002
3967,2018-01-24 11:31:36.758,1.7552580000000002
3968,2018-01-24 11:31:36.858,1.7552580000000002
3969,2018-01-24 11:31:36.958,1.7552580000000002
3970,2018-01-24 11:31:37.057,1.7552580000000002
3971,2018-01-24 11:31:37.158,1.7552580000000002
3972,2018-01-24 11:31:37.257,1.785734
3973,2018-01-24 11:31:37.357,1.785734
3974,2018-01-24 11:31:37.457,1.785734
3975,2018-01-24 11:31:37.557,1.785734
3976,2018-01-24 11:31:37.657,1.785734
3977,2018-01-24 11:31:37.757,1.785734
3978,2018-01-24 11:31:37.857,1.785734
3979,2018-01-24 11:31:37.958,1.785734
3980,2018-01-24 11:31:38.057,1.785734
3981,2018-01-24 11:31:38.158,1.785734
3982,2018-01-24 11:31:38.258,1.8363939999999999
3983,2018-01-24 11:31:38.358,1.8363939999999999
3984,2018-01-24 11:31:38.458,1.8363939999999999
3985,2018-01-24 11:31:38.558,1.8363939999999999
3986,2018-01-24 11:31:38.658,1.8363939999999999
3987,2018-01-24 11:31:38.758,1.8363939999999999
3988,2018-01-24 11:31:38.858,1.8363939999999999
3989,2018-01-24 11:31:38.959,1.8363939999999999
3990,2018-01-24 11:31:39.058,1.8363939999999999
3991,2018-01-24 11:31:39.158,1.8363939999999999
3992,2018-01-24 11:31:39.258,1.8437009999999998
3993,2018-01-24 11:31:39.359,1.8437009999999998
3994,2018-01-24 11:31:39.458,1.8437009999999998
3995,2018-01-24 11:31:39.558,1.8437009999999998
3996,2018-01-24 11:31:39.658,1.8437009999999998
3997,2018-01-24 11:31:39.758,1.8437009999999998
3998,2018-01-24 11:31:39.858,1.8437009999999998
3999,2018-01-24 11:31:39.958,1.8437009999999998
4000,2018-01-24 11:31:40.058,1.8437009999999998
4001,2018-01-24 11:31:40.158,1.8437009999999998
4002,2018-01-24 11:31:40.258,1.75755
4003,2018-01-24 11:31:40.358,1.75755
4004,2018-01-24 11:31:40.458,1.75755
4005,2018-01-24 11:31:40.558,1.75755
4006,2018-01-24 11:31:40.659,1.75755
4007,2018-01-24 11:31:40.758,1.75755
4008,2018-01-24 11:31:40.857,1.75755
4009,2018-01-24 11:31:40.957,1.75755
4010,2018-01-24 11:31:41.057,1.75755
4011,2018-01-24 11:31:41.158,1.75755
4012,2018-01-24 11:31:41.258,1.560301
4013,2018-01-24 11:31:41.359,1.560301
4014,2018-01-24 11:31:41.458,1.560301
4015,2018-01-24 11:31:41.558,1.560301
4016,2018-01-24 11:31:41.658,1.560301
4017,2018-01-24 11:31:41.758,1.560301
4018,2018-01-24 11:31:41.858,1.560301
4019,2018-01-24 11:31:41.958,1.560301
4020,2018-01-24 11:31:42.058,1.560301
4021,2018-01-24 11:31:42.158,1.560301
4022,2018-01-24 11:31:42.258,1.3202129999999999
4023,2018-01-24 11:31:42.358,1.3202129999999999
4024,2018-01-24 11:31:42.458,1.3202129999999999
4025,2018-01-24 11:31:42.558,1.3202129999999999
4026,2018-01-24 11:31:42.658,1.3202129999999999
4027,2018-01-24 11:31:42.758,1.3202129999999999
4028,2018-01-24 11:31:42.858,1.3202129999999999
4029,2018-01-24 11:31:42.958,1.3202129999999999
4030,2018-01-24 11:31:43.059,1.3202129999999999
4031,2018-01-24 11:31:43.158,1.3202129999999999
4032,2018-01-24 11:31:43.258,1.1428120000000002
4033,2018-01-24 11:31:43.358,1.1428120000000002
4034,2018-01-24 11:31:43.458,1.1428120000000002
4035,2018-01-24 11:31:43.558,1.1428120000000002
4036,2018-01-24 11:31:43.658,1.1428120000000002
4037,2018-01-24 11:31:43.758,1.1428120000000002
4038,2018-01-24 11:31:43.858,1.1428120000000002
4039,2018-01-24 11:31:43.959,1.1428120000000002
4040,2018-01-24 11:31:44.059,1.1428120000000002
4041,2018-01-24 11:31:44.159,1.1428120000000002
4042,2018-01-24 11:31:44.259,1.0845870000000002
4043,2018-01-24 11:31:44.359,1.0845870000000002
4044,2018-01-24 11:31:44.459,1.0845870000000002
4045,2018-01-24 11:31:44.559,1.0845870000000002
4046,2018-01-24 11:31:44.659,1.0845870000000002
4047,2018-01-24 11:31:44.759,1.0845870000000002
4048,2018-01-24 11:31:44.859,1.0845870000000002
4049,2018-01-24 11:31:44.960,1.0845870000000002
4050,2018-01-24 11:31:45.060,1.0845870000000002
4051,2018-01-24 11:31:45.159,1.0845870000000002
4052,2018-01-24 11:31:45.259,1.217489
4053,2018-01-24 11:31:45.359,1.217489
4054,2018-01-24 11:31:45.459,1.217489
4055,2018-01-24 11:31:45.559,1.217489
4056,2018-01-24 11:31:45.659,1.217489
4057,2018-01-24 11:31:45.759,1.217489
4058,2018-01-24 11:31:45.857,1.217489
4059,2018-01-24 11:31:45.957,1.217489
4060,2018-01-24 11:31:46.057,1.217489
4061,2018-01-24 11:31:46.157,1.217489
4062,2018-01-24 11:31:46.257,1.42935
4063,2018-01-24 11:31:46.357,1.42935
4064,2018-01-24 11:31:46.457,1.42935
4065,2018-01-24 11:31:46.557,1.42935
4066,2018-01-24 11:31:46.657,1.42935
4067,2018-01-24 11:31:46.758,1.42935
4068,2018-01-24 11:31:46.857,1.42935
4069,2018-01-24 11:31:46.957,1.42935
4070,2018-01-24 11:31:47.058,1.42935
4071,2018-01-24 11:31:47.159,1.42935
4072,2018-01-24 11:31:47.259,1.6121379999999998
4073,2018-01-24 11:31:47.359,1.6121379999999998
4074,2018-01-24 11:31:47.458,1.6121379999999998
4075,2018-01-24 11:31:47.558,1.6121379999999998
4076,2018-01-24 11:31:47.658,1.6121379999999998
4077,2018-01-24 11:31:47.758,1.6121379999999998
4078,2018-01-24 11:31:47.858,1.6121379999999998
4079,2018-01-24 11:31:47.958,1.6121379999999998
4080,2018-01-24 11:31:48.058,1.6121379999999998
4081,2018-01-24 11:31:48.158,1.6121379999999998
4082,2018-01-24 11:31:48.258,1.706596
4083,2018-01-24 11:31:48.358,1.706596
4084,2018-01-24 11:31:48.458,1.706596
4085,2018-01-24 11:31:48.558,1.706596
4086,2018-01-24 11:31:48.659,1.706596
4087,2018-01-24 11:31:48.758,1.706596
4088,2018-01-24 11:31:48.858,1.706596
4089,2018-01-24 11:31:48.959,1.706596
4090,2018-01-24 11:31:49.059,1.706596
4091,2018-01-24 11:31:49.159,1.706596
4092,2018-01-24 11:31:49.259,1.698886
4093,2018-01-24 11:31:49.358,1.698886
4094,2018-01-24 11:31:49.458,1.698886
4095,2018-01-24 11:31:49.558,1.698886
4096,2018-01-24 11:31:49.658,1.698886
4097,2018-01-24 11:31:49.758,1.698886
4098,2018-01-24 11:31:49.859,1.698886
4099,2018-01-24 11:31:49.958,1.698886
4100,2018-01-24 11:31:50.058,1.698886
4101,2018-01-24 11:31:50.159,1.698886
4102,2018-01-24 11:31:50.259,1.66173
4103,2018-01-24 11:31:50.359,1.66173
4104,2018-01-24 11:31:50.459,1.66173
4105,2018-01-24 11:31:50.560,1.66173
4106,2018-01-24 11:31:50.660,1.66173
4107,2018-01-24 11:31:50.760,1.66173
4108,2018-01-24 11:31:50.859,1.66173
4109,2018-01-24 11:31:50.959,1.66173
4110,2018-01-24 11:31:51.059,1.66173
4111,2018-01-24 11:31:51.158,1.66173
4112,2018-01-24 11:31:51.258,1.6774810000000002
4113,2018-01-24 11:31:51.359,1.6774810000000002
4114,2018-01-24 11:31:51.458,1.6774810000000002
4115,2018-01-24 11:31:51.558,1.6774810000000002
4116,2018-01-24 11:31:51.658,1.6774810000000002
4117,2018-01-24 11:31:51.758,1.6774810000000002
4118,2018-01-24 11:31:51.858,1.6774810000000002
4119,2018-01-24 11:31:51.958,1.6774810000000002
4120,2018-01-24 11:31:52.058,1.6774810000000002
4121,2018-01-24 11:31:52.158,1.6774810000000002
4122,2018-01-24 11:31:52.258,1.7950309999999998
4123,2018-01-24 11:31:52.358,1.7950309999999998
4124,2018-01-24 11:31:52.458,1.7950309999999998
4125,2018-01-24 11:31:52.559,1.7950309999999998
4126,2018-01-24 11:31:52.659,1.7950309999999998
4127,2018-01-24 11:31:52.759,1.7950309999999998
4128,2018-01-24 11:31:52.858,1.7950309999999998
4129,2018-01-24 11:31:52.959,1.7950309999999998
4130,2018-01-24 11:31:53.059,1.7950309999999998
4131,2018-01-24 11:31:53.159,1.7950309999999998
4132,2018-01-24 11:31:53.260,1.881333
4133,2018-01-24 11:31:53.359,1.881333
4134,2018-01-24 11:31:53.459,1.881333
4135,2018-01-24 11:31:53.559,1.881333
4136,2018-01-24 11:31:53.659,1.881333
4137,2018-01-24 11:31:53.759,1.881333
4138,2018-01-24 11:31:53.859,1.881333
4139,2018-01-24 11:31:53.959,1.881333
4140,2018-01-24 11:31:54.059,1.881333
4141,2018-01-24 11:31:54.159,1.881333
4142,2018-01-24 11:31:54.259,1.8973119999999999
4143,2018-01-24 11:31:54.359,1.8973119999999999
4144,2018-01-24 11:31:54.459,1.8973119999999999
4145,2018-01-24 11:31:54.560,1.8973119999999999
4146,2018-01-24 11:31:54.660,1.8973119999999999
4147,2018-01-24 11:31:54.759,1.8973119999999999
4148,2018-01-24 11:31:54.860,1.8973119999999999
4149,2018-01-24 11:31:54.959,1.8973119999999999
4150,2018-01-24 11:31:55.059,1.8973119999999999
4151,2018-01-24 11:31:55.159,1.8973119999999999
4152,2018-01-24 11:31:55.260,1.90558
4153,2018-01-24 11:31:55.360,1.90558
4154,2018-01-24 11:31:55.459,1.90558
4155,2018-01-24 11:31:55.559,1.90558
4156,2018-01-24 11:31:55.659,1.90558
4157,2018-01-24 11:31:55.759,1.90558
4158,2018-01-24 11:31:55.857,1.90558
4159,2018-01-24 11:31:55.957,1.90558
4160,2018-01-24 11:31:56.057,1.90558
4161,2018-01-24 11:31:56.158,1.90558
4162,2018-01-24 11:31:56.258,1.974135
4163,2018-01-24 11:31:56.358,1.974135
4164,2018-01-24 11:31:56.458,1.974135
4165,2018-01-24 11:31:56.558,1.974135
4166,2018-01-24 11:31:56.658,1.974135
4167,2018-01-24 11:31:56.758,1.974135
4168,2018-01-24 11:31:56.858,1.974135
4169,2018-01-24 11:31:56.959,1.974135
4170,2018-01-24 11:31:57.058,1.974135
4171,2018-01-24 11:31:57.159,1.974135
4172,2018-01-24 11:31:57.259,2.110137
4173,2018-01-24 11:31:57.359,2.110137
4174,2018-01-24 11:31:57.458,2.110137
4175,2018-01-24 11:31:57.558,2.110137
4176,2018-01-24 11:31:57.658,2.110137
4177,2018-01-24 11:31:57.758,2.110137
4178,2018-01-24 11:31:57.858,2.110137
4179,2018-01-24 11:31:57.958,2.110137
4180,2018-01-24 11:31:58.058,2.110137
4181,2018-01-24 11:31:58.158,2.110137
4182,2018-01-24 11:31:58.258,2.184628
4183,2018-01-24 11:31:58.358,2.184628
4184,2018-01-24 11:31:58.459,2.184628
4185,2018-01-24 11:31:58.558,2.184628
4186,2018-01-24 11:31:58.658,2.184628
4187,2018-01-24 11:31:58.758,2.184628
4188,2018-01-24 11:31:58.859,2.184628
4189,2018-01-24 11:31:58.959,2.184628
4190,2018-01-24 11:31:59.059,2.184628
4191,2018-01-24 11:31:59.159,2.184628
4192,2018-01-24 11:31:59.260,2.1373990000000003
4193,2018-01-24 11:31:59.360,2.1373990000000003
4194,2018-01-24 11:31:59.459,2.1373990000000003
4195,2018-01-24 11:31:59.559,2.1373990000000003
4196,2018-01-24 11:31:59.659,2.1373990000000003
4197,2018-01-24 11:31:59.759,2.1373990000000003
4198,2018-01-24 11:31:59.859,2.1373990000000003
4199,2018-01-24 11:31:59.959,2.1373990000000003
4200,2018-01-24 11:32:00.059,2.1373990000000003
4201,2018-01-24 11:32:00.159,2.1373990000000003
4202,2018-01-24 11:32:00.259,1.992948
4203,2018-01-24 11:32:00.359,1.992948
4204,2018-01-24 11:32:00.459,1.992948
4205,2018-01-24 11:32:00.559,1.992948
4206,2018-01-24 11:32:00.659,1.992948
4207,2018-01-24 11:32:00.759,1.992948
4208,2018-01-24 11:32:00.858,1.992948
4209,2018-01-24 11:32:00.958,1.992948
4210,2018-01-24 11:32:01.058,1.992948
4211,2018-01-24 11:32:01.159,1.992948
4212,2018-01-24 11:32:01.258,1.81138
4213,2018-01-24 11:32:01.358,1.81138
4214,2018-01-24 11:32:01.459,1.81138
4215,2018-01-24 11:32:01.558,1.81138
4216,2018-01-24 11:32:01.658,1.81138
4217,2018-01-24 11:32:01.758,1.81138
4218,2018-01-24 11:32:01.858,1.81138
4219,2018-01-24 11:32:01.958,1.81138
4220,2018-01-24 11:32:02.059,1.81138
4221,2018-01-24 11:32:02.159,1.81138
4222,2018-01-24 11:32:02.259,1.638004
4223,2018-01-24 11:32:02.359,1.638004
4224,2018-01-24 11:32:02.459,1.638004
4225,2018-01-24 11:32:02.559,1.638004
4226,2018-01-24 11:32:02.659,1.638004
4227,2018-01-24 11:32:02.760,1.638004
4228,2018-01-24 11:32:02.859,1.638004
4229,2018-01-24 11:32:02.959,1.638004
4230,2018-01-24 11:32:03.060,1.638004
4231,2018-01-24 11:32:03.159,1.638004
4232,2018-01-24 11:32:03.259,1.495916
4233,2018-01-24 11:32:03.359,1.495916
4234,2018-01-24 11:32:03.460,1.495916
4235,2018-01-24 11:32:03.559,1.495916
4236,2018-01-24 11:32:03.659,1.495916
4237,2018-01-24 11:32:03.759,1.495916
4238,2018-01-24 11:32:03.859,1.495916
4239,2018-01-24 11:32:03.959,1.495916
4240,2018-01-24 11:32:04.059,1.495916
4241,2018-01-24 11:32:04.159,1.495916
4242,2018-01-24 11:32:04.259,1.429724
4243,2018-01-24 11:32:04.359,1.429724
4244,2018-01-24 11:32:04.459,1.429724
4245,2018-01-24 11:32:04.559,1.429724
4246,2018-01-24 11:32:04.659,1.429724
4247,2018-01-24 11:32:04.760,1.429724
4248,2018-01-24 11:32:04.860,1.429724
4249,2018-01-24 11:32:04.960,1.429724
4250,2018-01-24 11:32:05.059,1.429724
4251,2018-01-24 11:32:05.159,1.429724
4252,2018-01-24 11:32:05.261,1.439908
4253,2018-01-24 11:32:05.361,1.439908
4254,2018-01-24 11:32:05.460,1.439908
4255,2018-01-24 11:32:05.560,1.439908
4256,2018-01-24 11:32:05.660,1.439908
4257,2018-01-24 11:32:05.760,1.439908
4258,2018-01-24 11:32:05.858,1.439908
4259,2018-01-24 11:32:05.958,1.439908
4260,2018-01-24 11:32:06.058,1.439908
4261,2018-01-24 11:32:06.158,1.439908
4262,2018-01-24 11:32:06.258,1.528165
4263,2018-01-24 11:32:06.358,1.528165
4264,2018-01-24 11:32:06.458,1.528165
4265,2018-01-24 11:32:06.559,1.528165
4266,2018-01-24 11:32:06.658,1.528165
4267,2018-01-24 11:32:06.759,1.528165
4268,2018-01-24 11:32:06.858,1.528165
4269,2018-01-24 11:32:06.959,1.528165
4270,2018-01-24 11:32:07.059,1.528165
4271,2018-01-24 11:32:07.159,1.528165
4272,2018-01-24 11:32:07.258,1.610258
4273,2018-01-24 11:32:07.358,1.610258
4274,2018-01-24 11:32:07.458,1.610258
4275,2018-01-24 11:32:07.558,1.610258
4276,2018-01-24 11:32:07.658,1.610258
4277,2018-01-24 11:32:07.758,1.610258
4278,2018-01-24 11:32:07.858,1.610258
4279,2018-01-24 11:32:07.958,1.610258
4280,2018-01-24 11:32:08.058,1.610258
4281,2018-01-24 11:32:08.159,1.610258
4282,2018-01-24 11:32:08.259,1.5284200000000001
4283,2018-01-24 11:32:08.359,1.5284200000000001
4284,2018-01-24 11:32:08.459,1.5284200000000001
4285,2018-01-24 11:32:08.559,1.5284200000000001
4286,2018-01-24 11:32:08.660,1.5284200000000001
4287,2018-01-24 11:32:08.760,1.5284200000000001
4288,2018-01-24 11:32:08.859,1.5284200000000001
4289,2018-01-24 11:32:08.960,1.5284200000000001
4290,2018-01-24 11:32:09.060,1.5284200000000001
4291,2018-01-24 11:32:09.159,1.5284200000000001
4292,2018-01-24 11:32:09.259,1.180891
4293,2018-01-24 11:32:09.359,1.180891
4294,2018-01-24 11:32:09.459,1.180891
4295,2018-01-24 11:32:09.559,1.180891
4296,2018-01-24 11:32:09.659,1.180891
4297,2018-01-24 11:32:09.759,1.180891
4298,2018-01-24 11:32:09.859,1.180891
4299,2018-01-24 11:32:09.959,1.180891
4300,2018-01-24 11:32:10.059,1.180891
4301,2018-01-24 11:32:10.159,1.180891
4302,2018-01-24 11:32:10.259,0.728945
4303,2018-01-24 11:32:10.359,0.728945
4304,2018-01-24 11:32:10.459,0.728945
4305,2018-01-24 11:32:10.559,0.728945
4306,2018-01-24 11:32:10.660,0.728945
4307,2018-01-24 11:32:10.759,0.728945
4308,2018-01-24 11:32:10.858,0.728945
4309,2018-01-24 11:32:10.959,0.728945
4310,2018-01-24 11:32:11.059,0.728945
4311,2018-01-24 11:32:11.159,0.728945
4312,2018-01-24 11:32:11.259,0.420527
4313,2018-01-24 11:32:11.359,0.420527
4314,2018-01-24 11:32:11.459,0.420527
4315,2018-01-24 11:32:11.559,0.420527
4316,2018-01-24 11:32:11.660,0.420527
4317,2018-01-24 11:32:11.759,0.420527
4318,2018-01-24 11:32:11.859,0.420527
4319,2018-01-24 11:32:11.959,0.420527
4320,2018-01-24 11:32:12.059,0.420527
4321,2018-01-24 11:32:12.159,0.420527
4322,2018-01-24 11:32:12.260,0.485465
4323,2018-01-24 11:32:12.359,0.485465
4324,2018-01-24 11:32:12.459,0.485465
4325,2018-01-24 11:32:12.560,0.485465
4326,2018-01-24 11:32:12.659,0.485465
4327,2018-01-24 11:32:12.759,0.485465
4328,2018-01-24 11:32:12.860,0.485465
4329,2018-01-24 11:32:12.959,0.485465
4330,2018-01-24 11:32:13.059,0.485465
4331,2018-01-24 11:32:13.160,0.485465
4332,2018-01-24 11:32:13.259,0.7562099999999999
4333,2018-01-24 11:32:13.360,0.7562099999999999
4334,2018-01-24 11:32:13.459,0.7562099999999999
4335,2018-01-24 11:32:13.559,0.7562099999999999
4336,2018-01-24 11:32:13.659,0.7562099999999999
4337,2018-01-24 11:32:13.759,0.7562099999999999
4338,2018-01-24 11:32:13.859,0.7562099999999999
4339,2018-01-24 11:32:13.959,0.7562099999999999
4340,2018-01-24 11:32:14.059,0.7562099999999999
4341,2018-01-24 11:32:14.160,0.7562099999999999
4342,2018-01-24 11:32:14.260,1.0332290000000002
4343,2018-01-24 11:32:14.360,1.0332290000000002
4344,2018-01-24 11:32:14.460,1.0332290000000002
4345,2018-01-24 11:32:14.561,1.0332290000000002
4346,2018-01-24 11:32:14.661,1.0332290000000002
4347,2018-01-24 11:32:14.761,1.0332290000000002
4348,2018-01-24 11:32:14.860,1.0332290000000002
4349,2018-01-24 11:32:14.961,1.0332290000000002
4350,2018-01-24 11:32:15.061,1.0332290000000002
4351,2018-01-24 11:32:15.160,1.0332290000000002
4352,2018-01-24 11:32:15.260,1.170744
4353,2018-01-24 11:32:15.361,1.170744
4354,2018-01-24 11:32:15.460,1.170744
4355,2018-01-24 11:32:15.560,1.170744
4356,2018-01-24 11:32:15.660,1.170744
4357,2018-01-24 11:32:15.760,1.170744
4358,2018-01-24 11:32:15.858,1.170744
4359,2018-01-24 11:32:15.958,1.170744
4360,2018-01-24 11:32:16.058,1.170744
4361,2018-01-24 11:32:16.158,1.170744
4362,2018-01-24 11:32:16.258,1.151485
4363,2018-01-24 11:32:16.358,1.151485
4364,2018-01-24 11:32:16.458,1.151485
4365,2018-01-24 11:32:16.559,1.151485
4366,2018-01-24 11:32:16.659,1.151485
4367,2018-01-24 11:32:16.758,1.151485
4368,2018-01-24 11:32:16.859,1.151485
4369,2018-01-24 11:32:16.958,1.151485
4370,2018-01-24 11:32:17.058,1.151485
4371,2018-01-24 11:32:17.158,1.151485
4372,2018-01-24 11:32:17.259,1.039763
4373,2018-01-24 11:32:17.360,1.039763
4374,2018-01-24 11:32:17.459,1.039763
4375,2018-01-24 11:32:17.559,1.039763
4376,2018-01-24 11:32:17.659,1.039763
4377,2018-01-24 11:32:17.759,1.039763
4378,2018-01-24 11:32:17.859,1.039763
4379,2018-01-24 11:32:17.959,1.039763
4380,2018-01-24 11:32:18.059,1.039763
4381,2018-01-24 11:32:18.159,1.039763
4382,2018-01-24 11:32:18.259,0.914312
4383,2018-01-24 11:32:18.359,0.914312
4384,2018-01-24 11:32:18.459,0.914312
4385,2018-01-24 11:32:18.559,0.914312
4386,2018-01-24 11:32:18.660,0.914312
4387,2018-01-24 11:32:18.759,0.914312
4388,2018-01-24 11:32:18.859,0.914312
4389,2018-01-24 11:32:18.959,0.914312
4390,2018-01-24 11:32:19.060,0.914312
4391,2018-01-24 11:32:19.159,0.914312
4392,2018-01-24 11:32:19.260,0.8842019999999999
4393,2018-01-24 11:32:19.360,0.8842019999999999
4394,2018-01-24 11:32:19.459,0.8842019999999999
4395,2018-01-24 11:32:19.559,0.8842019999999999
4396,2018-01-24 11:32:19.659,0.8842019999999999
4397,2018-01-24 11:32:19.759,0.8842019999999999
4398,2018-01-24 11:32:19.859,0.8842019999999999
4399,2018-01-24 11:32:19.959,0.8842019999999999
4400,2018-01-24 11:32:20.059,0.8842019999999999
4401,2018-01-24 11:32:20.159,0.8842019999999999
4402,2018-01-24 11:32:20.260,0.967513
4403,2018-01-24 11:32:20.359,0.967513
4404,2018-01-24 11:32:20.460,0.967513
4405,2018-01-24 11:32:20.560,0.967513
4406,2018-01-24 11:32:20.660,0.967513
4407,2018-01-24 11:32:20.760,0.967513
4408,2018-01-24 11:32:20.859,0.967513
4409,2018-01-24 11:32:20.959,0.967513
4410,2018-01-24 11:32:21.059,0.967513
4411,2018-01-24 11:32:21.159,0.967513
4412,2018-01-24 11:32:21.259,1.248887
4413,2018-01-24 11:32:21.359,1.248887
4414,2018-01-24 11:32:21.459,1.248887
4415,2018-01-24 11:32:21.559,1.248887
4416,2018-01-24 11:32:21.659,1.248887
4417,2018-01-24 11:32:21.759,1.248887
4418,2018-01-24 11:32:21.859,1.248887
4419,2018-01-24 11:32:21.959,1.248887
4420,2018-01-24 11:32:22.059,1.248887
4421,2018-01-24 11:32:22.159,1.248887
4422,2018-01-24 11:32:22.259,1.61483
4423,2018-01-24 11:32:22.359,1.61483
4424,2018-01-24 11:32:22.459,1.61483
4425,2018-01-24 11:32:22.559,1.61483
4426,2018-01-24 11:32:22.659,1.61483
4427,2018-01-24 11:32:22.759,1.61483
4428,2018-01-24 11:32:22.859,1.61483
4429,2018-01-24 11:32:22.959,1.61483
4430,2018-01-24 11:32:23.059,1.61483
4431,2018-01-24 11:32:23.159,1.61483
4432,2018-01-24 11:32:23.259,1.829054
4433,2018-01-24 11:32:23.360,1.829054
4434,2018-01-24 11:32:23.460,1.829054
4435,2018-01-24 11:32:23.560,1.829054
4436,2018-01-24 11:32:23.660,1.829054
4437,2018-01-24 11:32:23.760,1.829054
4438,2018-01-24 11:32:23.860,1.829054
4439,2018-01-24 11:32:23.960,1.829054
4440,2018-01-24 11:32:24.060,1.829054
4441,2018-01-24 11:32:24.160,1.829054
4442,2018-01-24 11:32:24.260,1.7766609999999998
4443,2018-01-24 11:32:24.360,1.7766609999999998
4444,2018-01-24 11:32:24.460,1.7766609999999998
4445,2018-01-24 11:32:24.560,1.7766609999999998
4446,2018-01-24 11:32:24.660,1.7766609999999998
4447,2018-01-24 11:32:24.760,1.7766609999999998
4448,2018-01-24 11:32:24.860,1.7766609999999998
4449,2018-01-24 11:32:24.960,1.7766609999999998
4450,2018-01-24 11:32:25.060,1.7766609999999998
4451,2018-01-24 11:32:25.160,1.7766609999999998
4452,2018-01-24 11:32:25.260,1.6271930000000001
4453,2018-01-24 11:32:25.360,1.6271930000000001
4454,2018-01-24 11:32:25.460,1.6271930000000001
4455,2018-01-24 11:32:25.560,1.6271930000000001
4456,2018-01-24 11:32:25.660,1.6271930000000001
4457,2018-01-24 11:32:25.760,1.6271930000000001
4458,2018-01-24 11:32:25.858,1.6271930000000001
4459,2018-01-24 11:32:25.958,1.6271930000000001
4460,2018-01-24 11:32:26.058,1.6271930000000001
4461,2018-01-24 11:32:26.158,1.6271930000000001
4462,2018-01-24 11:32:26.259,1.507351
4463,2018-01-24 11:32:26.359,1.507351
4464,2018-01-24 11:32:26.459,1.507351
4465,2018-01-24 11:32:26.559,1.507351
4466,2018-01-24 11:32:26.660,1.507351
4467,2018-01-24 11:32:26.760,1.507351
4468,2018-01-24 11:32:26.859,1.507351
4469,2018-01-24 11:32:26.959,1.507351
4470,2018-01-24 11:32:27.059,1.507351
4471,2018-01-24 11:32:27.159,1.507351
4472,2018-01-24 11:32:27.260,1.5764559999999999
4473,2018-01-24 11:32:27.360,1.5764559999999999
4474,2018-01-24 11:32:27.459,1.5764559999999999
4475,2018-01-24 11:32:27.559,1.5764559999999999
4476,2018-01-24 11:32:27.659,1.5764559999999999
4477,2018-01-24 11:32:27.759,1.5764559999999999
4478,2018-01-24 11:32:27.859,1.5764559999999999
4479,2018-01-24 11:32:27.959,1.5764559999999999
4480,2018-01-24 11:32:28.059,1.5764559999999999
4481,2018-01-24 11:32:28.159,1.5764559999999999
4482,2018-01-24 11:32:28.259,1.806283
4483,2018-01-24 11:32:28.359,1.806283
4484,2018-01-24 11:32:28.459,1.806283
4485,2018-01-24 11:32:28.559,1.806283
4486,2018-01-24 11:32:28.659,1.806283
4487,2018-01-24 11:32:28.760,1.806283
4488,2018-01-24 11:32:28.859,1.806283
4489,2018-01-24 11:32:28.959,1.806283
4490,2018-01-24 11:32:29.059,1.806283
4491,2018-01-24 11:32:29.160,1.806283
4492,2018-01-24 11:32:29.260,2.057032
4493,2018-01-24 11:32:29.361,2.057032
4494,2018-01-24 11:32:29.460,2.057032
4495,2018-01-24 11:32:29.560,2.057032
4496,2018-01-24 11:32:29.660,2.057032
4497,2018-01-24 11:32:29.760,2.057032
4498,2018-01-24 11:32:29.860,2.057032
4499,2018-01-24 11:32:29.960,2.057032
4500,2018-01-24 11:32:30.060,2.057032
4501,2018-01-24 11:32:30.160,2.057032
4502,2018-01-24 11:32:30.260,2.247936
4503,2018-01-24 11:32:30.360,2.247936
4504,2018-01-24 11:32:30.460,2.247936
4505,2018-01-24 11:32:30.560,2.247936
4506,2018-01-24 11:32:30.660,2.247936
4507,2018-01-24 11:32:30.760,2.247936
4508,2018-01-24 11:32:30.859,2.247936
4509,2018-01-24 11:32:30.959,2.247936
4510,2018-01-24 11:32:31.059,2.247936
4511,2018-01-24 11:32:31.159,2.247936
4512,2018-01-24 11:32:31.260,2.3504009999999997
4513,2018-01-24 11:32:31.360,2.3504009999999997
4514,2018-01-24 11:32:31.459,2.3504009999999997
4515,2018-01-24 11:32:31.559,2.3504009999999997
4516,2018-01-24 11:32:31.659,2.3504009999999997
4517,2018-01-24 11:32:31.759,2.3504009999999997
4518,2018-01-24 11:32:31.859,2.3504009999999997
4519,2018-01-24 11:32:31.959,2.3504009999999997
4520,2018-01-24 11:32:32.059,2.3504009999999997
4521,2018-01-24 11:32:32.159,2.3504009999999997
4522,2018-01-24 11:32:32.259,2.3649400000000003
4523,2018-01-24 11:32:32.360,2.3649400000000003
4524,2018-01-24 11:32:32.460,2.3649400000000003
4525,2018-01-24 11:32:32.560,2.3649400000000003
4526,2018-01-24 11:32:32.660,2.3649400000000003
4527,2018-01-24 11:32:32.760,2.3649400000000003
4528,2018-01-24 11:32:32.860,2.3649400000000003
4529,2018-01-24 11:32:32.961,2.3649400000000003
4530,2018-01-24 11:32:33.060,2.3649400000000003
4531,2018-01-24 11:32:33.161,2.3649400000000003
4532,2018-01-24 11:32:33.261,2.327011
4533,2018-01-24 11:32:33.360,2.327011
4534,2018-01-24 11:32:33.460,2.327011
4535,2018-01-24 11:32:33.560,2.327011
4536,2018-01-24 11:32:33.660,2.327011
4537,2018-01-24 11:32:33.760,2.327011
4538,2018-01-24 11:32:33.860,2.327011
4539,2018-01-24 11:32:33.960,2.327011
4540,2018-01-24 11:32:34.060,2.327011
4541,2018-01-24 11:32:34.160,2.327011
4542,2018-01-24 11:32:34.260,2.248311
4543,2018-01-24 11:32:34.360,2.248311
4544,2018-01-24 11:32:34.460,2.248311
4545,2018-01-24 11:32:34.560,2.248311
4546,2018-01-24 11:32:34.660,2.248311
4547,2018-01-24 11:32:34.761,2.248311
4548,2018-01-24 11:32:34.860,2.248311
4549,2018-01-24 11:32:34.961,2.248311
4550,2018-01-24 11:32:35.060,2.248311
4551,2018-01-24 11:32:35.160,2.248311
4552,2018-01-24 11:32:35.261,2.170162
4553,2018-01-24 11:32:35.361,2.170162
4554,2018-01-24 11:32:35.460,2.170162
4555,2018-01-24 11:32:35.561,2.170162
4556,2018-01-24 11:32:35.661,2.170162
4557,2018-01-24 11:32:35.761,2.170162
4558,2018-01-24 11:32:35.858,2.170162
4559,2018-01-24 11:32:35.958,2.170162
4560,2018-01-24 11:32:36.058,2.170162
4561,2018-01-24 11:32:36.158,2.170162
4562,2018-01-24 11:32:36.258,2.13116
4563,2018-01-24 11:32:36.358,2.13116
4564,2018-01-24 11:32:36.458,2.13116
4565,2018-01-24 11:32:36.558,2.13116
4566,2018-01-24 11:32:36.658,2.13116
4567,2018-01-24 11:32:36.758,2.13116
4568,2018-01-24 11:32:36.858,2.13116
4569,2018-01-24 11:32:36.958,2.13116
4570,2018-01-24 11:32:37.058,2.13116
4571,2018-01-24 11:32:37.158,2.13116
4572,2018-01-24 11:32:37.258,2.207867
4573,2018-01-24 11:32:37.358,2.207867
4574,2018-01-24 11:32:37.458,2.207867
4575,2018-01-24 11:32:37.558,2.207867
4576,2018-01-24 11:32:37.658,2.207867
4577,2018-01-24 11:32:37.758,2.207867
4578,2018-01-24 11:32:37.858,2.207867
4579,2018-01-24 11:32:37.958,2.207867
4580,2018-01-24 11:32:38.058,2.207867
4581,2018-01-24 11:32:38.158,2.207867
4582,2018-01-24 11:32:38.258,2.34885
4583,2018-01-24 11:32:38.359,2.34885
4584,2018-01-24 11:32:38.459,2.34885
4585,2018-01-24 11:32:38.559,2.34885
4586,2018-01-24 11:32:38.659,2.34885
4587,2018-01-24 11:32:38.760,2.34885
4588,2018-01-24 11:32:38.859,2.34885
4589,2018-01-24 11:32:38.959,2.34885
4590,2018-01-24 11:32:39.059,2.34885
4591,2018-01-24 11:32:39.159,2.34885
4592,2018-01-24 11:32:39.259,2.440097
4593,2018-01-24 11:32:39.359,2.440097
4594,2018-01-24 11:32:39.460,2.440097
4595,2018-01-24 11:32:39.560,2.440097
4596,2018-01-24 11:32:39.659,2.440097
4597,2018-01-24 11:32:39.759,2.440097
4598,2018-01-24 11:32:39.859,2.440097
4599,2018-01-24 11:32:39.959,2.440097
4600,2018-01-24 11:32:40.059,2.440097
4601,2018-01-24 11:32:40.159,2.440097
4602,2018-01-24 11:32:40.259,2.428107
4603,2018-01-24 11:32:40.359,2.428107
4604,2018-01-24 11:32:40.459,2.428107
4605,2018-01-24 11:32:40.559,2.428107
4606,2018-01-24 11:32:40.660,2.428107
4607,2018-01-24 11:32:40.759,2.428107
4608,2018-01-24 11:32:40.858,2.428107
4609,2018-01-24 11:32:40.958,2.428107
4610,2018-01-24 11:32:41.058,2.428107
4611,2018-01-24 11:32:41.158,2.428107
4612,2018-01-24 11:32:41.258,2.297199
4613,2018-01-24 11:32:41.359,2.297199
4614,2018-01-24 11:32:41.458,2.297199
4615,2018-01-24 11:32:41.559,2.297199
4616,2018-01-24 11:32:41.659,2.297199
4617,2018-01-24 11:32:41.759,2.297199
4618,2018-01-24 11:32:41.859,2.297199
4619,2018-01-24 11:32:41.959,2.297199
4620,2018-01-24 11:32:42.059,2.297199
4621,2018-01-24 11:32:42.159,2.297199
4622,2018-01-24 11:32:42.259,2.193557
4623,2018-01-24 11:32:42.359,2.193557
4624,2018-01-24 11:32:42.459,2.193557
4625,2018-01-24 11:32:42.559,2.193557
4626,2018-01-24 11:32:42.659,2.193557
4627,2018-01-24 11:32:42.759,2.193557
4628,2018-01-24 11:32:42.859,2.193557
4629,2018-01-24 11:32:42.959,2.193557
4630,2018-01-24 11:32:43.059,2.193557
4631,2018-01-24 11:32:43.159,2.193557
4632,2018-01-24 11:32:43.259,2.206913
4633,2018-01-24 11:32:43.359,2.206913
4634,2018-01-24 11:32:43.459,2.206913
4635,2018-01-24 11:32:43.559,2.206913
4636,2018-01-24 11:32:43.659,2.206913
4637,2018-01-24 11:32:43.759,2.206913
4638,2018-01-24 11:32:43.859,2.206913
4639,2018-01-24 11:32:43.959,2.206913
4640,2018-01-24 11:32:44.059,2.206913
4641,2018-01-24 11:32:44.159,2.206913
4642,2018-01-24 11:32:44.259,2.316865
4643,2018-01-24 11:32:44.359,2.316865
4644,2018-01-24 11:32:44.460,2.316865
4645,2018-01-24 11:32:44.559,2.316865
4646,2018-01-24 11:32:44.660,2.316865
4647,2018-01-24 11:32:44.760,2.316865
4648,2018-01-24 11:32:44.860,2.316865
4649,2018-01-24 11:32:44.960,2.316865
4650,2018-01-24 11:32:45.060,2.316865
4651,2018-01-24 11:32:45.160,2.316865
4652,2018-01-24 11:32:45.260,2.403314
4653,2018-01-24 11:32:45.360,2.403314
4654,2018-01-24 11:32:45.460,2.403314
4655,2018-01-24 11:32:45.560,2.403314
4656,2018-01-24 11:32:45.660,2.403314
4657,2018-01-24 11:32:45.760,2.403314
4658,2018-01-24 11:32:45.858,2.403314
4659,2018-01-24 11:32:45.958,2.403314
4660,2018-01-24 11:32:46.058,2.403314
4661,2018-01-24 11:32:46.158,2.403314
4662,2018-01-24 11:32:46.258,2.381655
4663,2018-01-24 11:32:46.358,2.381655
4664,2018-01-24 11:32:46.458,2.381655
4665,2018-01-24 11:32:46.558,2.381655
4666,2018-01-24 11:32:46.659,2.381655
4667,2018-01-24 11:32:46.759,2.381655
4668,2018-01-24 11:32:46.859,2.381655
4669,2018-01-24 11:32:46.958,2.381655
4670,2018-01-24 11:32:47.059,2.381655
4671,2018-01-24 11:32:47.159,2.381655
4672,2018-01-24 11:32:47.258,2.297972
4673,2018-01-24 11:32:47.359,2.297972
4674,2018-01-24 11:32:47.458,2.297972
4675,2018-01-24 11:32:47.559,2.297972
4676,2018-01-24 11:32:47.659,2.297972
4677,2018-01-24 11:32:47.759,2.297972
4678,2018-01-24 11:32:47.859,2.297972
4679,2018-01-24 11:32:47.959,2.297972
4680,2018-01-24 11:32:48.059,2.297972
4681,2018-01-24 11:32:48.159,2.297972
4682,2018-01-24 11:32:48.259,2.21215
4683,2018-01-24 11:32:48.359,2.21215
4684,2018-01-24 11:32:48.459,2.21215
4685,2018-01-24 11:32:48.559,2.21215
4686,2018-01-24 11:32:48.659,2.21215
4687,2018-01-24 11:32:48.759,2.21215
4688,2018-01-24 11:32:48.860,2.21215
4689,2018-01-24 11:32:48.959,2.21215
4690,2018-01-24 11:32:49.059,2.21215
4691,2018-01-24 11:32:49.159,2.21215
4692,2018-01-24 11:32:49.260,2.256685
4693,2018-01-24 11:32:49.360,2.256685
4694,2018-01-24 11:32:49.459,2.256685
4695,2018-01-24 11:32:49.560,2.256685
4696,2018-01-24 11:32:49.659,2.256685
4697,2018-01-24 11:32:49.759,2.256685
4698,2018-01-24 11:32:49.859,2.256685
4699,2018-01-24 11:32:49.959,2.256685
4700,2018-01-24 11:32:50.059,2.256685
4701,2018-01-24 11:32:50.159,2.256685
4702,2018-01-24 11:32:50.259,2.395491
4703,2018-01-24 11:32:50.359,2.395491
4704,2018-01-24 11:32:50.460,2.395491
4705,2018-01-24 11:32:50.560,2.395491
4706,2018-01-24 11:32:50.660,2.395491
4707,2018-01-24 11:32:50.761,2.395491
4708,2018-01-24 11:32:50.859,2.395491
4709,2018-01-24 11:32:50.960,2.395491
4710,2018-01-24 11:32:51.059,2.395491
4711,2018-01-24 11:32:51.159,2.395491
4712,2018-01-24 11:32:51.259,2.530313
4713,2018-01-24 11:32:51.359,2.530313
4714,2018-01-24 11:32:51.459,2.530313
4715,2018-01-24 11:32:51.559,2.530313
4716,2018-01-24 11:32:51.659,2.530313
4717,2018-01-24 11:32:51.759,2.530313
4718,2018-01-24 11:32:51.859,2.530313
4719,2018-01-24 11:32:51.959,2.530313
4720,2018-01-24 11:32:52.059,2.530313
4721,2018-01-24 11:32:52.159,2.530313
4722,2018-01-24 11:32:52.259,2.672368
4723,2018-01-24 11:32:52.359,2.672368
4724,2018-01-24 11:32:52.459,2.672368
4725,2018-01-24 11:32:52.559,2.672368
4726,2018-01-24 11:32:52.659,2.672368
4727,2018-01-24 11:32:52.759,2.672368
4728,2018-01-24 11:32:52.859,2.672368
4729,2018-01-24 11:32:52.959,2.672368
4730,2018-01-24 11:32:53.059,2.672368
4731,2018-01-24 11:32:53.159,2.672368
4732,2018-01-24 11:32:53.260,2.822279
4733,2018-01-24 11:32:53.360,2.822279
4734,2018-01-24 11:32:53.460,2.822279
4735,2018-01-24 11:32:53.561,2.822279
4736,2018-01-24 11:32:53.660,2.822279
4737,2018-01-24 11:32:53.760,2.822279
4738,2018-01-24 11:32:53.860,2.822279
4739,2018-01-24 11:32:53.960,2.822279
4740,2018-01-24 11:32:54.060,2.822279
4741,2018-01-24 11:32:54.160,2.822279
4742,2018-01-24 11:32:54.260,2.961526
4743,2018-01-24 11:32:54.360,2.961526
4744,2018-01-24 11:32:54.460,2.961526
4745,2018-01-24 11:32:54.560,2.961526
4746,2018-01-24 11:32:54.660,2.961526
4747,2018-01-24 11:32:54.760,2.961526
4748,2018-01-24 11:32:54.860,2.961526
4749,2018-01-24 11:32:54.960,2.961526
4750,2018-01-24 11:32:55.060,2.961526
4751,2018-01-24 11:32:55.161,2.961526
4752,2018-01-24 11:32:55.260,2.974031
4753,2018-01-24 11:32:55.361,2.974031
4754,2018-01-24 11:32:55.460,2.974031
4755,2018-01-24 11:32:55.561,2.974031
4756,2018-01-24 11:32:55.660,2.974031
4757,2018-01-24 11:32:55.760,2.974031
4758,2018-01-24 11:32:55.858,2.974031
4759,2018-01-24 11:32:55.958,2.974031
4760,2018-01-24 11:32:56.058,2.974031
4761,2018-01-24 11:32:56.158,2.974031
4762,2018-01-24 11:32:56.259,2.895622
4763,2018-01-24 11:32:56.358,2.895622
4764,2018-01-24 11:32:56.459,2.895622
4765,2018-01-24 11:32:56.559,2.895622
4766,2018-01-24 11:32:56.659,2.895622
4767,2018-01-24 11:32:56.759,2.895622
4768,2018-01-24 11:32:56.860,2.895622
4769,2018-01-24 11:32:56.959,2.895622
4770,2018-01-24 11:32:57.059,2.895622
4771,2018-01-24 11:32:57.159,2.895622
4772,2018-01-24 11:32:57.260,2.806147
4773,2018-01-24 11:32:57.359,2.806147
4774,2018-01-24 11:32:57.459,2.806147
4775,2018-01-24 11:32:57.559,2.806147
4776,2018-01-24 11:32:57.659,2.806147
4777,2018-01-24 11:32:57.759,2.806147
4778,2018-01-24 11:32:57.859,2.806147
4779,2018-01-24 11:32:57.959,2.806147
4780,2018-01-24 11:32:58.059,2.806147
4781,2018-01-24 11:32:58.159,2.806147
4782,2018-01-24 11:32:58.259,2.767481
4783,2018-01-24 11:32:58.359,2.767481
4784,2018-01-24 11:32:58.459,2.767481
4785,2018-01-24 11:32:58.559,2.767481
4786,2018-01-24 11:32:58.659,2.767481
4787,2018-01-24 11:32:58.760,2.767481
4788,2018-01-24 11:32:58.859,2.767481
4789,2018-01-24 11:32:58.959,2.767481
4790,2018-01-24 11:32:59.059,2.767481
4791,2018-01-24 11:32:59.159,2.767481
4792,2018-01-24 11:32:59.259,2.782685
4793,2018-01-24 11:32:59.359,2.782685
4794,2018-01-24 11:32:59.459,2.782685
4795,2018-01-24 11:32:59.559,2.782685
4796,2018-01-24 11:32:59.660,2.782685
4797,2018-01-24 11:32:59.760,2.782685
4798,2018-01-24 11:32:59.860,2.782685
4799,2018-01-24 11:32:59.960,2.782685
4800,2018-01-24 11:33:00.060,2.782685
4801,2018-01-24 11:33:00.160,2.782685
4802,2018-01-24 11:33:00.260,2.845707
4803,2018-01-24 11:33:00.360,2.845707
4804,2018-01-24 11:33:00.460,2.845707
4805,2018-01-24 11:33:00.560,2.845707
4806,2018-01-24 11:33:00.660,2.845707
4807,2018-01-24 11:33:00.760,2.845707
4808,2018-01-24 11:33:00.859,2.845707
4809,2018-01-24 11:33:00.959,2.845707
4810,2018-01-24 11:33:01.059,2.845707
4811,2018-01-24 11:33:01.159,2.845707
4812,2018-01-24 11:33:01.259,2.903487
4813,2018-01-24 11:33:01.359,2.903487
4814,2018-01-24 11:33:01.459,2.903487
4815,2018-01-24 11:33:01.559,2.903487
4816,2018-01-24 11:33:01.659,2.903487
4817,2018-01-24 11:33:01.759,2.903487
4818,2018-01-24 11:33:01.859,2.903487
4819,2018-01-24 11:33:01.959,2.903487
4820,2018-01-24 11:33:02.059,2.903487
4821,2018-01-24 11:33:02.159,2.903487
4822,2018-01-24 11:33:02.259,2.881975
4823,2018-01-24 11:33:02.360,2.881975
4824,2018-01-24 11:33:02.459,2.881975
4825,2018-01-24 11:33:02.560,2.881975
4826,2018-01-24 11:33:02.660,2.881975
4827,2018-01-24 11:33:02.760,2.881975
4828,2018-01-24 11:33:02.860,2.881975
4829,2018-01-24 11:33:02.960,2.881975
4830,2018-01-24 11:33:03.060,2.881975
4831,2018-01-24 11:33:03.160,2.881975
4832,2018-01-24 11:33:03.260,2.785931
4833,2018-01-24 11:33:03.360,2.785931
4834,2018-01-24 11:33:03.460,2.785931
4835,2018-01-24 11:33:03.560,2.785931
4836,2018-01-24 11:33:03.660,2.785931
4837,2018-01-24 11:33:03.760,2.785931
4838,2018-01-24 11:33:03.860,2.785931
4839,2018-01-24 11:33:03.960,2.785931
4840,2018-01-24 11:33:04.060,2.785931
4841,2018-01-24 11:33:04.160,2.785931
4842,2018-01-24 11:33:04.260,2.648525
4843,2018-01-24 11:33:04.360,2.648525
4844,2018-01-24 11:33:04.460,2.648525
4845,2018-01-24 11:33:04.560,2.648525
4846,2018-01-24 11:33:04.660,2.648525
4847,2018-01-24 11:33:04.760,2.648525
4848,2018-01-24 11:33:04.860,2.648525
4849,2018-01-24 11:33:04.960,2.648525
4850,2018-01-24 11:33:05.060,2.648525
4851,2018-01-24 11:33:05.160,2.648525
4852,2018-01-24 11:33:05.260,2.533996
4853,2018-01-24 11:33:05.360,2.533996
4854,2018-01-24 11:33:05.461,2.533996
4855,2018-01-24 11:33:05.560,2.533996
4856,2018-01-24 11:33:05.661,2.533996
4857,2018-01-24 11:33:05.761,2.533996
4858,2018-01-24 11:33:05.859,2.533996
4859,2018-01-24 11:33:05.959,2.533996
4860,2018-01-24 11:33:06.059,2.533996
4861,2018-01-24 11:33:06.159,2.533996
4862,2018-01-24 11:33:06.259,2.41696
4863,2018-01-24 11:33:06.359,2.41696
4864,2018-01-24 11:33:06.459,2.41696
4865,2018-01-24 11:33:06.559,2.41696
4866,2018-01-24 11:33:06.659,2.41696
4867,2018-01-24 11:33:06.760,2.41696
4868,2018-01-24 11:33:06.859,2.41696
4869,2018-01-24 11:33:06.959,2.41696
4870,2018-01-24 11:33:07.059,2.41696
4871,2018-01-24 11:33:07.159,2.41696
4872,2018-01-24 11:33:07.259,2.368479
4873,2018-01-24 11:33:07.359,2.368479
4874,2018-01-24 11:33:07.459,2.368479
4875,2018-01-24 11:33:07.560,2.368479
4876,2018-01-24 11:33:07.659,2.368479
4877,2018-01-24 11:33:07.759,2.368479
4878,2018-01-24 11:33:07.859,2.368479
4879,2018-01-24 11:33:07.959,2.368479
4880,2018-01-24 11:33:08.059,2.368479
4881,2018-01-24 11:33:08.159,2.368479
4882,2018-01-24 11:33:08.259,2.383168
4883,2018-01-24 11:33:08.359,2.383168
4884,2018-01-24 11:33:08.459,2.383168
4885,2018-01-24 11:33:08.559,2.383168
4886,2018-01-24 11:33:08.660,2.383168
4887,2018-01-24 11:33:08.761,2.383168
4888,2018-01-24 11:33:08.860,2.383168
4889,2018-01-24 11:33:08.960,2.383168
4890,2018-01-24 11:33:09.060,2.383168
4891,2018-01-24 11:33:09.161,2.383168
4892,2018-01-24 11:33:09.260,2.358524
4893,2018-01-24 11:33:09.360,2.358524
4894,2018-01-24 11:33:09.460,2.358524
4895,2018-01-24 11:33:09.561,2.358524
4896,2018-01-24 11:33:09.660,2.358524
4897,2018-01-24 11:33:09.760,2.358524
4898,2018-01-24 11:33:09.860,2.358524
4899,2018-01-24 11:33:09.960,2.358524
4900,2018-01-24 11:33:10.060,2.358524
4901,2018-01-24 11:33:10.160,2.358524
4902,2018-01-24 11:33:10.260,2.383725
4903,2018-01-24 11:33:10.360,2.383725
4904,2018-01-24 11:33:10.460,2.383725
4905,2018-01-24 11:33:10.560,2.383725
4906,2018-01-24 11:33:10.660,2.383725
4907,2018-01-24 11:33:10.760,2.383725
4908,2018-01-24 11:33:10.860,2.383725
4909,2018-01-24 11:33:10.960,2.383725
4910,2018-01-24 11:33:11.059,2.383725
4911,2018-01-24 11:33:11.159,2.383725
4912,2018-01-24 11:33:11.259,2.459951
4913,2018-01-24 11:33:11.360,2.459951
4914,2018-01-24 11:33:11.460,2.459951
4915,2018-01-24 11:33:11.559,2.459951
4916,2018-01-24 11:33:11.661,2.459951
4917,2018-01-24 11:33:11.760,2.459951
4918,2018-01-24 11:33:11.860,2.459951
4919,2018-01-24 11:33:11.960,2.459951
4920,2018-01-24 11:33:12.060,2.459951
4921,2018-01-24 11:33:12.160,2.459951
4922,2018-01-24 11:33:12.260,2.473599
4923,2018-01-24 11:33:12.360,2.473599
4924,2018-01-24 11:33:12.460,2.473599
4925,2018-01-24 11:33:12.560,2.473599
4926,2018-01-24 11:33:12.660,2.473599
4927,2018-01-24 11:33:12.760,2.473599
4928,2018-01-24 11:33:12.860,2.473599
4929,2018-01-24 11:33:12.960,2.473599
4930,2018-01-24 11:33:13.060,2.473599
4931,2018-01-24 11:33:13.160,2.473599
4932,2018-01-24 11:33:13.260,2.337928
4933,2018-01-24 11:33:13.360,2.337928
4934,2018-01-24 11:33:13.460,2.337928
4935,2018-01-24 11:33:13.560,2.337928
4936,2018-01-24 11:33:13.661,2.337928
4937,2018-01-24 11:33:13.760,2.337928
4938,2018-01-24 11:33:13.860,2.337928
4939,2018-01-24 11:33:13.960,2.337928
4940,2018-01-24 11:33:14.060,2.337928
4941,2018-01-24 11:33:14.160,2.337928
4942,2018-01-24 11:33:14.260,2.122564
4943,2018-01-24 11:33:14.360,2.122564
4944,2018-01-24 11:33:14.460,2.122564
4945,2018-01-24 11:33:14.560,2.122564
4946,2018-01-24 11:33:14.660,2.122564
4947,2018-01-24 11:33:14.761,2.122564
4948,2018-01-24 11:33:14.861,2.122564
4949,2018-01-24 11:33:14.961,2.122564
4950,2018-01-24 11:33:15.061,2.122564
4951,2018-01-24 11:33:15.161,2.122564
4952,2018-01-24 11:33:15.261,1.939412
4953,2018-01-24 11:33:15.361,1.939412
4954,2018-01-24 11:33:15.461,1.939412
4955,2018-01-24 11:33:15.561,1.939412
4956,2018-01-24 11:33:15.661,1.939412
4957,2018-01-24 11:33:15.761,1.939412
4958,2018-01-24 11:33:15.859,1.939412
4959,2018-01-24 11:33:15.959,1.939412
4960,2018-01-24 11:33:16.059,1.939412
4961,2018-01-24 11:33:16.159,1.939412
4962,2018-01-24 11:33:16.259,1.935282
4963,2018-01-24 11:33:16.359,1.935282
4964,2018-01-24 11:33:16.459,1.935282
4965,2018-01-24 11:33:16.559,1.935282
4966,2018-01-24 11:33:16.659,1.935282
4967,2018-01-24 11:33:16.759,1.935282
4968,2018-01-24 11:33:16.860,1.935282
4969,2018-01-24 11:33:16.959,1.935282
4970,2018-01-24 11:33:17.060,1.935282
4971,2018-01-24 11:33:17.160,1.935282
4972,2018-01-24 11:33:17.259,2.075305
4973,2018-01-24 11:33:17.359,2.075305
4974,2018-01-24 11:33:17.459,2.075305
4975,2018-01-24 11:33:17.560,2.075305
4976,2018-01-24 11:33:17.660,2.075305
4977,2018-01-24 11:33:17.760,2.075305
4978,2018-01-24 11:33:17.860,2.075305
4979,2018-01-24 11:33:17.960,2.075305
4980,2018-01-24 11:33:18.060,2.075305
4981,2018-01-24 11:33:18.160,2.075305
4982,2018-01-24 11:33:18.260,2.288159
4983,2018-01-24 11:33:18.360,2.288159
4984,2018-01-24 11:33:18.460,2.288159
4985,2018-01-24 11:33:18.560,2.288159
4986,2018-01-24 11:33:18.660,2.288159
4987,2018-01-24 11:33:18.760,2.288159
4988,2018-01-24 11:33:18.861,2.288159
4989,2018-01-24 11:33:18.960,2.288159
4990,2018-01-24 11:33:19.060,2.288159
4991,2018-01-24 11:33:19.161,2.288159
4992,2018-01-24 11:33:19.260,2.5058830000000003
4993,2018-01-24 11:33:19.360,2.5058830000000003
4994,2018-01-24 11:33:19.460,2.5058830000000003
4995,2018-01-24 11:33:19.561,2.5058830000000003
4996,2018-01-24 11:33:19.660,2.5058830000000003
4997,2018-01-24 11:33:19.760,2.5058830000000003
4998,2018-01-24 11:33:19.860,2.5058830000000003
4999,2018-01-24 11:33:19.960,2.5058830000000003
5000,2018-01-24 11:33:20.060,2.5058830000000003
5001,2018-01-24 11:33:20.160,2.5058830000000003
5002,2018-01-24 11:33:20.260,2.610005
5003,2018-01-24 11:33:20.360,2.610005
5004,2018-01-24 11:33:20.460,2.610005
5005,2018-01-24 11:33:20.560,2.610005
5006,2018-01-24 11:33:20.661,2.610005
5007,2018-01-24 11:33:20.761,2.610005
5008,2018-01-24 11:33:20.860,2.610005
5009,2018-01-24 11:33:20.960,2.610005
5010,2018-01-24 11:33:21.060,2.610005
5011,2018-01-24 11:33:21.160,2.610005
5012,2018-01-24 11:33:21.260,2.536176
5013,2018-01-24 11:33:21.360,2.536176
5014,2018-01-24 11:33:21.460,2.536176
5015,2018-01-24 11:33:21.560,2.536176
5016,2018-01-24 11:33:21.660,2.536176
5017,2018-01-24 11:33:21.760,2.536176
5018,2018-01-24 11:33:21.860,2.536176
5019,2018-01-24 11:33:21.960,2.536176
5020,2018-01-24 11:33:22.060,2.536176
5021,2018-01-24 11:33:22.160,2.536176
5022,2018-01-24 11:33:22.260,2.462717
5023,2018-01-24 11:33:22.360,2.462717
5024,2018-01-24 11:33:22.460,2.462717
5025,2018-01-24 11:33:22.560,2.462717
5026,2018-01-24 11:33:22.660,2.462717
5027,2018-01-24 11:33:22.760,2.462717
5028,2018-01-24 11:33:22.860,2.462717
5029,2018-01-24 11:33:22.960,2.462717
5030,2018-01-24 11:33:23.060,2.462717
5031,2018-01-24 11:33:23.160,2.462717
5032,2018-01-24 11:33:23.260,2.496146
5033,2018-01-24 11:33:23.360,2.496146
5034,2018-01-24 11:33:23.460,2.496146
5035,2018-01-24 11:33:23.560,2.496146
5036,2018-01-24 11:33:23.661,2.496146
5037,2018-01-24 11:33:23.761,2.496146
5038,2018-01-24 11:33:23.860,2.496146
5039,2018-01-24 11:33:23.961,2.496146
5040,2018-01-24 11:33:24.061,2.496146
5041,2018-01-24 11:33:24.161,2.496146
5042,2018-01-24 11:33:24.261,2.583443
5043,2018-01-24 11:33:24.361,2.583443
5044,2018-01-24 11:33:24.461,2.583443
5045,2018-01-24 11:33:24.561,2.583443
5046,2018-01-24 11:33:24.661,2.583443
5047,2018-01-24 11:33:24.761,2.583443
5048,2018-01-24 11:33:24.861,2.583443
5049,2018-01-24 11:33:24.961,2.583443
5050,2018-01-24 11:33:25.061,2.583443
5051,2018-01-24 11:33:25.161,2.583443
5052,2018-01-24 11:33:25.261,2.597794
5053,2018-01-24 11:33:25.361,2.597794
5054,2018-01-24 11:33:25.461,2.597794
5055,2018-01-24 11:33:25.561,2.597794
5056,2018-01-24 11:33:25.661,2.597794
5057,2018-01-24 11:33:25.761,2.597794
5058,2018-01-24 11:33:25.860,2.597794
5059,2018-01-24 11:33:25.959,2.597794
5060,2018-01-24 11:33:26.059,2.597794
5061,2018-01-24 11:33:26.159,2.597794
5062,2018-01-24 11:33:26.259,2.497138
5063,2018-01-24 11:33:26.359,2.497138
5064,2018-01-24 11:33:26.459,2.497138
5065,2018-01-24 11:33:26.559,2.497138
5066,2018-01-24 11:33:26.660,2.497138
5067,2018-01-24 11:33:26.760,2.497138
5068,2018-01-24 11:33:26.860,2.497138
5069,2018-01-24 11:33:26.960,2.497138
5070,2018-01-24 11:33:27.060,2.497138
5071,2018-01-24 11:33:27.160,2.497138
5072,2018-01-24 11:33:27.261,2.405485
5073,2018-01-24 11:33:27.360,2.405485
5074,2018-01-24 11:33:27.460,2.405485
5075,2018-01-24 11:33:27.560,2.405485
5076,2018-01-24 11:33:27.660,2.405485
5077,2018-01-24 11:33:27.760,2.405485
5078,2018-01-24 11:33:27.860,2.405485
5079,2018-01-24 11:33:27.960,2.405485
5080,2018-01-24 11:33:28.060,2.405485
5081,2018-01-24 11:33:28.160,2.405485
5082,2018-01-24 11:33:28.260,2.476216
5083,2018-01-24 11:33:28.360,2.476216
5084,2018-01-24 11:33:28.460,2.476216
5085,2018-01-24 11:33:28.560,2.476216
5086,2018-01-24 11:33:28.660,2.476216
5087,2018-01-24 11:33:28.760,2.476216
5088,2018-01-24 11:33:28.860,2.476216
5089,2018-01-24 11:33:28.960,2.476216
5090,2018-01-24 11:33:29.060,2.476216
5091,2018-01-24 11:33:29.160,2.476216
5092,2018-01-24 11:33:29.260,2.69361
5093,2018-01-24 11:33:29.360,2.69361
5094,2018-01-24 11:33:29.460,2.69361
5095,2018-01-24 11:33:29.560,2.69361
5096,2018-01-24 11:33:29.661,2.69361
5097,2018-01-24 11:33:29.761,2.69361
5098,2018-01-24 11:33:29.861,2.69361
5099,2018-01-24 11:33:29.961,2.69361
5100,2018-01-24 11:33:30.061,2.69361
5101,2018-01-24 11:33:30.161,2.69361
5102,2018-01-24 11:33:30.261,2.960891
5103,2018-01-24 11:33:30.361,2.960891
5104,2018-01-24 11:33:30.461,2.960891
5105,2018-01-24 11:33:30.561,2.960891
5106,2018-01-24 11:33:30.661,2.960891
5107,2018-01-24 11:33:30.761,2.960891
5108,2018-01-24 11:33:30.860,2.960891
5109,2018-01-24 11:33:30.960,2.960891
5110,2018-01-24 11:33:31.061,2.960891
5111,2018-01-24 11:33:31.160,2.960891
5112,2018-01-24 11:33:31.260,3.119733
5113,2018-01-24 11:33:31.360,3.119733
5114,2018-01-24 11:33:31.461,3.119733
5115,2018-01-24 11:33:31.560,3.119733
5116,2018-01-24 11:33:31.661,3.119733
5117,2018-01-24 11:33:31.760,3.119733
5118,2018-01-24 11:33:31.860,3.119733
5119,2018-01-24 11:33:31.960,3.119733
5120,2018-01-24 11:33:32.060,3.119733
5121,2018-01-24 11:33:32.160,3.119733
5122,2018-01-24 11:33:32.260,3.095272
5123,2018-01-24 11:33:32.360,3.095272
5124,2018-01-24 11:33:32.460,3.095272
5125,2018-01-24 11:33:32.560,3.095272
5126,2018-01-24 11:33:32.661,3.095272
5127,2018-01-24 11:33:32.760,3.095272
5128,2018-01-24 11:33:32.861,3.095272
5129,2018-01-24 11:33:32.961,3.095272
5130,2018-01-24 11:33:33.061,3.095272
5131,2018-01-24 11:33:33.162,3.095272
5132,2018-01-24 11:33:33.261,2.873155
5133,2018-01-24 11:33:33.361,2.873155
5134,2018-01-24 11:33:33.462,2.873155
5135,2018-01-24 11:33:33.561,2.873155
5136,2018-01-24 11:33:33.662,2.873155
5137,2018-01-24 11:33:33.762,2.873155
5138,2018-01-24 11:33:33.861,2.873155
5139,2018-01-24 11:33:33.961,2.873155
5140,2018-01-24 11:33:34.061,2.873155
5141,2018-01-24 11:33:34.161,2.873155
5142,2018-01-24 11:33:34.261,2.637164
5143,2018-01-24 11:33:34.361,2.637164
5144,2018-01-24 11:33:34.461,2.637164
5145,2018-01-24 11:33:34.561,2.637164
5146,2018-01-24 11:33:34.661,2.637164
5147,2018-01-24 11:33:34.761,2.637164
5148,2018-01-24 11:33:34.862,2.637164
5149,2018-01-24 11:33:34.962,2.637164
5150,2018-01-24 11:33:35.062,2.637164
5151,2018-01-24 11:33:35.161,2.637164
5152,2018-01-24 11:33:35.262,2.475924
5153,2018-01-24 11:33:35.361,2.475924
5154,2018-01-24 11:33:35.461,2.475924
5155,2018-01-24 11:33:35.562,2.475924
5156,2018-01-24 11:33:35.661,2.475924
5157,2018-01-24 11:33:35.761,2.475924
5158,2018-01-24 11:33:35.860,2.475924
5159,2018-01-24 11:33:35.960,2.475924
5160,2018-01-24 11:33:36.060,2.475924
5161,2018-01-24 11:33:36.160,2.475924
5162,2018-01-24 11:33:36.260,2.343205
5163,2018-01-24 11:33:36.360,2.343205
5164,2018-01-24 11:33:36.460,2.343205
5165,2018-01-24 11:33:36.560,2.343205
5166,2018-01-24 11:33:36.660,2.343205
5167,2018-01-24 11:33:36.760,2.343205
5168,2018-01-24 11:33:36.860,2.343205
5169,2018-01-24 11:33:36.960,2.343205
5170,2018-01-24 11:33:37.060,2.343205
5171,2018-01-24 11:33:37.160,2.343205
5172,2018-01-24 11:33:37.261,2.272732
5173,2018-01-24 11:33:37.360,2.272732
5174,2018-01-24 11:33:37.460,2.272732
5175,2018-01-24 11:33:37.560,2.272732
5176,2018-01-24 11:33:37.660,2.272732
5177,2018-01-24 11:33:37.760,2.272732
5178,2018-01-24 11:33:37.860,2.272732
5179,2018-01-24 11:33:37.960,2.272732
5180,2018-01-24 11:33:38.060,2.272732
5181,2018-01-24 11:33:38.160,2.272732
5182,2018-01-24 11:33:38.260,2.285206
5183,2018-01-24 11:33:38.360,2.285206
5184,2018-01-24 11:33:38.461,2.285206
5185,2018-01-24 11:33:38.560,2.285206
5186,2018-01-24 11:33:38.660,2.285206
5187,2018-01-24 11:33:38.761,2.285206
5188,2018-01-24 11:33:38.861,2.285206
5189,2018-01-24 11:33:38.961,2.285206
5190,2018-01-24 11:33:39.061,2.285206
5191,2018-01-24 11:33:39.162,2.285206
5192,2018-01-24 11:33:39.261,2.3579689999999998
5193,2018-01-24 11:33:39.362,2.3579689999999998
5194,2018-01-24 11:33:39.462,2.3579689999999998
5195,2018-01-24 11:33:39.561,2.3579689999999998
5196,2018-01-24 11:33:39.661,2.3579689999999998
5197,2018-01-24 11:33:39.762,2.3579689999999998
5198,2018-01-24 11:33:39.861,2.3579689999999998
5199,2018-01-24 11:33:39.961,2.3579689999999998
5200,2018-01-24 11:33:40.061,2.3579689999999998
5201,2018-01-24 11:33:40.161,2.3579689999999998
5202,2018-01-24 11:33:40.261,2.395792
5203,2018-01-24 11:33:40.361,2.395792
5204,2018-01-24 11:33:40.462,2.395792
5205,2018-01-24 11:33:40.561,2.395792
5206,2018-01-24 11:33:40.661,2.395792
5207,2018-01-24 11:33:40.760,2.395792
5208,2018-01-24 11:33:40.860,2.395792
5209,2018-01-24 11:33:40.960,2.395792
5210,2018-01-24 11:33:41.061,2.395792
5211,2018-01-24 11:33:41.161,2.395792
5212,2018-01-24 11:33:41.260,2.256287
5213,2018-01-24 11:33:41.360,2.256287
5214,2018-01-24 11:33:41.460,2.256287
5215,2018-01-24 11:33:41.560,2.256287
5216,2018-01-24 11:33:41.661,2.256287
5217,2018-01-24 11:33:41.760,2.256287
5218,2018-01-24 11:33:41.861,2.256287
5219,2018-01-24 11:33:41.961,2.256287
5220,2018-01-24 11:33:42.061,2.256287
5221,2018-01-24 11:33:42.161,2.256287
5222,2018-01-24 11:33:42.261,2.016126
5223,2018-01-24 11:33:42.361,2.016126
5224,2018-01-24 11:33:42.461,2.016126
5225,2018-01-24 11:33:42.561,2.016126
5226,2018-01-24 11:33:42.661,2.016126
5227,2018-01-24 11:33:42.761,2.016126
5228,2018-01-24 11:33:42.861,2.016126
5229,2018-01-24 11:33:42.962,2.016126
5230,2018-01-24 11:33:43.062,2.016126
5231,2018-01-24 11:33:43.162,2.016126
5232,2018-01-24 11:33:43.262,1.7629400000000002
5233,2018-01-24 11:33:43.361,1.7629400000000002
5234,2018-01-24 11:33:43.461,1.7629400000000002
5235,2018-01-24 11:33:43.561,1.7629400000000002
5236,2018-01-24 11:33:43.661,1.7629400000000002
5237,2018-01-24 11:33:43.761,1.7629400000000002
5238,2018-01-24 11:33:43.861,1.7629400000000002
5239,2018-01-24 11:33:43.961,1.7629400000000002
5240,2018-01-24 11:33:44.061,1.7629400000000002
5241,2018-01-24 11:33:44.161,1.7629400000000002
5242,2018-01-24 11:33:44.261,1.5666479999999998
5243,2018-01-24 11:33:44.361,1.5666479999999998
5244,2018-01-24 11:33:44.461,1.5666479999999998
5245,2018-01-24 11:33:44.561,1.5666479999999998
5246,2018-01-24 11:33:44.661,1.5666479999999998
5247,2018-01-24 11:33:44.762,1.5666479999999998
5248,2018-01-24 11:33:44.862,1.5666479999999998
5249,2018-01-24 11:33:44.962,1.5666479999999998
5250,2018-01-24 11:33:45.062,1.5666479999999998
5251,2018-01-24 11:33:45.162,1.5666479999999998
5252,2018-01-24 11:33:45.263,1.4618229999999999
5253,2018-01-24 11:33:45.363,1.4618229999999999
5254,2018-01-24 11:33:45.463,1.4618229999999999
5255,2018-01-24 11:33:45.562,1.4618229999999999
5256,2018-01-24 11:33:45.662,1.4618229999999999
5257,2018-01-24 11:33:45.761,1.4618229999999999
5258,2018-01-24 11:33:45.860,1.4618229999999999
5259,2018-01-24 11:33:45.960,1.4618229999999999
5260,2018-01-24 11:33:46.060,1.4618229999999999
5261,2018-01-24 11:33:46.160,1.4618229999999999
5262,2018-01-24 11:33:46.260,1.439648
5263,2018-01-24 11:33:46.360,1.439648
5264,2018-01-24 11:33:46.460,1.439648
5265,2018-01-24 11:33:46.560,1.439648
5266,2018-01-24 11:33:46.660,1.439648
5267,2018-01-24 11:33:46.760,1.439648
5268,2018-01-24 11:33:46.861,1.439648
5269,2018-01-24 11:33:46.960,1.439648
5270,2018-01-24 11:33:47.060,1.439648
5271,2018-01-24 11:33:47.161,1.439648
5272,2018-01-24 11:33:47.260,1.4808629999999998
5273,2018-01-24 11:33:47.361,1.4808629999999998
5274,2018-01-24 11:33:47.461,1.4808629999999998
5275,2018-01-24 11:33:47.560,1.4808629999999998
5276,2018-01-24 11:33:47.660,1.4808629999999998
5277,2018-01-24 11:33:47.761,1.4808629999999998
5278,2018-01-24 11:33:47.861,1.4808629999999998
5279,2018-01-24 11:33:47.961,1.4808629999999998
5280,2018-01-24 11:33:48.061,1.4808629999999998
5281,2018-01-24 11:33:48.161,1.4808629999999998
5282,2018-01-24 11:33:48.261,1.57473
5283,2018-01-24 11:33:48.361,1.57473
5284,2018-01-24 11:33:48.461,1.57473
5285,2018-01-24 11:33:48.561,1.57473
5286,2018-01-24 11:33:48.661,1.57473
5287,2018-01-24 11:33:48.761,1.57473
5288,2018-01-24 11:33:48.861,1.57473
5289,2018-01-24 11:33:48.961,1.57473
5290,2018-01-24 11:33:49.062,1.57473
5291,2018-01-24 11:33:49.162,1.57473
5292,2018-01-24 11:33:49.261,1.692986
5293,2018-01-24 11:33:49.361,1.692986
5294,2018-01-24 11:33:49.461,1.692986
5295,2018-01-24 11:33:49.562,1.692986
5296,2018-01-24 11:33:49.662,1.692986
5297,2018-01-24 11:33:49.761,1.692986
5298,2018-01-24 11:33:49.861,1.692986
5299,2018-01-24 11:33:49.961,1.692986
5300,2018-01-24 11:33:50.061,1.692986
5301,2018-01-24 11:33:50.161,1.692986
5302,2018-01-24 11:33:50.261,1.713059
5303,2018-01-24 11:33:50.361,1.713059
5304,2018-01-24 11:33:50.461,1.713059
5305,2018-01-24 11:33:50.561,1.713059
5306,2018-01-24 11:33:50.661,1.713059
5307,2018-01-24 11:33:50.760,1.713059
5308,2018-01-24 11:33:50.861,1.713059
5309,2018-01-24 11:33:50.961,1.713059
5310,2018-01-24 11:33:51.061,1.713059
5311,2018-01-24 11:33:51.162,1.713059
5312,2018-01-24 11:33:51.262,1.603807
5313,2018-01-24 11:33:51.361,1.603807
5314,2018-01-24 11:33:51.461,1.603807
5315,2018-01-24 11:33:51.562,1.603807
5316,2018-01-24 11:33:51.662,1.603807
5317,2018-01-24 11:33:51.761,1.603807
5318,2018-01-24 11:33:51.862,1.603807
5319,2018-01-24 11:33:51.961,1.603807
5320,2018-01-24 11:33:52.061,1.603807
5321,2018-01-24 11:33:52.161,1.603807
5322,2018-01-24 11:33:52.261,1.413899
5323,2018-01-24 11:33:52.361,1.413899
5324,2018-01-24 11:33:52.461,1.413899
5325,2018-01-24 11:33:52.561,1.413899
5326,2018-01-24 11:33:52.661,1.413899
5327,2018-01-24 11:33:52.761,1.413899
5328,2018-01-24 11:33:52.861,1.413899
5329,2018-01-24 11:33:52.961,1.413899
5330,2018-01-24 11:33:53.062,1.413899
5331,2018-01-24 11:33:53.161,1.413899
5332,2018-01-24 11:33:53.261,1.243837
5333,2018-01-24 11:33:53.362,1.243837
5334,2018-01-24 11:33:53.462,1.243837
5335,2018-01-24 11:33:53.562,1.243837
5336,2018-01-24 11:33:53.662,1.243837
5337,2018-01-24 11:33:53.761,1.243837
5338,2018-01-24 11:33:53.861,1.243837
5339,2018-01-24 11:33:53.962,1.243837
5340,2018-01-24 11:33:54.062,1.243837
5341,2018-01-24 11:33:54.162,1.243837
5342,2018-01-24 11:33:54.262,1.169783
5343,2018-01-24 11:33:54.362,1.169783
5344,2018-01-24 11:33:54.462,1.169783
5345,2018-01-24 11:33:54.562,1.169783
5346,2018-01-24 11:33:54.662,1.169783
5347,2018-01-24 11:33:54.762,1.169783
5348,2018-01-24 11:33:54.862,1.169783
5349,2018-01-24 11:33:54.963,1.169783
5350,2018-01-24 11:33:55.062,1.169783
5351,2018-01-24 11:33:55.162,1.169783
5352,2018-01-24 11:33:55.262,1.173546
5353,2018-01-24 11:33:55.362,1.173546
5354,2018-01-24 11:33:55.463,1.173546
5355,2018-01-24 11:33:55.562,1.173546
5356,2018-01-24 11:33:55.663,1.173546
5357,2018-01-24 11:33:55.761,1.173546
5358,2018-01-24 11:33:55.860,1.173546
5359,2018-01-24 11:33:55.960,1.173546
5360,2018-01-24 11:33:56.060,1.173546
5361,2018-01-24 11:33:56.160,1.173546
5362,2018-01-24 11:33:56.260,1.217638
5363,2018-01-24 11:33:56.360,1.217638
5364,2018-01-24 11:33:56.460,1.217638
5365,2018-01-24 11:33:56.560,1.217638
5366,2018-01-24 11:33:56.660,1.217638
5367,2018-01-24 11:33:56.761,1.217638
5368,2018-01-24 11:33:56.861,1.217638
5369,2018-01-24 11:33:56.961,1.217638
5370,2018-01-24 11:33:57.061,1.217638
5371,2018-01-24 11:33:57.161,1.217638
5372,2018-01-24 11:33:57.261,1.3565909999999999
5373,2018-01-24 11:33:57.361,1.3565909999999999
5374,2018-01-24 11:33:57.461,1.3565909999999999
5375,2018-01-24 11:33:57.561,1.3565909999999999
5376,2018-01-24 11:33:57.661,1.3565909999999999
5377,2018-01-24 11:33:57.762,1.3565909999999999
5378,2018-01-24 11:33:57.861,1.3565909999999999
5379,2018-01-24 11:33:57.961,1.3565909999999999
5380,2018-01-24 11:33:58.061,1.3565909999999999
5381,2018-01-24 11:33:58.161,1.3565909999999999
5382,2018-01-24 11:33:58.261,1.5234370000000002
5383,2018-01-24 11:33:58.361,1.5234370000000002
5384,2018-01-24 11:33:58.461,1.5234370000000002
5385,2018-01-24 11:33:58.561,1.5234370000000002
5386,2018-01-24 11:33:58.661,1.5234370000000002
5387,2018-01-24 11:33:58.761,1.5234370000000002
5388,2018-01-24 11:33:58.862,1.5234370000000002
5389,2018-01-24 11:33:58.961,1.5234370000000002
5390,2018-01-24 11:33:59.062,1.5234370000000002
5391,2018-01-24 11:33:59.161,1.5234370000000002
5392,2018-01-24 11:33:59.261,1.605235
5393,2018-01-24 11:33:59.362,1.605235
5394,2018-01-24 11:33:59.461,1.605235
5395,2018-01-24 11:33:59.561,1.605235
5396,2018-01-24 11:33:59.661,1.605235
5397,2018-01-24 11:33:59.761,1.605235
5398,2018-01-24 11:33:59.862,1.605235
5399,2018-01-24 11:33:59.962,1.605235
5400,2018-01-24 11:34:00.062,1.605235
5401,2018-01-24 11:34:00.162,1.605235
5402,2018-01-24 11:34:00.262,1.564426
5403,2018-01-24 11:34:00.362,1.564426
5404,2018-01-24 11:34:00.462,1.564426
5405,2018-01-24 11:34:00.562,1.564426
5406,2018-01-24 11:34:00.662,1.564426
5407,2018-01-24 11:34:00.761,1.564426
5408,2018-01-24 11:34:00.862,1.564426
5409,2018-01-24 11:34:00.961,1.564426
5410,2018-01-24 11:34:01.062,1.564426
5411,2018-01-24 11:34:01.162,1.564426
5412,2018-01-24 11:34:01.262,1.463549
5413,2018-01-24 11:34:01.361,1.463549
5414,2018-01-24 11:34:01.462,1.463549
5415,2018-01-24 11:34:01.562,1.463549
5416,2018-01-24 11:34:01.662,1.463549
5417,2018-01-24 11:34:01.761,1.463549
5418,2018-01-24 11:34:01.861,1.463549
5419,2018-01-24 11:34:01.962,1.463549
5420,2018-01-24 11:34:02.061,1.463549
5421,2018-01-24 11:34:02.161,1.463549
5422,2018-01-24 11:34:02.261,1.3528959999999999
5423,2018-01-24 11:34:02.361,1.3528959999999999
5424,2018-01-24 11:34:02.461,1.3528959999999999
5425,2018-01-24 11:34:02.561,1.3528959999999999
5426,2018-01-24 11:34:02.661,1.3528959999999999
5427,2018-01-24 11:34:02.761,1.3528959999999999
5428,2018-01-24 11:34:02.862,1.3528959999999999
5429,2018-01-24 11:34:02.962,1.3528959999999999
5430,2018-01-24 11:34:03.063,1.3528959999999999
5431,2018-01-24 11:34:03.162,1.3528959999999999
5432,2018-01-24 11:34:03.262,1.328065
5433,2018-01-24 11:34:03.362,1.328065
5434,2018-01-24 11:34:03.463,1.328065
5435,2018-01-24 11:34:03.562,1.328065
5436,2018-01-24 11:34:03.662,1.328065
5437,2018-01-24 11:34:03.762,1.328065
5438,2018-01-24 11:34:03.862,1.328065
5439,2018-01-24 11:34:03.962,1.328065
5440,2018-01-24 11:34:04.062,1.328065
5441,2018-01-24 11:34:04.162,1.328065
5442,2018-01-24 11:34:04.262,1.443294
5443,2018-01-24 11:34:04.362,1.443294
5444,2018-01-24 11:34:04.462,1.443294
5445,2018-01-24 11:34:04.562,1.443294
5446,2018-01-24 11:34:04.662,1.443294
5447,2018-01-24 11:34:04.762,1.443294
5448,2018-01-24 11:34:04.862,1.443294
5449,2018-01-24 11:34:04.962,1.443294
5450,2018-01-24 11:34:05.063,1.443294
5451,2018-01-24 11:34:05.162,1.443294
5452,2018-01-24 11:34:05.262,1.6650060000000002
5453,2018-01-24 11:34:05.363,1.6650060000000002
5454,2018-01-24 11:34:05.463,1.6650060000000002
5455,2018-01-24 11:34:05.563,1.6650060000000002
5456,2018-01-24 11:34:05.662,1.6650060000000002
5457,2018-01-24 11:34:05.760,1.6650060000000002
5458,2018-01-24 11:34:05.861,1.6650060000000002
5459,2018-01-24 11:34:05.960,1.6650060000000002
5460,2018-01-24 11:34:06.061,1.6650060000000002
5461,2018-01-24 11:34:06.161,1.6650060000000002
5462,2018-01-24 11:34:06.261,1.881625
5463,2018-01-24 11:34:06.361,1.881625
5464,2018-01-24 11:34:06.461,1.881625
5465,2018-01-24 11:34:06.561,1.881625
5466,2018-01-24 11:34:06.661,1.881625
5467,2018-01-24 11:34:06.761,1.881625
5468,2018-01-24 11:34:06.862,1.881625
5469,2018-01-24 11:34:06.961,1.881625
5470,2018-01-24 11:34:07.061,1.881625
5471,2018-01-24 11:34:07.161,1.881625
5472,2018-01-24 11:34:07.261,1.975195
5473,2018-01-24 11:34:07.362,1.975195
5474,2018-01-24 11:34:07.462,1.975195
5475,2018-01-24 11:34:07.561,1.975195
5476,2018-01-24 11:34:07.662,1.975195
5477,2018-01-24 11:34:07.762,1.975195
5478,2018-01-24 11:34:07.862,1.975195
5479,2018-01-24 11:34:07.961,1.975195
5480,2018-01-24 11:34:08.061,1.975195
5481,2018-01-24 11:34:08.161,1.975195
5482,2018-01-24 11:34:08.261,1.900112
5483,2018-01-24 11:34:08.361,1.900112
5484,2018-01-24 11:34:08.461,1.900112
5485,2018-01-24 11:34:08.561,1.900112
5486,2018-01-24 11:34:08.661,1.900112
5487,2018-01-24 11:34:08.761,1.900112
5488,2018-01-24 11:34:08.862,1.900112
5489,2018-01-24 11:34:08.962,1.900112
5490,2018-01-24 11:34:09.063,1.900112
5491,2018-01-24 11:34:09.162,1.900112
5492,2018-01-24 11:34:09.262,1.793926
5493,2018-01-24 11:34:09.363,1.793926
5494,2018-01-24 11:34:09.462,1.793926
5495,2018-01-24 11:34:09.563,1.793926
5496,2018-01-24 11:34:09.663,1.793926
5497,2018-01-24 11:34:09.762,1.793926
5498,2018-01-24 11:34:09.863,1.793926
5499,2018-01-24 11:34:09.962,1.793926
5500,2018-01-24 11:34:10.062,1.793926
5501,2018-01-24 11:34:10.162,1.793926
5502,2018-01-24 11:34:10.262,1.746884
5503,2018-01-24 11:34:10.362,1.746884
5504,2018-01-24 11:34:10.462,1.746884
5505,2018-01-24 11:34:10.562,1.746884
5506,2018-01-24 11:34:10.662,1.746884
5507,2018-01-24 11:34:10.761,1.746884
5508,2018-01-24 11:34:10.861,1.746884
5509,2018-01-24 11:34:10.961,1.746884
5510,2018-01-24 11:34:11.062,1.746884
5511,2018-01-24 11:34:11.161,1.746884
5512,2018-01-24 11:34:11.261,1.862888
5513,2018-01-24 11:34:11.361,1.862888
5514,2018-01-24 11:34:11.462,1.862888
5515,2018-01-24 11:34:11.562,1.862888
5516,2018-01-24 11:34:11.661,1.862888
5517,2018-01-24 11:34:11.762,1.862888
5518,2018-01-24 11:34:11.862,1.862888
5519,2018-01-24 11:34:11.962,1.862888
5520,2018-01-24 11:34:12.062,1.862888
5521,2018-01-24 11:34:12.162,1.862888
5522,2018-01-24 11:34:12.262,2.059361
5523,2018-01-24 11:34:12.362,2.059361
5524,2018-01-24 11:34:12.462,2.059361
5525,2018-01-24 11:34:12.562,2.059361
5526,2018-01-24 11:34:12.662,2.059361
5527,2018-01-24 11:34:12.762,2.059361
5528,2018-01-24 11:34:12.862,2.059361
5529,2018-01-24 11:34:12.962,2.059361
5530,2018-01-24 11:34:13.062,2.059361
5531,2018-01-24 11:34:13.163,2.059361
5532,2018-01-24 11:34:13.263,2.225432
5533,2018-01-24 11:34:13.362,2.225432
5534,2018-01-24 11:34:13.462,2.225432
5535,2018-01-24 11:34:13.562,2.225432
5536,2018-01-24 11:34:13.662,2.225432
5537,2018-01-24 11:34:13.763,2.225432
5538,2018-01-24 11:34:13.862,2.225432
5539,2018-01-24 11:34:13.962,2.225432
5540,2018-01-24 11:34:14.062,2.225432
5541,2018-01-24 11:34:14.162,2.225432
5542,2018-01-24 11:34:14.262,2.263547
5543,2018-01-24 11:34:14.362,2.263547
5544,2018-01-24 11:34:14.462,2.263547
5545,2018-01-24 11:34:14.562,2.263547
5546,2018-01-24 11:34:14.662,2.263547
5547,2018-01-24 11:34:14.762,2.263547
5548,2018-01-24 11:34:14.862,2.263547
5549,2018-01-24 11:34:14.963,2.263547
5550,2018-01-24 11:34:15.063,2.263547
5551,2018-01-24 11:34:15.163,2.263547
5552,2018-01-24 11:34:15.264,2.154851
5553,2018-01-24 11:34:15.364,2.154851
5554,2018-01-24 11:34:15.463,2.154851
5555,2018-01-24 11:34:15.563,2.154851
5556,2018-01-24 11:34:15.664,2.154851
5557,2018-01-24 11:34:15.761,2.154851
5558,2018-01-24 11:34:15.861,2.154851
5559,2018-01-24 11:34:15.961,2.154851
5560,2018-01-24 11:34:16.061,2.154851
5561,2018-01-24 11:34:16.161,2.154851
5562,2018-01-24 11:34:16.261,2.066523
5563,2018-01-24 11:34:16.361,2.066523
5564,2018-01-24 11:34:16.461,2.066523
5565,2018-01-24 11:34:16.561,2.066523
5566,2018-01-24 11:34:16.661,2.066523
5567,2018-01-24 11:34:16.761,2.066523
5568,2018-01-24 11:34:16.861,2.066523
5569,2018-01-24 11:34:16.961,2.066523
5570,2018-01-24 11:34:17.062,2.066523
5571,2018-01-24 11:34:17.162,2.066523
5572,2018-01-24 11:34:17.261,2.08228
5573,2018-01-24 11:34:17.361,2.08228
5574,2018-01-24 11:34:17.461,2.08228
5575,2018-01-24 11:34:17.561,2.08228
5576,2018-01-24 11:34:17.662,2.08228
5577,2018-01-24 11:34:17.762,2.08228
5578,2018-01-24 11:34:17.861,2.08228
5579,2018-01-24 11:34:17.962,2.08228
5580,2018-01-24 11:34:18.061,2.08228
5581,2018-01-24 11:34:18.162,2.08228
5582,2018-01-24 11:34:18.262,2.2172110000000003
5583,2018-01-24 11:34:18.362,2.2172110000000003
5584,2018-01-24 11:34:18.462,2.2172110000000003
5585,2018-01-24 11:34:18.562,2.2172110000000003
5586,2018-01-24 11:34:18.662,2.2172110000000003
5587,2018-01-24 11:34:18.762,2.2172110000000003
5588,2018-01-24 11:34:18.862,2.2172110000000003
5589,2018-01-24 11:34:18.962,2.2172110000000003
5590,2018-01-24 11:34:19.062,2.2172110000000003
5591,2018-01-24 11:34:19.162,2.2172110000000003
5592,2018-01-24 11:34:19.262,2.3536900000000003
5593,2018-01-24 11:34:19.363,2.3536900000000003
5594,2018-01-24 11:34:19.462,2.3536900000000003
5595,2018-01-24 11:34:19.562,2.3536900000000003
5596,2018-01-24 11:34:19.662,2.3536900000000003
5597,2018-01-24 11:34:19.762,2.3536900000000003
5598,2018-01-24 11:34:19.863,2.3536900000000003
5599,2018-01-24 11:34:19.962,2.3536900000000003
5600,2018-01-24 11:34:20.062,2.3536900000000003
5601,2018-01-24 11:34:20.162,2.3536900000000003
5602,2018-01-24 11:34:20.262,2.399109
5603,2018-01-24 11:34:20.362,2.399109
5604,2018-01-24 11:34:20.462,2.399109
5605,2018-01-24 11:34:20.562,2.399109
5606,2018-01-24 11:34:20.662,2.399109
5607,2018-01-24 11:34:20.761,2.399109
5608,2018-01-24 11:34:20.861,2.399109
5609,2018-01-24 11:34:20.961,2.399109
5610,2018-01-24 11:34:21.062,2.399109
5611,2018-01-24 11:34:21.163,2.399109
5612,2018-01-24 11:34:21.262,2.293731
5613,2018-01-24 11:34:21.362,2.293731
5614,2018-01-24 11:34:21.462,2.293731
5615,2018-01-24 11:34:21.563,2.293731
5616,2018-01-24 11:34:21.662,2.293731
5617,2018-01-24 11:34:21.762,2.293731
5618,2018-01-24 11:34:21.862,2.293731
5619,2018-01-24 11:34:21.962,2.293731
5620,2018-01-24 11:34:22.062,2.293731
5621,2018-01-24 11:34:22.162,2.293731
5622,2018-01-24 11:34:22.262,2.091832
5623,2018-01-24 11:34:22.362,2.091832
5624,2018-01-24 11:34:22.462,2.091832
5625,2018-01-24 11:34:22.562,2.091832
5626,2018-01-24 11:34:22.662,2.091832
5627,2018-01-24 11:34:22.762,2.091832
5628,2018-01-24 11:34:22.862,2.091832
5629,2018-01-24 11:34:22.962,2.091832
5630,2018-01-24 11:34:23.062,2.091832
5631,2018-01-24 11:34:23.162,2.091832
5632,2018-01-24 11:34:23.263,1.908604
5633,2018-01-24 11:34:23.363,1.908604
5634,2018-01-24 11:34:23.463,1.908604
5635,2018-01-24 11:34:23.563,1.908604
5636,2018-01-24 11:34:23.662,1.908604
5637,2018-01-24 11:34:23.762,1.908604
5638,2018-01-24 11:34:23.862,1.908604
5639,2018-01-24 11:34:23.964,1.908604
5640,2018-01-24 11:34:24.063,1.908604
5641,2018-01-24 11:34:24.163,1.908604
5642,2018-01-24 11:34:24.263,1.88071
5643,2018-01-24 11:34:24.364,1.88071
5644,2018-01-24 11:34:24.463,1.88071
5645,2018-01-24 11:34:24.564,1.88071
5646,2018-01-24 11:34:24.663,1.88071
5647,2018-01-24 11:34:24.763,1.88071
5648,2018-01-24 11:34:24.863,1.88071
5649,2018-01-24 11:34:24.963,1.88071
5650,2018-01-24 11:34:25.064,1.88071
5651,2018-01-24 11:34:25.164,1.88071
5652,2018-01-24 11:34:25.263,2.009736
5653,2018-01-24 11:34:25.363,2.009736
5654,2018-01-24 11:34:25.464,2.009736
5655,2018-01-24 11:34:25.563,2.009736
5656,2018-01-24 11:34:25.663,2.009736
5657,2018-01-24 11:34:25.761,2.009736
5658,2018-01-24 11:34:25.862,2.009736
5659,2018-01-24 11:34:25.961,2.009736
5660,2018-01-24 11:34:26.061,2.009736
5661,2018-01-24 11:34:26.161,2.009736
5662,2018-01-24 11:34:26.261,2.199347
5663,2018-01-24 11:34:26.361,2.199347
5664,2018-01-24 11:34:26.461,2.199347
5665,2018-01-24 11:34:26.561,2.199347
5666,2018-01-24 11:34:26.661,2.199347
5667,2018-01-24 11:34:26.761,2.199347
5668,2018-01-24 11:34:26.861,2.199347
5669,2018-01-24 11:34:26.962,2.199347
5670,2018-01-24 11:34:27.062,2.199347
5671,2018-01-24 11:34:27.162,2.199347
5672,2018-01-24 11:34:27.262,2.27218
5673,2018-01-24 11:34:27.363,2.27218
5674,2018-01-24 11:34:27.462,2.27218
5675,2018-01-24 11:34:27.562,2.27218
5676,2018-01-24 11:34:27.663,2.27218
5677,2018-01-24 11:34:27.762,2.27218
5678,2018-01-24 11:34:27.862,2.27218
5679,2018-01-24 11:34:27.962,2.27218
5680,2018-01-24 11:34:28.062,2.27218
5681,2018-01-24 11:34:28.162,2.27218
5682,2018-01-24 11:34:28.262,2.224841
5683,2018-01-24 11:34:28.362,2.224841
5684,2018-01-24 11:34:28.462,2.224841
5685,2018-01-24 11:34:28.563,2.224841
5686,2018-01-24 11:34:28.662,2.224841
5687,2018-01-24 11:34:28.762,2.224841
5688,2018-01-24 11:34:28.862,2.224841
5689,2018-01-24 11:34:28.962,2.224841
5690,2018-01-24 11:34:29.062,2.224841
5691,2018-01-24 11:34:29.162,2.224841
5692,2018-01-24 11:34:29.263,2.135587
5693,2018-01-24 11:34:29.362,2.135587
5694,2018-01-24 11:34:29.462,2.135587
5695,2018-01-24 11:34:29.562,2.135587
5696,2018-01-24 11:34:29.662,2.135587
5697,2018-01-24 11:34:29.762,2.135587
5698,2018-01-24 11:34:29.863,2.135587
5699,2018-01-24 11:34:29.963,2.135587
5700,2018-01-24 11:34:30.063,2.135587
5701,2018-01-24 11:34:30.163,2.135587
5702,2018-01-24 11:34:30.263,1.961397
5703,2018-01-24 11:34:30.363,1.961397
5704,2018-01-24 11:34:30.463,1.961397
5705,2018-01-24 11:34:30.563,1.961397
5706,2018-01-24 11:34:30.663,1.961397
5707,2018-01-24 11:34:30.762,1.961397
5708,2018-01-24 11:34:30.862,1.961397
5709,2018-01-24 11:34:30.962,1.961397
5710,2018-01-24 11:34:31.063,1.961397
5711,2018-01-24 11:34:31.162,1.961397
5712,2018-01-24 11:34:31.263,1.7525970000000002
5713,2018-01-24 11:34:31.362,1.7525970000000002
5714,2018-01-24 11:34:31.463,1.7525970000000002
5715,2018-01-24 11:34:31.563,1.7525970000000002
5716,2018-01-24 11:34:31.662,1.7525970000000002
5717,2018-01-24 11:34:31.763,1.7525970000000002
5718,2018-01-24 11:34:31.863,1.7525970000000002
5719,2018-01-24 11:34:31.962,1.7525970000000002
5720,2018-01-24 11:34:32.062,1.7525970000000002
5721,2018-01-24 11:34:32.162,1.7525970000000002
5722,2018-01-24 11:34:32.262,1.568409
5723,2018-01-24 11:34:32.362,1.568409
5724,2018-01-24 11:34:32.462,1.568409
5725,2018-01-24 11:34:32.562,1.568409
5726,2018-01-24 11:34:32.662,1.568409
5727,2018-01-24 11:34:32.762,1.568409
5728,2018-01-24 11:34:32.862,1.568409
5729,2018-01-24 11:34:32.962,1.568409
5730,2018-01-24 11:34:33.064,1.568409
5731,2018-01-24 11:34:33.163,1.568409
5732,2018-01-24 11:34:33.263,1.500888
5733,2018-01-24 11:34:33.364,1.500888
5734,2018-01-24 11:34:33.463,1.500888
5735,2018-01-24 11:34:33.564,1.500888
5736,2018-01-24 11:34:33.664,1.500888
5737,2018-01-24 11:34:33.764,1.500888
5738,2018-01-24 11:34:33.863,1.500888
5739,2018-01-24 11:34:33.963,1.500888
5740,2018-01-24 11:34:34.063,1.500888
5741,2018-01-24 11:34:34.163,1.500888
5742,2018-01-24 11:34:34.263,1.593094
5743,2018-01-24 11:34:34.363,1.593094
5744,2018-01-24 11:34:34.463,1.593094
5745,2018-01-24 11:34:34.563,1.593094
5746,2018-01-24 11:34:34.663,1.593094
5747,2018-01-24 11:34:34.763,1.593094
5748,2018-01-24 11:34:34.863,1.593094
5749,2018-01-24 11:34:34.963,1.593094
5750,2018-01-24 11:34:35.064,1.593094
5751,2018-01-24 11:34:35.163,1.593094
5752,2018-01-24 11:34:35.263,1.731973
5753,2018-01-24 11:34:35.364,1.731973
5754,2018-01-24 11:34:35.463,1.731973
5755,2018-01-24 11:34:35.563,1.731973
5756,2018-01-24 11:34:35.663,1.731973
5757,2018-01-24 11:34:35.761,1.731973
5758,2018-01-24 11:34:35.861,1.731973
5759,2018-01-24 11:34:35.962,1.731973
5760,2018-01-24 11:34:36.062,1.731973
5761,2018-01-24 11:34:36.162,1.731973
5762,2018-01-24 11:34:36.262,1.835394
5763,2018-01-24 11:34:36.362,1.835394
5764,2018-01-24 11:34:36.462,1.835394
5765,2018-01-24 11:34:36.562,1.835394
5766,2018-01-24 11:34:36.662,1.835394
5767,2018-01-24 11:34:36.762,1.835394
5768,2018-01-24 11:34:36.862,1.835394
5769,2018-01-24 11:34:36.962,1.835394
5770,2018-01-24 11:34:37.062,1.835394
5771,2018-01-24 11:34:37.162,1.835394
5772,2018-01-24 11:34:37.262,1.865132
5773,2018-01-24 11:34:37.362,1.865132
5774,2018-01-24 11:34:37.462,1.865132
5775,2018-01-24 11:34:37.562,1.865132
5776,2018-01-24 11:34:37.662,1.865132
5777,2018-01-24 11:34:37.762,1.865132
5778,2018-01-24 11:34:37.862,1.865132
5779,2018-01-24 11:34:37.962,1.865132
5780,2018-01-24 11:34:38.062,1.865132
5781,2018-01-24 11:34:38.162,1.865132
5782,2018-01-24 11:34:38.262,1.783591
5783,2018-01-24 11:34:38.362,1.783591
5784,2018-01-24 11:34:38.462,1.783591
5785,2018-01-24 11:34:38.562,1.783591
5786,2018-01-24 11:34:38.662,1.783591
5787,2018-01-24 11:34:38.762,1.783591
5788,2018-01-24 11:34:38.862,1.783591
5789,2018-01-24 11:34:38.962,1.783591
5790,2018-01-24 11:34:39.062,1.783591
5791,2018-01-24 11:34:39.163,1.783591
5792,2018-01-24 11:34:39.263,1.656003
5793,2018-01-24 11:34:39.363,1.656003
5794,2018-01-24 11:34:39.463,1.656003
5795,2018-01-24 11:34:39.563,1.656003
5796,2018-01-24 11:34:39.663,1.656003
5797,2018-01-24 11:34:39.763,1.656003
5798,2018-01-24 11:34:39.863,1.656003
5799,2018-01-24 11:34:39.963,1.656003
5800,2018-01-24 11:34:40.063,1.656003
5801,2018-01-24 11:34:40.163,1.656003
5802,2018-01-24 11:34:40.263,1.5607
5803,2018-01-24 11:34:40.363,1.5607
5804,2018-01-24 11:34:40.463,1.5607
5805,2018-01-24 11:34:40.563,1.5607
5806,2018-01-24 11:34:40.663,1.5607
5807,2018-01-24 11:34:40.762,1.5607
5808,2018-01-24 11:34:40.862,1.5607
5809,2018-01-24 11:34:40.962,1.5607
5810,2018-01-24 11:34:41.062,1.5607
5811,2018-01-24 11:34:41.162,1.5607
5812,2018-01-24 11:34:41.263,1.529301
5813,2018-01-24 11:34:41.362,1.529301
5814,2018-01-24 11:34:41.462,1.529301
5815,2018-01-24 11:34:41.563,1.529301
5816,2018-01-24 11:34:41.662,1.529301
5817,2018-01-24 11:34:41.762,1.529301
5818,2018-01-24 11:34:41.862,1.529301
5819,2018-01-24 11:34:41.963,1.529301
5820,2018-01-24 11:34:42.062,1.529301
5821,2018-01-24 11:34:42.163,1.529301
5822,2018-01-24 11:34:42.263,1.606084
5823,2018-01-24 11:34:42.363,1.606084
5824,2018-01-24 11:34:42.463,1.606084
5825,2018-01-24 11:34:42.563,1.606084
5826,2018-01-24 11:34:42.663,1.606084
5827,2018-01-24 11:34:42.763,1.606084
5828,2018-01-24 11:34:42.863,1.606084
5829,2018-01-24 11:34:42.963,1.606084
5830,2018-01-24 11:34:43.063,1.606084
5831,2018-01-24 11:34:43.164,1.606084
5832,2018-01-24 11:34:43.264,1.7446669999999995
5833,2018-01-24 11:34:43.363,1.7446669999999995
5834,2018-01-24 11:34:43.463,1.7446669999999995
5835,2018-01-24 11:34:43.563,1.7446669999999995
5836,2018-01-24 11:34:43.664,1.7446669999999995
5837,2018-01-24 11:34:43.763,1.7446669999999995
5838,2018-01-24 11:34:43.864,1.7446669999999995
5839,2018-01-24 11:34:43.963,1.7446669999999995
5840,2018-01-24 11:34:44.064,1.7446669999999995
5841,2018-01-24 11:34:44.163,1.7446669999999995
5842,2018-01-24 11:34:44.263,1.895832
5843,2018-01-24 11:34:44.363,1.895832
5844,2018-01-24 11:34:44.463,1.895832
5845,2018-01-24 11:34:44.563,1.895832
5846,2018-01-24 11:34:44.663,1.895832
5847,2018-01-24 11:34:44.763,1.895832
5848,2018-01-24 11:34:44.863,1.895832
5849,2018-01-24 11:34:44.963,1.895832
5850,2018-01-24 11:34:45.063,1.895832
5851,2018-01-24 11:34:45.164,1.895832
5852,2018-01-24 11:34:45.264,2.053122
5853,2018-01-24 11:34:45.365,2.053122
5854,2018-01-24 11:34:45.464,2.053122
5855,2018-01-24 11:34:45.565,2.053122
5856,2018-01-24 11:34:45.665,2.053122
5857,2018-01-24 11:34:45.762,2.053122
5858,2018-01-24 11:34:45.862,2.053122
5859,2018-01-24 11:34:45.962,2.053122
5860,2018-01-24 11:34:46.062,2.053122
5861,2018-01-24 11:34:46.162,2.053122
5862,2018-01-24 11:34:46.262,2.20665
5863,2018-01-24 11:34:46.362,2.20665
5864,2018-01-24 11:34:46.462,2.20665
5865,2018-01-24 11:34:46.562,2.20665
5866,2018-01-24 11:34:46.662,2.20665
5867,2018-01-24 11:34:46.762,2.20665
5868,2018-01-24 11:34:46.862,2.20665
5869,2018-01-24 11:34:46.962,2.20665
5870,2018-01-24 11:34:47.062,2.20665
5871,2018-01-24 11:34:47.162,2.20665
5872,2018-01-24 11:34:47.262,2.349884
5873,2018-01-24 11:34:47.363,2.349884
5874,2018-01-24 11:34:47.462,2.349884
5875,2018-01-24 11:34:47.562,2.349884
5876,2018-01-24 11:34:47.662,2.349884
5877,2018-01-24 11:34:47.762,2.349884
5878,2018-01-24 11:34:47.863,2.349884
5879,2018-01-24 11:34:47.962,2.349884
5880,2018-01-24 11:34:48.062,2.349884
5881,2018-01-24 11:34:48.163,2.349884
5882,2018-01-24 11:34:48.263,2.464302
5883,2018-01-24 11:34:48.363,2.464302
5884,2018-01-24 11:34:48.463,2.464302
5885,2018-01-24 11:34:48.563,2.464302
5886,2018-01-24 11:34:48.663,2.464302
5887,2018-01-24 11:34:48.763,2.464302
5888,2018-01-24 11:34:48.863,2.464302
5889,2018-01-24 11:34:48.963,2.464302
5890,2018-01-24 11:34:49.063,2.464302
5891,2018-01-24 11:34:49.163,2.464302
5892,2018-01-24 11:34:49.263,2.533706
5893,2018-01-24 11:34:49.363,2.533706
5894,2018-01-24 11:34:49.464,2.533706
5895,2018-01-24 11:34:49.563,2.533706
5896,2018-01-24 11:34:49.663,2.533706
5897,2018-01-24 11:34:49.763,2.533706
5898,2018-01-24 11:34:49.863,2.533706
5899,2018-01-24 11:34:49.963,2.533706
5900,2018-01-24 11:34:50.063,2.533706
5901,2018-01-24 11:34:50.163,2.533706
5902,2018-01-24 11:34:50.263,2.515995
5903,2018-01-24 11:34:50.363,2.515995
5904,2018-01-24 11:34:50.463,2.515995
5905,2018-01-24 11:34:50.563,2.515995
5906,2018-01-24 11:34:50.663,2.515995
5907,2018-01-24 11:34:50.762,2.515995
5908,2018-01-24 11:34:50.862,2.515995
5909,2018-01-24 11:34:50.962,2.515995
5910,2018-01-24 11:34:51.062,2.515995
5911,2018-01-24 11:34:51.163,2.515995
5912,2018-01-24 11:34:51.264,2.468843
5913,2018-01-24 11:34:51.363,2.468843
5914,2018-01-24 11:34:51.463,2.468843
5915,2018-01-24 11:34:51.563,2.468843
5916,2018-01-24 11:34:51.664,2.468843
5917,2018-01-24 11:34:51.764,2.468843
5918,2018-01-24 11:34:51.864,2.468843
5919,2018-01-24 11:34:51.964,2.468843
5920,2018-01-24 11:34:52.063,2.468843
5921,2018-01-24 11:34:52.163,2.468843
5922,2018-01-24 11:34:52.263,2.405929
5923,2018-01-24 11:34:52.363,2.405929
5924,2018-01-24 11:34:52.463,2.405929
5925,2018-01-24 11:34:52.563,2.405929
5926,2018-01-24 11:34:52.663,2.405929
5927,2018-01-24 11:34:52.763,2.405929
5928,2018-01-24 11:34:52.863,2.405929
5929,2018-01-24 11:34:52.963,2.405929
5930,2018-01-24 11:34:53.063,2.405929
5931,2018-01-24 11:34:53.164,2.405929
5932,2018-01-24 11:34:53.263,2.474962
5933,2018-01-24 11:34:53.363,2.474962
5934,2018-01-24 11:34:53.463,2.474962
5935,2018-01-24 11:34:53.563,2.474962
5936,2018-01-24 11:34:53.663,2.474962
5937,2018-01-24 11:34:53.764,2.474962
5938,2018-01-24 11:34:53.864,2.474962
5939,2018-01-24 11:34:53.963,2.474962
5940,2018-01-24 11:34:54.063,2.474962
5941,2018-01-24 11:34:54.163,2.474962
5942,2018-01-24 11:34:54.264,2.721505
5943,2018-01-24 11:34:54.364,2.721505
5944,2018-01-24 11:34:54.464,2.721505
5945,2018-01-24 11:34:54.564,2.721505
5946,2018-01-24 11:34:54.664,2.721505
5947,2018-01-24 11:34:54.764,2.721505
5948,2018-01-24 11:34:54.864,2.721505
5949,2018-01-24 11:34:54.964,2.721505
5950,2018-01-24 11:34:55.065,2.721505
5951,2018-01-24 11:34:55.164,2.721505
5952,2018-01-24 11:34:55.264,3.025129
5953,2018-01-24 11:34:55.365,3.025129
5954,2018-01-24 11:34:55.464,3.025129
5955,2018-01-24 11:34:55.564,3.025129
5956,2018-01-24 11:34:55.665,3.025129
5957,2018-01-24 11:34:55.763,3.025129
5958,2018-01-24 11:34:55.862,3.025129
5959,2018-01-24 11:34:55.962,3.025129
5960,2018-01-24 11:34:56.062,3.025129
5961,2018-01-24 11:34:56.162,3.025129
5962,2018-01-24 11:34:56.262,3.204042
5963,2018-01-24 11:34:56.362,3.204042
5964,2018-01-24 11:34:56.462,3.204042
5965,2018-01-24 11:34:56.562,3.204042
5966,2018-01-24 11:34:56.662,3.204042
5967,2018-01-24 11:34:56.762,3.204042
5968,2018-01-24 11:34:56.862,3.204042
5969,2018-01-24 11:34:56.962,3.204042
5970,2018-01-24 11:34:57.062,3.204042
5971,2018-01-24 11:34:57.162,3.204042
5972,2018-01-24 11:34:57.264,3.193048
5973,2018-01-24 11:34:57.363,3.193048
5974,2018-01-24 11:34:57.463,3.193048
5975,2018-01-24 11:34:57.564,3.193048
5976,2018-01-24 11:34:57.663,3.193048
5977,2018-01-24 11:34:57.763,3.193048
5978,2018-01-24 11:34:57.863,3.193048
5979,2018-01-24 11:34:57.964,3.193048
5980,2018-01-24 11:34:58.064,3.193048
5981,2018-01-24 11:34:58.163,3.193048
5982,2018-01-24 11:34:58.263,2.981815
5983,2018-01-24 11:34:58.363,2.981815
5984,2018-01-24 11:34:58.463,2.981815
5985,2018-01-24 11:34:58.563,2.981815
5986,2018-01-24 11:34:58.663,2.981815
5987,2018-01-24 11:34:58.763,2.981815
5988,2018-01-24 11:34:58.863,2.981815
5989,2018-01-24 11:34:58.963,2.981815
5990,2018-01-24 11:34:59.063,2.981815
5991,2018-01-24 11:34:59.164,2.981815
5992,2018-01-24 11:34:59.263,2.706639
5993,2018-01-24 11:34:59.364,2.706639
5994,2018-01-24 11:34:59.463,2.706639
5995,2018-01-24 11:34:59.563,2.706639
5996,2018-01-24 11:34:59.663,2.706639
5997,2018-01-24 11:34:59.763,2.706639
5998,2018-01-24 11:34:59.863,2.706639
5999,2018-01-24 11:34:59.963,2.706639
6000,2018-01-24 11:35:00.063,2.706639
6001,2018-01-24 11:35:00.163,2.706639
6002,2018-01-24 11:35:00.264,2.443749
6003,2018-01-24 11:35:00.364,2.443749
6004,2018-01-24 11:35:00.464,2.443749
6005,2018-01-24 11:35:00.564,2.443749
6006,2018-01-24 11:35:00.664,2.443749
6007,2018-01-24 11:35:00.763,2.443749
6008,2018-01-24 11:35:00.863,2.443749
6009,2018-01-24 11:35:00.963,2.443749
6010,2018-01-24 11:35:01.063,2.443749
6011,2018-01-24 11:35:01.163,2.443749
6012,2018-01-24 11:35:01.264,2.268709
6013,2018-01-24 11:35:01.363,2.268709
6014,2018-01-24 11:35:01.463,2.268709
6015,2018-01-24 11:35:01.563,2.268709
6016,2018-01-24 11:35:01.663,2.268709
6017,2018-01-24 11:35:01.763,2.268709
6018,2018-01-24 11:35:01.863,2.268709
6019,2018-01-24 11:35:01.964,2.268709
6020,2018-01-24 11:35:02.063,2.268709
6021,2018-01-24 11:35:02.163,2.268709
6022,2018-01-24 11:35:02.263,2.303428
6023,2018-01-24 11:35:02.363,2.303428
6024,2018-01-24 11:35:02.463,2.303428
6025,2018-01-24 11:35:02.563,2.303428
6026,2018-01-24 11:35:02.663,2.303428
6027,2018-01-24 11:35:02.763,2.303428
6028,2018-01-24 11:35:02.863,2.303428
6029,2018-01-24 11:35:02.963,2.303428
6030,2018-01-24 11:35:03.063,2.303428
6031,2018-01-24 11:35:03.163,2.303428
6032,2018-01-24 11:35:03.263,2.469721
6033,2018-01-24 11:35:03.364,2.469721
6034,2018-01-24 11:35:03.465,2.469721
6035,2018-01-24 11:35:03.564,2.469721
6036,2018-01-24 11:35:03.664,2.469721
6037,2018-01-24 11:35:03.764,2.469721
6038,2018-01-24 11:35:03.864,2.469721
6039,2018-01-24 11:35:03.965,2.469721
6040,2018-01-24 11:35:04.064,2.469721
6041,2018-01-24 11:35:04.164,2.469721
6042,2018-01-24 11:35:04.264,2.591224
6043,2018-01-24 11:35:04.364,2.591224
6044,2018-01-24 11:35:04.464,2.591224
6045,2018-01-24 11:35:04.564,2.591224
6046,2018-01-24 11:35:04.664,2.591224
6047,2018-01-24 11:35:04.764,2.591224
6048,2018-01-24 11:35:04.864,2.591224
6049,2018-01-24 11:35:04.964,2.591224
6050,2018-01-24 11:35:05.064,2.591224
6051,2018-01-24 11:35:05.164,2.591224
6052,2018-01-24 11:35:05.264,2.554293
6053,2018-01-24 11:35:05.364,2.554293
6054,2018-01-24 11:35:05.464,2.554293
6055,2018-01-24 11:35:05.564,2.554293
6056,2018-01-24 11:35:05.664,2.554293
6057,2018-01-24 11:35:05.762,2.554293
6058,2018-01-24 11:35:05.862,2.554293
6059,2018-01-24 11:35:05.962,2.554293
6060,2018-01-24 11:35:06.062,2.554293
6061,2018-01-24 11:35:06.162,2.554293
6062,2018-01-24 11:35:06.262,2.3288919999999997
6063,2018-01-24 11:35:06.363,2.3288919999999997
6064,2018-01-24 11:35:06.463,2.3288919999999997
6065,2018-01-24 11:35:06.563,2.3288919999999997
6066,2018-01-24 11:35:06.663,2.3288919999999997
6067,2018-01-24 11:35:06.763,2.3288919999999997
6068,2018-01-24 11:35:06.863,2.3288919999999997
6069,2018-01-24 11:35:06.963,2.3288919999999997
6070,2018-01-24 11:35:07.063,2.3288919999999997
6071,2018-01-24 11:35:07.163,2.3288919999999997
6072,2018-01-24 11:35:07.263,2.106331
6073,2018-01-24 11:35:07.363,2.106331
6074,2018-01-24 11:35:07.463,2.106331
6075,2018-01-24 11:35:07.563,2.106331
6076,2018-01-24 11:35:07.664,2.106331
6077,2018-01-24 11:35:07.763,2.106331
6078,2018-01-24 11:35:07.863,2.106331
6079,2018-01-24 11:35:07.963,2.106331
6080,2018-01-24 11:35:08.063,2.106331
6081,2018-01-24 11:35:08.163,2.106331
6082,2018-01-24 11:35:08.263,2.035933
6083,2018-01-24 11:35:08.363,2.035933
6084,2018-01-24 11:35:08.463,2.035933
6085,2018-01-24 11:35:08.563,2.035933
6086,2018-01-24 11:35:08.663,2.035933
6087,2018-01-24 11:35:08.763,2.035933
6088,2018-01-24 11:35:08.863,2.035933
6089,2018-01-24 11:35:08.963,2.035933
6090,2018-01-24 11:35:09.063,2.035933
6091,2018-01-24 11:35:09.163,2.035933
6092,2018-01-24 11:35:09.263,2.0842240000000003
6093,2018-01-24 11:35:09.364,2.0842240000000003
6094,2018-01-24 11:35:09.464,2.0842240000000003
6095,2018-01-24 11:35:09.565,2.0842240000000003
6096,2018-01-24 11:35:09.664,2.0842240000000003
6097,2018-01-24 11:35:09.764,2.0842240000000003
6098,2018-01-24 11:35:09.864,2.0842240000000003
6099,2018-01-24 11:35:09.964,2.0842240000000003
6100,2018-01-24 11:35:10.064,2.0842240000000003
6101,2018-01-24 11:35:10.164,2.0842240000000003
6102,2018-01-24 11:35:10.264,2.2091540000000003
6103,2018-01-24 11:35:10.364,2.2091540000000003
6104,2018-01-24 11:35:10.464,2.2091540000000003
6105,2018-01-24 11:35:10.564,2.2091540000000003
6106,2018-01-24 11:35:10.664,2.2091540000000003
6107,2018-01-24 11:35:10.763,2.2091540000000003
6108,2018-01-24 11:35:10.863,2.2091540000000003
6109,2018-01-24 11:35:10.963,2.2091540000000003
6110,2018-01-24 11:35:11.063,2.2091540000000003
6111,2018-01-24 11:35:11.163,2.2091540000000003
6112,2018-01-24 11:35:11.264,2.302652
6113,2018-01-24 11:35:11.363,2.302652
6114,2018-01-24 11:35:11.463,2.302652
6115,2018-01-24 11:35:11.563,2.302652
6116,2018-01-24 11:35:11.663,2.302652
6117,2018-01-24 11:35:11.764,2.302652
6118,2018-01-24 11:35:11.863,2.302652
6119,2018-01-24 11:35:11.963,2.302652
6120,2018-01-24 11:35:12.064,2.302652
6121,2018-01-24 11:35:12.163,2.302652
6122,2018-01-24 11:35:12.263,2.281255
6123,2018-01-24 11:35:12.364,2.281255
6124,2018-01-24 11:35:12.464,2.281255
6125,2018-01-24 11:35:12.564,2.281255
6126,2018-01-24 11:35:12.664,2.281255
6127,2018-01-24 11:35:12.764,2.281255
6128,2018-01-24 11:35:12.864,2.281255
6129,2018-01-24 11:35:12.964,2.281255
6130,2018-01-24 11:35:13.064,2.281255
6131,2018-01-24 11:35:13.164,2.281255
6132,2018-01-24 11:35:13.264,2.290446
6133,2018-01-24 11:35:13.364,2.290446
6134,2018-01-24 11:35:13.464,2.290446
6135,2018-01-24 11:35:13.564,2.290446
6136,2018-01-24 11:35:13.664,2.290446
6137,2018-01-24 11:35:13.764,2.290446
6138,2018-01-24 11:35:13.864,2.290446
6139,2018-01-24 11:35:13.964,2.290446
6140,2018-01-24 11:35:14.064,2.290446
6141,2018-01-24 11:35:14.164,2.290446
6142,2018-01-24 11:35:14.264,2.267532
6143,2018-01-24 11:35:14.364,2.267532
6144,2018-01-24 11:35:14.464,2.267532
6145,2018-01-24 11:35:14.564,2.267532
6146,2018-01-24 11:35:14.664,2.267532
6147,2018-01-24 11:35:14.764,2.267532
6148,2018-01-24 11:35:14.864,2.267532
6149,2018-01-24 11:35:14.964,2.267532
6150,2018-01-24 11:35:15.064,2.267532
6151,2018-01-24 11:35:15.165,2.267532
6152,2018-01-24 11:35:15.264,2.212221
6153,2018-01-24 11:35:15.364,2.212221
6154,2018-01-24 11:35:15.466,2.212221
6155,2018-01-24 11:35:15.565,2.212221
6156,2018-01-24 11:35:15.666,2.212221
6157,2018-01-24 11:35:15.763,2.212221
6158,2018-01-24 11:35:15.864,2.212221
6159,2018-01-24 11:35:15.963,2.212221
6160,2018-01-24 11:35:16.063,2.212221
6161,2018-01-24 11:35:16.163,2.212221
6162,2018-01-24 11:35:16.263,2.12802
6163,2018-01-24 11:35:16.364,2.12802
6164,2018-01-24 11:35:16.463,2.12802
6165,2018-01-24 11:35:16.563,2.12802
6166,2018-01-24 11:35:16.663,2.12802
6167,2018-01-24 11:35:16.763,2.12802
6168,2018-01-24 11:35:16.863,2.12802
6169,2018-01-24 11:35:16.963,2.12802
6170,2018-01-24 11:35:17.063,2.12802
6171,2018-01-24 11:35:17.163,2.12802
6172,2018-01-24 11:35:17.264,2.004969
6173,2018-01-24 11:35:17.363,2.004969
6174,2018-01-24 11:35:17.464,2.004969
6175,2018-01-24 11:35:17.563,2.004969
6176,2018-01-24 11:35:17.663,2.004969
6177,2018-01-24 11:35:17.763,2.004969
6178,2018-01-24 11:35:17.864,2.004969
6179,2018-01-24 11:35:17.963,2.004969
6180,2018-01-24 11:35:18.063,2.004969
6181,2018-01-24 11:35:18.164,2.004969
6182,2018-01-24 11:35:18.263,1.886974
6183,2018-01-24 11:35:18.364,1.886974
6184,2018-01-24 11:35:18.464,1.886974
6185,2018-01-24 11:35:18.564,1.886974
6186,2018-01-24 11:35:18.664,1.886974
6187,2018-01-24 11:35:18.764,1.886974
6188,2018-01-24 11:35:18.864,1.886974
6189,2018-01-24 11:35:18.964,1.886974
6190,2018-01-24 11:35:19.064,1.886974
6191,2018-01-24 11:35:19.164,1.886974
6192,2018-01-24 11:35:19.264,1.819124
6193,2018-01-24 11:35:19.364,1.819124
6194,2018-01-24 11:35:19.464,1.819124
6195,2018-01-24 11:35:19.564,1.819124
6196,2018-01-24 11:35:19.665,1.819124
6197,2018-01-24 11:35:19.764,1.819124
6198,2018-01-24 11:35:19.864,1.819124
6199,2018-01-24 11:35:19.964,1.819124
6200,2018-01-24 11:35:20.064,1.819124
6201,2018-01-24 11:35:20.164,1.819124
6202,2018-01-24 11:35:20.264,1.739429
6203,2018-01-24 11:35:20.364,1.739429
6204,2018-01-24 11:35:20.464,1.739429
6205,2018-01-24 11:35:20.564,1.739429
6206,2018-01-24 11:35:20.664,1.739429
6207,2018-01-24 11:35:20.763,1.739429
6208,2018-01-24 11:35:20.863,1.739429
6209,2018-01-24 11:35:20.963,1.739429
6210,2018-01-24 11:35:21.063,1.739429
6211,2018-01-24 11:35:21.163,1.739429
6212,2018-01-24 11:35:21.263,1.672203
6213,2018-01-24 11:35:21.364,1.672203
6214,2018-01-24 11:35:21.465,1.672203
6215,2018-01-24 11:35:21.565,1.672203
6216,2018-01-24 11:35:21.664,1.672203
6217,2018-01-24 11:35:21.764,1.672203
6218,2018-01-24 11:35:21.865,1.672203
6219,2018-01-24 11:35:21.965,1.672203
6220,2018-01-24 11:35:22.065,1.672203
6221,2018-01-24 11:35:22.164,1.672203
6222,2018-01-24 11:35:22.264,1.6092540000000002
6223,2018-01-24 11:35:22.364,1.6092540000000002
6224,2018-01-24 11:35:22.464,1.6092540000000002
6225,2018-01-24 11:35:22.564,1.6092540000000002
6226,2018-01-24 11:35:22.664,1.6092540000000002
6227,2018-01-24 11:35:22.764,1.6092540000000002
6228,2018-01-24 11:35:22.864,1.6092540000000002
6229,2018-01-24 11:35:22.964,1.6092540000000002
6230,2018-01-24 11:35:23.064,1.6092540000000002
6231,2018-01-24 11:35:23.164,1.6092540000000002
6232,2018-01-24 11:35:23.265,1.535494
6233,2018-01-24 11:35:23.364,1.535494
6234,2018-01-24 11:35:23.464,1.535494
6235,2018-01-24 11:35:23.564,1.535494
6236,2018-01-24 11:35:23.664,1.535494
6237,2018-01-24 11:35:23.765,1.535494
6238,2018-01-24 11:35:23.864,1.535494
6239,2018-01-24 11:35:23.965,1.535494
6240,2018-01-24 11:35:24.065,1.535494
6241,2018-01-24 11:35:24.164,1.535494
6242,2018-01-24 11:35:24.264,1.448048
6243,2018-01-24 11:35:24.365,1.448048
6244,2018-01-24 11:35:24.465,1.448048
6245,2018-01-24 11:35:24.565,1.448048
6246,2018-01-24 11:35:24.665,1.448048
6247,2018-01-24 11:35:24.765,1.448048
6248,2018-01-24 11:35:24.865,1.448048
6249,2018-01-24 11:35:24.965,1.448048
6250,2018-01-24 11:35:25.065,1.448048
6251,2018-01-24 11:35:25.165,1.448048
6252,2018-01-24 11:35:25.265,1.306958
6253,2018-01-24 11:35:25.365,1.306958
6254,2018-01-24 11:35:25.465,1.306958
6255,2018-01-24 11:35:25.566,1.306958
6256,2018-01-24 11:35:25.666,1.306958
6257,2018-01-24 11:35:25.763,1.306958
6258,2018-01-24 11:35:25.863,1.306958
6259,2018-01-24 11:35:25.964,1.306958
6260,2018-01-24 11:35:26.064,1.306958
6261,2018-01-24 11:35:26.163,1.306958
6262,2018-01-24 11:35:26.263,1.176606
6263,2018-01-24 11:35:26.363,1.176606
6264,2018-01-24 11:35:26.463,1.176606
6265,2018-01-24 11:35:26.563,1.176606
6266,2018-01-24 11:35:26.663,1.176606
6267,2018-01-24 11:35:26.763,1.176606
6268,2018-01-24 11:35:26.863,1.176606
6269,2018-01-24 11:35:26.964,1.176606
6270,2018-01-24 11:35:27.063,1.176606
6271,2018-01-24 11:35:27.163,1.176606
6272,2018-01-24 11:35:27.263,1.100195
6273,2018-01-24 11:35:27.363,1.100195
6274,2018-01-24 11:35:27.464,1.100195
6275,2018-01-24 11:35:27.564,1.100195
6276,2018-01-24 11:35:27.664,1.100195
6277,2018-01-24 11:35:27.764,1.100195
6278,2018-01-24 11:35:27.865,1.100195
6279,2018-01-24 11:35:27.965,1.100195
6280,2018-01-24 11:35:28.065,1.100195
6281,2018-01-24 11:35:28.164,1.100195
6282,2018-01-24 11:35:28.264,1.087059
6283,2018-01-24 11:35:28.364,1.087059
6284,2018-01-24 11:35:28.464,1.087059
6285,2018-01-24 11:35:28.564,1.087059
6286,2018-01-24 11:35:28.664,1.087059
6287,2018-01-24 11:35:28.764,1.087059
6288,2018-01-24 11:35:28.864,1.087059
6289,2018-01-24 11:35:28.964,1.087059
6290,2018-01-24 11:35:29.064,1.087059
6291,2018-01-24 11:35:29.164,1.087059
6292,2018-01-24 11:35:29.264,1.054808
6293,2018-01-24 11:35:29.364,1.054808
6294,2018-01-24 11:35:29.464,1.054808
6295,2018-01-24 11:35:29.565,1.054808
6296,2018-01-24 11:35:29.664,1.054808
6297,2018-01-24 11:35:29.764,1.054808
6298,2018-01-24 11:35:29.865,1.054808
6299,2018-01-24 11:35:29.964,1.054808
6300,2018-01-24 11:35:30.065,1.054808
6301,2018-01-24 11:35:30.164,1.054808
6302,2018-01-24 11:35:30.264,1.013371
6303,2018-01-24 11:35:30.364,1.013371
6304,2018-01-24 11:35:30.465,1.013371
6305,2018-01-24 11:35:30.565,1.013371
6306,2018-01-24 11:35:30.665,1.013371
6307,2018-01-24 11:35:30.764,1.013371
6308,2018-01-24 11:35:30.864,1.013371
6309,2018-01-24 11:35:30.964,1.013371
6310,2018-01-24 11:35:31.064,1.013371
6311,2018-01-24 11:35:31.164,1.013371
6312,2018-01-24 11:35:31.264,0.931902
6313,2018-01-24 11:35:31.364,0.931902
6314,2018-01-24 11:35:31.464,0.931902
6315,2018-01-24 11:35:31.564,0.931902
6316,2018-01-24 11:35:31.664,0.931902
6317,2018-01-24 11:35:31.764,0.931902
6318,2018-01-24 11:35:31.865,0.931902
6319,2018-01-24 11:35:31.965,0.931902
6320,2018-01-24 11:35:32.065,0.931902
6321,2018-01-24 11:35:32.164,0.931902
6322,2018-01-24 11:35:32.264,0.815051
6323,2018-01-24 11:35:32.364,0.815051
6324,2018-01-24 11:35:32.464,0.815051
6325,2018-01-24 11:35:32.564,0.815051
6326,2018-01-24 11:35:32.664,0.815051
6327,2018-01-24 11:35:32.764,0.815051
6328,2018-01-24 11:35:32.864,0.815051
6329,2018-01-24 11:35:32.964,0.815051
6330,2018-01-24 11:35:33.064,0.815051
6331,2018-01-24 11:35:33.164,0.815051
6332,2018-01-24 11:35:33.264,0.73447
6333,2018-01-24 11:35:33.364,0.73447
6334,2018-01-24 11:35:33.466,0.73447
6335,2018-01-24 11:35:33.565,0.73447
6336,2018-01-24 11:35:33.665,0.73447
6337,2018-01-24 11:35:33.765,0.73447
6338,2018-01-24 11:35:33.866,0.73447
6339,2018-01-24 11:35:33.966,0.73447
6340,2018-01-24 11:35:34.066,0.73447
6341,2018-01-24 11:35:34.166,0.73447
6342,2018-01-24 11:35:34.265,0.722295
6343,2018-01-24 11:35:34.365,0.722295
6344,2018-01-24 11:35:34.465,0.722295
6345,2018-01-24 11:35:34.565,0.722295
6346,2018-01-24 11:35:34.665,0.722295
6347,2018-01-24 11:35:34.765,0.722295
6348,2018-01-24 11:35:34.865,0.722295
6349,2018-01-24 11:35:34.965,0.722295
6350,2018-01-24 11:35:35.065,0.722295
6351,2018-01-24 11:35:35.165,0.722295
6352,2018-01-24 11:35:35.265,0.783285
6353,2018-01-24 11:35:35.365,0.783285
6354,2018-01-24 11:35:35.466,0.783285
6355,2018-01-24 11:35:35.566,0.783285
6356,2018-01-24 11:35:35.665,0.783285
6357,2018-01-24 11:35:35.763,0.783285
6358,2018-01-24 11:35:35.863,0.783285
6359,2018-01-24 11:35:35.963,0.783285
6360,2018-01-24 11:35:36.063,0.783285
6361,2018-01-24 11:35:36.163,0.783285
6362,2018-01-24 11:35:36.264,0.885451
6363,2018-01-24 11:35:36.364,0.885451
6364,2018-01-24 11:35:36.464,0.885451
6365,2018-01-24 11:35:36.564,0.885451
6366,2018-01-24 11:35:36.664,0.885451
6367,2018-01-24 11:35:36.764,0.885451
6368,2018-01-24 11:35:36.864,0.885451
6369,2018-01-24 11:35:36.964,0.885451
6370,2018-01-24 11:35:37.064,0.885451
6371,2018-01-24 11:35:37.164,0.885451
6372,2018-01-24 11:35:37.264,1.025509
6373,2018-01-24 11:35:37.364,1.025509
6374,2018-01-24 11:35:37.464,1.025509
6375,2018-01-24 11:35:37.564,1.025509
6376,2018-01-24 11:35:37.664,1.025509
6377,2018-01-24 11:35:37.764,1.025509
6378,2018-01-24 11:35:37.864,1.025509
6379,2018-01-24 11:35:37.964,1.025509
6380,2018-01-24 11:35:38.064,1.025509
6381,2018-01-24 11:35:38.164,1.025509
6382,2018-01-24 11:35:38.264,1.1828
6383,2018-01-24 11:35:38.364,1.1828
6384,2018-01-24 11:35:38.464,1.1828
6385,2018-01-24 11:35:38.564,1.1828
6386,2018-01-24 11:35:38.664,1.1828
6387,2018-01-24 11:35:38.764,1.1828
6388,2018-01-24 11:35:38.864,1.1828
6389,2018-01-24 11:35:38.964,1.1828
6390,2018-01-24 11:35:39.064,1.1828
6391,2018-01-24 11:35:39.164,1.1828
6392,2018-01-24 11:35:39.264,1.280873
6393,2018-01-24 11:35:39.364,1.280873
6394,2018-01-24 11:35:39.464,1.280873
6395,2018-01-24 11:35:39.564,1.280873
6396,2018-01-24 11:35:39.665,1.280873
6397,2018-01-24 11:35:39.765,1.280873
6398,2018-01-24 11:35:39.865,1.280873
6399,2018-01-24 11:35:39.965,1.280873
6400,2018-01-24 11:35:40.065,1.280873
6401,2018-01-24 11:35:40.165,1.280873
6402,2018-01-24 11:35:40.265,1.29781
6403,2018-01-24 11:35:40.365,1.29781
6404,2018-01-24 11:35:40.465,1.29781
6405,2018-01-24 11:35:40.565,1.29781
6406,2018-01-24 11:35:40.665,1.29781
6407,2018-01-24 11:35:40.764,1.29781
6408,2018-01-24 11:35:40.864,1.29781
6409,2018-01-24 11:35:40.964,1.29781
6410,2018-01-24 11:35:41.064,1.29781
6411,2018-01-24 11:35:41.164,1.29781
6412,2018-01-24 11:35:41.264,1.334891
6413,2018-01-24 11:35:41.364,1.334891
6414,2018-01-24 11:35:41.465,1.334891
6415,2018-01-24 11:35:41.564,1.334891
6416,2018-01-24 11:35:41.664,1.334891
6417,2018-01-24 11:35:41.764,1.334891
6418,2018-01-24 11:35:41.865,1.334891
6419,2018-01-24 11:35:41.965,1.334891
6420,2018-01-24 11:35:42.065,1.334891
6421,2018-01-24 11:35:42.164,1.334891
6422,2018-01-24 11:35:42.264,1.38197
6423,2018-01-24 11:35:42.364,1.38197
6424,2018-01-24 11:35:42.464,1.38197
6425,2018-01-24 11:35:42.565,1.38197
6426,2018-01-24 11:35:42.665,1.38197
6427,2018-01-24 11:35:42.765,1.38197
6428,2018-01-24 11:35:42.865,1.38197
6429,2018-01-24 11:35:42.965,1.38197
6430,2018-01-24 11:35:43.065,1.38197
6431,2018-01-24 11:35:43.165,1.38197
6432,2018-01-24 11:35:43.265,1.376509
6433,2018-01-24 11:35:43.366,1.376509
6434,2018-01-24 11:35:43.465,1.376509
6435,2018-01-24 11:35:43.565,1.376509
6436,2018-01-24 11:35:43.666,1.376509
6437,2018-01-24 11:35:43.766,1.376509
6438,2018-01-24 11:35:43.865,1.376509
6439,2018-01-24 11:35:43.965,1.376509
6440,2018-01-24 11:35:44.066,1.376509
6441,2018-01-24 11:35:44.165,1.376509
6442,2018-01-24 11:35:44.265,1.332088
6443,2018-01-24 11:35:44.365,1.332088
6444,2018-01-24 11:35:44.465,1.332088
6445,2018-01-24 11:35:44.565,1.332088
6446,2018-01-24 11:35:44.665,1.332088
6447,2018-01-24 11:35:44.765,1.332088
6448,2018-01-24 11:35:44.865,1.332088
6449,2018-01-24 11:35:44.965,1.332088
6450,2018-01-24 11:35:45.065,1.332088
6451,2018-01-24 11:35:45.165,1.332088
6452,2018-01-24 11:35:45.265,1.3647049999999998
6453,2018-01-24 11:35:45.365,1.3647049999999998
6454,2018-01-24 11:35:45.466,1.3647049999999998
6455,2018-01-24 11:35:45.566,1.3647049999999998
6456,2018-01-24 11:35:45.667,1.3647049999999998
6457,2018-01-24 11:35:45.764,1.3647049999999998
6458,2018-01-24 11:35:45.864,1.3647049999999998
6459,2018-01-24 11:35:45.964,1.3647049999999998
6460,2018-01-24 11:35:46.064,1.3647049999999998
6461,2018-01-24 11:35:46.164,1.3647049999999998
6462,2018-01-24 11:35:46.264,1.5660129999999999
6463,2018-01-24 11:35:46.364,1.5660129999999999
6464,2018-01-24 11:35:46.464,1.5660129999999999
6465,2018-01-24 11:35:46.564,1.5660129999999999
6466,2018-01-24 11:35:46.664,1.5660129999999999
6467,2018-01-24 11:35:46.764,1.5660129999999999
6468,2018-01-24 11:35:46.864,1.5660129999999999
6469,2018-01-24 11:35:46.964,1.5660129999999999
6470,2018-01-24 11:35:47.064,1.5660129999999999
6471,2018-01-24 11:35:47.164,1.5660129999999999
6472,2018-01-24 11:35:47.264,1.839895
6473,2018-01-24 11:35:47.364,1.839895
6474,2018-01-24 11:35:47.464,1.839895
6475,2018-01-24 11:35:47.564,1.839895
6476,2018-01-24 11:35:47.664,1.839895
6477,2018-01-24 11:35:47.764,1.839895
6478,2018-01-24 11:35:47.864,1.839895
6479,2018-01-24 11:35:47.964,1.839895
6480,2018-01-24 11:35:48.064,1.839895
6481,2018-01-24 11:35:48.164,1.839895
6482,2018-01-24 11:35:48.264,2.018806
6483,2018-01-24 11:35:48.364,2.018806
6484,2018-01-24 11:35:48.464,2.018806
6485,2018-01-24 11:35:48.564,2.018806
6486,2018-01-24 11:35:48.665,2.018806
6487,2018-01-24 11:35:48.765,2.018806
6488,2018-01-24 11:35:48.865,2.018806
6489,2018-01-24 11:35:48.965,2.018806
6490,2018-01-24 11:35:49.065,2.018806
6491,2018-01-24 11:35:49.165,2.018806
6492,2018-01-24 11:35:49.265,2.010357
6493,2018-01-24 11:35:49.365,2.010357
6494,2018-01-24 11:35:49.465,2.010357
6495,2018-01-24 11:35:49.565,2.010357
6496,2018-01-24 11:35:49.665,2.010357
6497,2018-01-24 11:35:49.765,2.010357
6498,2018-01-24 11:35:49.865,2.010357
6499,2018-01-24 11:35:49.965,2.010357
6500,2018-01-24 11:35:50.065,2.010357
6501,2018-01-24 11:35:50.165,2.010357
6502,2018-01-24 11:35:50.265,1.839452
6503,2018-01-24 11:35:50.365,1.839452
6504,2018-01-24 11:35:50.465,1.839452
6505,2018-01-24 11:35:50.565,1.839452
6506,2018-01-24 11:35:50.665,1.839452
6507,2018-01-24 11:35:50.763,1.839452
6508,2018-01-24 11:35:50.863,1.839452
6509,2018-01-24 11:35:50.963,1.839452
6510,2018-01-24 11:35:51.063,1.839452
6511,2018-01-24 11:35:51.163,1.839452
6512,2018-01-24 11:35:51.263,1.612648
6513,2018-01-24 11:35:51.363,1.612648
6514,2018-01-24 11:35:51.464,1.612648
6515,2018-01-24 11:35:51.564,1.612648
6516,2018-01-24 11:35:51.664,1.612648
6517,2018-01-24 11:35:51.765,1.612648
6518,2018-01-24 11:35:51.865,1.612648
6519,2018-01-24 11:35:51.964,1.612648
6520,2018-01-24 11:35:52.064,1.612648
6521,2018-01-24 11:35:52.165,1.612648
6522,2018-01-24 11:35:52.264,1.426244
6523,2018-01-24 11:35:52.364,1.426244
6524,2018-01-24 11:35:52.464,1.426244
6525,2018-01-24 11:35:52.564,1.426244
6526,2018-01-24 11:35:52.664,1.426244
6527,2018-01-24 11:35:52.764,1.426244
6528,2018-01-24 11:35:52.864,1.426244
6529,2018-01-24 11:35:52.964,1.426244
6530,2018-01-24 11:35:53.064,1.426244
6531,2018-01-24 11:35:53.164,1.426244
6532,2018-01-24 11:35:53.264,1.417977
6533,2018-01-24 11:35:53.364,1.417977
6534,2018-01-24 11:35:53.464,1.417977
6535,2018-01-24 11:35:53.564,1.417977
6536,2018-01-24 11:35:53.664,1.417977
6537,2018-01-24 11:35:53.765,1.417977
6538,2018-01-24 11:35:53.865,1.417977
6539,2018-01-24 11:35:53.965,1.417977
6540,2018-01-24 11:35:54.064,1.417977
6541,2018-01-24 11:35:54.165,1.417977
6542,2018-01-24 11:35:54.264,1.516379
6543,2018-01-24 11:35:54.364,1.516379
6544,2018-01-24 11:35:54.464,1.516379
6545,2018-01-24 11:35:54.565,1.516379
6546,2018-01-24 11:35:54.665,1.516379
6547,2018-01-24 11:35:54.765,1.516379
6548,2018-01-24 11:35:54.865,1.516379
6549,2018-01-24 11:35:54.965,1.516379
6550,2018-01-24 11:35:55.065,1.516379
6551,2018-01-24 11:35:55.165,1.516379
6552,2018-01-24 11:35:55.265,1.553129
6553,2018-01-24 11:35:55.365,1.553129
6554,2018-01-24 11:35:55.466,1.553129
6555,2018-01-24 11:35:55.565,1.553129
6556,2018-01-24 11:35:55.665,1.553129
6557,2018-01-24 11:35:55.763,1.553129
6558,2018-01-24 11:35:55.863,1.553129
6559,2018-01-24 11:35:55.963,1.553129
6560,2018-01-24 11:35:56.063,1.553129
6561,2018-01-24 11:35:56.163,1.553129
6562,2018-01-24 11:35:56.263,1.479079
6563,2018-01-24 11:35:56.363,1.479079
6564,2018-01-24 11:35:56.463,1.479079
6565,2018-01-24 11:35:56.563,1.479079
6566,2018-01-24 11:35:56.663,1.479079
6567,2018-01-24 11:35:56.763,1.479079
6568,2018-01-24 11:35:56.863,1.479079
6569,2018-01-24 11:35:56.963,1.479079
6570,2018-01-24 11:35:57.063,1.479079
6571,2018-01-24 11:35:57.163,1.479079
6572,2018-01-24 11:35:57.263,1.349535
6573,2018-01-24 11:35:57.363,1.349535
6574,2018-01-24 11:35:57.463,1.349535
6575,2018-01-24 11:35:57.563,1.349535
6576,2018-01-24 11:35:57.664,1.349535
6577,2018-01-24 11:35:57.764,1.349535
6578,2018-01-24 11:35:57.864,1.349535
6579,2018-01-24 11:35:57.964,1.349535
6580,2018-01-24 11:35:58.064,1.349535
6581,2018-01-24 11:35:58.164,1.349535
6582,2018-01-24 11:35:58.264,1.228032
6583,2018-01-24 11:35:58.364,1.228032
6584,2018-01-24 11:35:58.464,1.228032
6585,2018-01-24 11:35:58.564,1.228032
6586,2018-01-24 11:35:58.664,1.228032
6587,2018-01-24 11:35:58.764,1.228032
6588,2018-01-24 11:35:58.864,1.228032
6589,2018-01-24 11:35:58.964,1.228032
6590,2018-01-24 11:35:59.064,1.228032
6591,2018-01-24 11:35:59.164,1.228032
6592,2018-01-24 11:35:59.264,1.116861
6593,2018-01-24 11:35:59.364,1.116861
6594,2018-01-24 11:35:59.465,1.116861
6595,2018-01-24 11:35:59.564,1.116861
6596,2018-01-24 11:35:59.664,1.116861
6597,2018-01-24 11:35:59.765,1.116861
6598,2018-01-24 11:35:59.865,1.116861
6599,2018-01-24 11:35:59.964,1.116861
6600,2018-01-24 11:36:00.064,1.116861
6601,2018-01-24 11:36:00.164,1.116861
6602,2018-01-24 11:36:00.264,0.9774649999999999
6603,2018-01-24 11:36:00.364,0.9774649999999999
6604,2018-01-24 11:36:00.464,0.9774649999999999
6605,2018-01-24 11:36:00.564,0.9774649999999999
6606,2018-01-24 11:36:00.665,0.9774649999999999
6607,2018-01-24 11:36:00.764,0.9774649999999999
6608,2018-01-24 11:36:00.864,0.9774649999999999
6609,2018-01-24 11:36:00.964,0.9774649999999999
6610,2018-01-24 11:36:01.064,0.9774649999999999
6611,2018-01-24 11:36:01.164,0.9774649999999999
6612,2018-01-24 11:36:01.264,0.8953329999999999
6613,2018-01-24 11:36:01.364,0.8953329999999999
6614,2018-01-24 11:36:01.464,0.8953329999999999
6615,2018-01-24 11:36:01.565,0.8953329999999999
6616,2018-01-24 11:36:01.664,0.8953329999999999
6617,2018-01-24 11:36:01.764,0.8953329999999999
6618,2018-01-24 11:36:01.864,0.8953329999999999
6619,2018-01-24 11:36:01.965,0.8953329999999999
6620,2018-01-24 11:36:02.065,0.8953329999999999
6621,2018-01-24 11:36:02.164,0.8953329999999999
6622,2018-01-24 11:36:02.265,0.955955
6623,2018-01-24 11:36:02.364,0.955955
6624,2018-01-24 11:36:02.464,0.955955
6625,2018-01-24 11:36:02.564,0.955955
6626,2018-01-24 11:36:02.664,0.955955
6627,2018-01-24 11:36:02.764,0.955955
6628,2018-01-24 11:36:02.864,0.955955
6629,2018-01-24 11:36:02.964,0.955955
6630,2018-01-24 11:36:03.064,0.955955
6631,2018-01-24 11:36:03.164,0.955955
6632,2018-01-24 11:36:03.264,1.128263
6633,2018-01-24 11:36:03.364,1.128263
6634,2018-01-24 11:36:03.465,1.128263
6635,2018-01-24 11:36:03.564,1.128263
6636,2018-01-24 11:36:03.666,1.128263
6637,2018-01-24 11:36:03.766,1.128263
6638,2018-01-24 11:36:03.865,1.128263
6639,2018-01-24 11:36:03.965,1.128263
6640,2018-01-24 11:36:04.065,1.128263
6641,2018-01-24 11:36:04.166,1.128263
6642,2018-01-24 11:36:04.265,1.3362129999999999
6643,2018-01-24 11:36:04.365,1.3362129999999999
6644,2018-01-24 11:36:04.465,1.3362129999999999
6645,2018-01-24 11:36:04.565,1.3362129999999999
6646,2018-01-24 11:36:04.665,1.3362129999999999
6647,2018-01-24 11:36:04.765,1.3362129999999999
6648,2018-01-24 11:36:04.865,1.3362129999999999
6649,2018-01-24 11:36:04.965,1.3362129999999999
6650,2018-01-24 11:36:05.065,1.3362129999999999
6651,2018-01-24 11:36:05.165,1.3362129999999999
6652,2018-01-24 11:36:05.265,1.463691
6653,2018-01-24 11:36:05.365,1.463691
6654,2018-01-24 11:36:05.465,1.463691
6655,2018-01-24 11:36:05.565,1.463691
6656,2018-01-24 11:36:05.665,1.463691
6657,2018-01-24 11:36:05.763,1.463691
6658,2018-01-24 11:36:05.863,1.463691
6659,2018-01-24 11:36:05.963,1.463691
6660,2018-01-24 11:36:06.063,1.463691
6661,2018-01-24 11:36:06.163,1.463691
6662,2018-01-24 11:36:06.263,1.554825
6663,2018-01-24 11:36:06.363,1.554825
6664,2018-01-24 11:36:06.463,1.554825
6665,2018-01-24 11:36:06.564,1.554825
6666,2018-01-24 11:36:06.664,1.554825
6667,2018-01-24 11:36:06.764,1.554825
6668,2018-01-24 11:36:06.864,1.554825
6669,2018-01-24 11:36:06.964,1.554825
6670,2018-01-24 11:36:07.064,1.554825
6671,2018-01-24 11:36:07.164,1.554825
6672,2018-01-24 11:36:07.264,1.54597
6673,2018-01-24 11:36:07.364,1.54597
6674,2018-01-24 11:36:07.464,1.54597
6675,2018-01-24 11:36:07.564,1.54597
6676,2018-01-24 11:36:07.664,1.54597
6677,2018-01-24 11:36:07.764,1.54597
6678,2018-01-24 11:36:07.864,1.54597
6679,2018-01-24 11:36:07.964,1.54597
6680,2018-01-24 11:36:08.064,1.54597
6681,2018-01-24 11:36:08.164,1.54597
6682,2018-01-24 11:36:08.264,1.496421
6683,2018-01-24 11:36:08.364,1.496421
6684,2018-01-24 11:36:08.464,1.496421
6685,2018-01-24 11:36:08.564,1.496421
6686,2018-01-24 11:36:08.664,1.496421
6687,2018-01-24 11:36:08.764,1.496421
6688,2018-01-24 11:36:08.864,1.496421
6689,2018-01-24 11:36:08.964,1.496421
6690,2018-01-24 11:36:09.064,1.496421
6691,2018-01-24 11:36:09.164,1.496421
6692,2018-01-24 11:36:09.264,1.5284870000000002
6693,2018-01-24 11:36:09.364,1.5284870000000002
6694,2018-01-24 11:36:09.464,1.5284870000000002
6695,2018-01-24 11:36:09.565,1.5284870000000002
6696,2018-01-24 11:36:09.664,1.5284870000000002
6697,2018-01-24 11:36:09.765,1.5284870000000002
6698,2018-01-24 11:36:09.865,1.5284870000000002
6699,2018-01-24 11:36:09.965,1.5284870000000002
6700,2018-01-24 11:36:10.065,1.5284870000000002
6701,2018-01-24 11:36:10.165,1.5284870000000002
6702,2018-01-24 11:36:10.265,1.6678830000000002
6703,2018-01-24 11:36:10.365,1.6678830000000002
6704,2018-01-24 11:36:10.465,1.6678830000000002
6705,2018-01-24 11:36:10.565,1.6678830000000002
6706,2018-01-24 11:36:10.665,1.6678830000000002
6707,2018-01-24 11:36:10.764,1.6678830000000002
6708,2018-01-24 11:36:10.864,1.6678830000000002
6709,2018-01-24 11:36:10.964,1.6678830000000002
6710,2018-01-24 11:36:11.064,1.6678830000000002
6711,2018-01-24 11:36:11.164,1.6678830000000002
6712,2018-01-24 11:36:11.264,1.958
6713,2018-01-24 11:36:11.364,1.958
6714,2018-01-24 11:36:11.464,1.958
6715,2018-01-24 11:36:11.564,1.958
6716,2018-01-24 11:36:11.665,1.958
6717,2018-01-24 11:36:11.765,1.958
6718,2018-01-24 11:36:11.865,1.958
6719,2018-01-24 11:36:11.965,1.958
6720,2018-01-24 11:36:12.065,1.958
6721,2018-01-24 11:36:12.164,1.958
6722,2018-01-24 11:36:12.264,2.279737
6723,2018-01-24 11:36:12.364,2.279737
6724,2018-01-24 11:36:12.464,2.279737
6725,2018-01-24 11:36:12.564,2.279737
6726,2018-01-24 11:36:12.664,2.279737
6727,2018-01-24 11:36:12.765,2.279737
6728,2018-01-24 11:36:12.865,2.279737
6729,2018-01-24 11:36:12.965,2.279737
6730,2018-01-24 11:36:13.065,2.279737
6731,2018-01-24 11:36:13.165,2.279737
6732,2018-01-24 11:36:13.265,2.442302
6733,2018-01-24 11:36:13.365,2.442302
6734,2018-01-24 11:36:13.465,2.442302
6735,2018-01-24 11:36:13.566,2.442302
6736,2018-01-24 11:36:13.666,2.442302
6737,2018-01-24 11:36:13.765,2.442302
6738,2018-01-24 11:36:13.865,2.442302
6739,2018-01-24 11:36:13.965,2.442302
6740,2018-01-24 11:36:14.066,2.442302
6741,2018-01-24 11:36:14.166,2.442302
6742,2018-01-24 11:36:14.265,2.375187
6743,2018-01-24 11:36:14.365,2.375187
6744,2018-01-24 11:36:14.465,2.375187
6745,2018-01-24 11:36:14.565,2.375187
6746,2018-01-24 11:36:14.665,2.375187
6747,2018-01-24 11:36:14.765,2.375187
6748,2018-01-24 11:36:14.865,2.375187
6749,2018-01-24 11:36:14.965,2.375187
6750,2018-01-24 11:36:15.065,2.375187
6751,2018-01-24 11:36:15.165,2.375187
6752,2018-01-24 11:36:15.265,2.248264
6753,2018-01-24 11:36:15.365,2.248264
6754,2018-01-24 11:36:15.466,2.248264
6755,2018-01-24 11:36:15.565,2.248264
6756,2018-01-24 11:36:15.665,2.248264
6757,2018-01-24 11:36:15.764,2.248264
6758,2018-01-24 11:36:15.864,2.248264
6759,2018-01-24 11:36:15.964,2.248264
6760,2018-01-24 11:36:16.064,2.248264
6761,2018-01-24 11:36:16.164,2.248264
6762,2018-01-24 11:36:16.264,2.2522159999999998
6763,2018-01-24 11:36:16.364,2.2522159999999998
6764,2018-01-24 11:36:16.464,2.2522159999999998
6765,2018-01-24 11:36:16.564,2.2522159999999998
6766,2018-01-24 11:36:16.664,2.2522159999999998
6767,2018-01-24 11:36:16.764,2.2522159999999998
6768,2018-01-24 11:36:16.864,2.2522159999999998
6769,2018-01-24 11:36:16.964,2.2522159999999998
6770,2018-01-24 11:36:17.064,2.2522159999999998
6771,2018-01-24 11:36:17.164,2.2522159999999998
6772,2018-01-24 11:36:17.264,2.4137150000000003
6773,2018-01-24 11:36:17.364,2.4137150000000003
6774,2018-01-24 11:36:17.464,2.4137150000000003
6775,2018-01-24 11:36:17.564,2.4137150000000003
6776,2018-01-24 11:36:17.664,2.4137150000000003
6777,2018-01-24 11:36:17.764,2.4137150000000003
6778,2018-01-24 11:36:17.864,2.4137150000000003
6779,2018-01-24 11:36:17.964,2.4137150000000003
6780,2018-01-24 11:36:18.064,2.4137150000000003
6781,2018-01-24 11:36:18.164,2.4137150000000003
6782,2018-01-24 11:36:18.265,2.651402
6783,2018-01-24 11:36:18.364,2.651402
6784,2018-01-24 11:36:18.464,2.651402
6785,2018-01-24 11:36:18.564,2.651402
6786,2018-01-24 11:36:18.664,2.651402
6787,2018-01-24 11:36:18.765,2.651402
6788,2018-01-24 11:36:18.865,2.651402
6789,2018-01-24 11:36:18.965,2.651402
6790,2018-01-24 11:36:19.065,2.651402
6791,2018-01-24 11:36:19.165,2.651402
6792,2018-01-24 11:36:19.265,2.835034
6793,2018-01-24 11:36:19.365,2.835034
6794,2018-01-24 11:36:19.465,2.835034
6795,2018-01-24 11:36:19.565,2.835034
6796,2018-01-24 11:36:19.665,2.835034
6797,2018-01-24 11:36:19.765,2.835034
6798,2018-01-24 11:36:19.865,2.835034
6799,2018-01-24 11:36:19.965,2.835034
6800,2018-01-24 11:36:20.065,2.835034
6801,2018-01-24 11:36:20.165,2.835034
6802,2018-01-24 11:36:20.265,2.902921
6803,2018-01-24 11:36:20.365,2.902921
6804,2018-01-24 11:36:20.465,2.902921
6805,2018-01-24 11:36:20.565,2.902921
6806,2018-01-24 11:36:20.665,2.902921
6807,2018-01-24 11:36:20.764,2.902921
6808,2018-01-24 11:36:20.864,2.902921
6809,2018-01-24 11:36:20.964,2.902921
6810,2018-01-24 11:36:21.064,2.902921
6811,2018-01-24 11:36:21.164,2.902921
6812,2018-01-24 11:36:21.264,2.8529619999999998
6813,2018-01-24 11:36:21.364,2.8529619999999998
6814,2018-01-24 11:36:21.465,2.8529619999999998
6815,2018-01-24 11:36:21.565,2.8529619999999998
6816,2018-01-24 11:36:21.664,2.8529619999999998
6817,2018-01-24 11:36:21.764,2.8529619999999998
6818,2018-01-24 11:36:21.866,2.8529619999999998
6819,2018-01-24 11:36:21.966,2.8529619999999998
6820,2018-01-24 11:36:22.066,2.8529619999999998
6821,2018-01-24 11:36:22.165,2.8529619999999998
6822,2018-01-24 11:36:22.266,2.766734
6823,2018-01-24 11:36:22.365,2.766734
6824,2018-01-24 11:36:22.465,2.766734
6825,2018-01-24 11:36:22.565,2.766734
6826,2018-01-24 11:36:22.665,2.766734
6827,2018-01-24 11:36:22.765,2.766734
6828,2018-01-24 11:36:22.865,2.766734
6829,2018-01-24 11:36:22.965,2.766734
6830,2018-01-24 11:36:23.065,2.766734
6831,2018-01-24 11:36:23.165,2.766734
6832,2018-01-24 11:36:23.265,2.706003
6833,2018-01-24 11:36:23.365,2.706003
6834,2018-01-24 11:36:23.465,2.706003
6835,2018-01-24 11:36:23.565,2.706003
6836,2018-01-24 11:36:23.666,2.706003
6837,2018-01-24 11:36:23.766,2.706003
6838,2018-01-24 11:36:23.865,2.706003
6839,2018-01-24 11:36:23.966,2.706003
6840,2018-01-24 11:36:24.065,2.706003
6841,2018-01-24 11:36:24.166,2.706003
6842,2018-01-24 11:36:24.266,2.664311
6843,2018-01-24 11:36:24.365,2.664311
6844,2018-01-24 11:36:24.465,2.664311
6845,2018-01-24 11:36:24.565,2.664311
6846,2018-01-24 11:36:24.665,2.664311
6847,2018-01-24 11:36:24.765,2.664311
6848,2018-01-24 11:36:24.866,2.664311
6849,2018-01-24 11:36:24.966,2.664311
6850,2018-01-24 11:36:25.066,2.664311
6851,2018-01-24 11:36:25.166,2.664311
6852,2018-01-24 11:36:25.266,2.662762
6853,2018-01-24 11:36:25.366,2.662762
6854,2018-01-24 11:36:25.467,2.662762
6855,2018-01-24 11:36:25.567,2.662762
6856,2018-01-24 11:36:25.667,2.662762
6857,2018-01-24 11:36:25.764,2.662762
6858,2018-01-24 11:36:25.864,2.662762
6859,2018-01-24 11:36:25.964,2.662762
6860,2018-01-24 11:36:26.064,2.662762
6861,2018-01-24 11:36:26.164,2.662762
6862,2018-01-24 11:36:26.264,2.67778
6863,2018-01-24 11:36:26.364,2.67778
6864,2018-01-24 11:36:26.464,2.67778
6865,2018-01-24 11:36:26.564,2.67778
6866,2018-01-24 11:36:26.664,2.67778
6867,2018-01-24 11:36:26.764,2.67778
6868,2018-01-24 11:36:26.864,2.67778
6869,2018-01-24 11:36:26.964,2.67778
6870,2018-01-24 11:36:27.064,2.67778
6871,2018-01-24 11:36:27.164,2.67778
6872,2018-01-24 11:36:27.264,2.679293
6873,2018-01-24 11:36:27.364,2.679293
6874,2018-01-24 11:36:27.464,2.679293
6875,2018-01-24 11:36:27.564,2.679293
6876,2018-01-24 11:36:27.664,2.679293
6877,2018-01-24 11:36:27.765,2.679293
6878,2018-01-24 11:36:27.866,2.679293
6879,2018-01-24 11:36:27.965,2.679293
6880,2018-01-24 11:36:28.065,2.679293
6881,2018-01-24 11:36:28.166,2.679293
6882,2018-01-24 11:36:28.265,2.651287
6883,2018-01-24 11:36:28.365,2.651287
6884,2018-01-24 11:36:28.465,2.651287
6885,2018-01-24 11:36:28.565,2.651287
6886,2018-01-24 11:36:28.665,2.651287
6887,2018-01-24 11:36:28.765,2.651287
6888,2018-01-24 11:36:28.865,2.651287
6889,2018-01-24 11:36:28.965,2.651287
6890,2018-01-24 11:36:29.065,2.651287
6891,2018-01-24 11:36:29.165,2.651287
6892,2018-01-24 11:36:29.265,2.524952
6893,2018-01-24 11:36:29.365,2.524952
6894,2018-01-24 11:36:29.465,2.524952
6895,2018-01-24 11:36:29.565,2.524952
6896,2018-01-24 11:36:29.665,2.524952
6897,2018-01-24 11:36:29.765,2.524952
6898,2018-01-24 11:36:29.865,2.524952
6899,2018-01-24 11:36:29.965,2.524952
6900,2018-01-24 11:36:30.065,2.524952
6901,2018-01-24 11:36:30.165,2.524952
6902,2018-01-24 11:36:30.265,2.461119
6903,2018-01-24 11:36:30.365,2.461119
6904,2018-01-24 11:36:30.466,2.461119
6905,2018-01-24 11:36:30.565,2.461119
6906,2018-01-24 11:36:30.665,2.461119
6907,2018-01-24 11:36:30.765,2.461119
6908,2018-01-24 11:36:30.865,2.461119
6909,2018-01-24 11:36:30.965,2.461119
6910,2018-01-24 11:36:31.065,2.461119
6911,2018-01-24 11:36:31.165,2.461119
6912,2018-01-24 11:36:31.265,2.403414
6913,2018-01-24 11:36:31.365,2.403414
6914,2018-01-24 11:36:31.465,2.403414
6915,2018-01-24 11:36:31.566,2.403414
6916,2018-01-24 11:36:31.665,2.403414
6917,2018-01-24 11:36:31.766,2.403414
6918,2018-01-24 11:36:31.865,2.403414
6919,2018-01-24 11:36:31.965,2.403414
6920,2018-01-24 11:36:32.066,2.403414
6921,2018-01-24 11:36:32.166,2.403414
6922,2018-01-24 11:36:32.265,2.330508
6923,2018-01-24 11:36:32.365,2.330508
6924,2018-01-24 11:36:32.466,2.330508
6925,2018-01-24 11:36:32.565,2.330508
6926,2018-01-24 11:36:32.665,2.330508
6927,2018-01-24 11:36:32.765,2.330508
6928,2018-01-24 11:36:32.865,2.330508
6929,2018-01-24 11:36:32.965,2.330508
6930,2018-01-24 11:36:33.065,2.330508
6931,2018-01-24 11:36:33.165,2.330508
6932,2018-01-24 11:36:33.265,2.239264
6933,2018-01-24 11:36:33.365,2.239264
6934,2018-01-24 11:36:33.465,2.239264
6935,2018-01-24 11:36:33.566,2.239264
6936,2018-01-24 11:36:33.665,2.239264
6937,2018-01-24 11:36:33.765,2.239264
6938,2018-01-24 11:36:33.867,2.239264
6939,2018-01-24 11:36:33.966,2.239264
6940,2018-01-24 11:36:34.066,2.239264
6941,2018-01-24 11:36:34.166,2.239264
6942,2018-01-24 11:36:34.267,2.07622
6943,2018-01-24 11:36:34.367,2.07622
6944,2018-01-24 11:36:34.467,2.07622
6945,2018-01-24 11:36:34.566,2.07622
6946,2018-01-24 11:36:34.666,2.07622
6947,2018-01-24 11:36:34.766,2.07622
6948,2018-01-24 11:36:34.866,2.07622
6949,2018-01-24 11:36:34.966,2.07622
6950,2018-01-24 11:36:35.066,2.07622
6951,2018-01-24 11:36:35.166,2.07622
6952,2018-01-24 11:36:35.266,1.9027319999999999
6953,2018-01-24 11:36:35.366,1.9027319999999999
6954,2018-01-24 11:36:35.466,1.9027319999999999
6955,2018-01-24 11:36:35.567,1.9027319999999999
6956,2018-01-24 11:36:35.667,1.9027319999999999
6957,2018-01-24 11:36:35.764,1.9027319999999999
6958,2018-01-24 11:36:35.864,1.9027319999999999
6959,2018-01-24 11:36:35.964,1.9027319999999999
6960,2018-01-24 11:36:36.064,1.9027319999999999
6961,2018-01-24 11:36:36.164,1.9027319999999999
6962,2018-01-24 11:36:36.264,1.804955
6963,2018-01-24 11:36:36.364,1.804955
6964,2018-01-24 11:36:36.464,1.804955
6965,2018-01-24 11:36:36.564,1.804955
6966,2018-01-24 11:36:36.664,1.804955
6967,2018-01-24 11:36:36.764,1.804955
6968,2018-01-24 11:36:36.865,1.804955
6969,2018-01-24 11:36:36.965,1.804955
6970,2018-01-24 11:36:37.065,1.804955
6971,2018-01-24 11:36:37.165,1.804955
6972,2018-01-24 11:36:37.265,1.7879060000000002
6973,2018-01-24 11:36:37.365,1.7879060000000002
6974,2018-01-24 11:36:37.465,1.7879060000000002
6975,2018-01-24 11:36:37.565,1.7879060000000002
6976,2018-01-24 11:36:37.665,1.7879060000000002
6977,2018-01-24 11:36:37.766,1.7879060000000002
6978,2018-01-24 11:36:37.865,1.7879060000000002
6979,2018-01-24 11:36:37.966,1.7879060000000002
6980,2018-01-24 11:36:38.066,1.7879060000000002
6981,2018-01-24 11:36:38.166,1.7879060000000002
6982,2018-01-24 11:36:38.265,1.851403
6983,2018-01-24 11:36:38.365,1.851403
6984,2018-01-24 11:36:38.465,1.851403
6985,2018-01-24 11:36:38.565,1.851403
6986,2018-01-24 11:36:38.665,1.851403
6987,2018-01-24 11:36:38.765,1.851403
6988,2018-01-24 11:36:38.865,1.851403
6989,2018-01-24 11:36:38.965,1.851403
6990,2018-01-24 11:36:39.065,1.851403
6991,2018-01-24 11:36:39.165,1.851403
6992,2018-01-24 11:36:39.265,1.894019
6993,2018-01-24 11:36:39.365,1.894019
6994,2018-01-24 11:36:39.465,1.894019
6995,2018-01-24 11:36:39.565,1.894019
6996,2018-01-24 11:36:39.665,1.894019
6997,2018-01-24 11:36:39.765,1.894019
6998,2018-01-24 11:36:39.865,1.894019
6999,2018-01-24 11:36:39.966,1.894019
7000,2018-01-24 11:36:40.066,1.894019
7001,2018-01-24 11:36:40.167,1.894019
7002,2018-01-24 11:36:40.266,1.894019
7003,2018-01-24 11:36:40.367,1.90199
7004,2018-01-24 11:36:40.467,1.90199
7005,2018-01-24 11:36:40.566,1.90199
7006,2018-01-24 11:36:40.666,1.90199
7007,2018-01-24 11:36:40.765,1.90199
7008,2018-01-24 11:36:40.865,1.90199
7009,2018-01-24 11:36:40.965,1.90199
7010,2018-01-24 11:36:41.065,1.90199
7011,2018-01-24 11:36:41.165,1.90199
7012,2018-01-24 11:36:41.265,1.867457
7013,2018-01-24 11:36:41.365,1.867457
7014,2018-01-24 11:36:41.465,1.867457
7015,2018-01-24 11:36:41.565,1.867457
7016,2018-01-24 11:36:41.666,1.867457
7017,2018-01-24 11:36:41.765,1.867457
7018,2018-01-24 11:36:41.865,1.867457
7019,2018-01-24 11:36:41.965,1.867457
7020,2018-01-24 11:36:42.065,1.867457
7021,2018-01-24 11:36:42.165,1.867457
7022,2018-01-24 11:36:42.266,1.896569
7023,2018-01-24 11:36:42.366,1.896569
7024,2018-01-24 11:36:42.465,1.896569
7025,2018-01-24 11:36:42.565,1.896569
7026,2018-01-24 11:36:42.665,1.896569
7027,2018-01-24 11:36:42.765,1.896569
7028,2018-01-24 11:36:42.866,1.896569
7029,2018-01-24 11:36:42.966,1.896569
7030,2018-01-24 11:36:43.066,1.896569
7031,2018-01-24 11:36:43.166,1.896569
7032,2018-01-24 11:36:43.266,1.952319
7033,2018-01-24 11:36:43.366,1.952319
7034,2018-01-24 11:36:43.466,1.952319
7035,2018-01-24 11:36:43.566,1.952319
7036,2018-01-24 11:36:43.667,1.952319
7037,2018-01-24 11:36:43.766,1.952319
7038,2018-01-24 11:36:43.866,1.952319
7039,2018-01-24 11:36:43.966,1.952319
7040,2018-01-24 11:36:44.066,1.952319
7041,2018-01-24 11:36:44.166,1.952319
7042,2018-01-24 11:36:44.266,2.078614
7043,2018-01-24 11:36:44.367,2.078614
7044,2018-01-24 11:36:44.467,2.078614
7045,2018-01-24 11:36:44.566,2.078614
7046,2018-01-24 11:36:44.666,2.078614
7047,2018-01-24 11:36:44.766,2.078614
7048,2018-01-24 11:36:44.866,2.078614
7049,2018-01-24 11:36:44.966,2.078614
7050,2018-01-24 11:36:45.066,2.078614
7051,2018-01-24 11:36:45.166,2.078614
7052,2018-01-24 11:36:45.266,2.148864
7053,2018-01-24 11:36:45.366,2.148864
7054,2018-01-24 11:36:45.466,2.148864
7055,2018-01-24 11:36:45.566,2.148864
7056,2018-01-24 11:36:45.667,2.148864
7057,2018-01-24 11:36:45.764,2.148864
7058,2018-01-24 11:36:45.865,2.148864
7059,2018-01-24 11:36:45.966,2.148864
7060,2018-01-24 11:36:46.066,2.148864
7061,2018-01-24 11:36:46.165,2.148864
7062,2018-01-24 11:36:46.265,2.137461
7063,2018-01-24 11:36:46.366,2.137461
7064,2018-01-24 11:36:46.465,2.137461
7065,2018-01-24 11:36:46.565,2.137461
7066,2018-01-24 11:36:46.665,2.137461
7067,2018-01-24 11:36:46.765,2.137461
7068,2018-01-24 11:36:46.865,2.137461
7069,2018-01-24 11:36:46.965,2.137461
7070,2018-01-24 11:36:47.065,2.137461
7071,2018-01-24 11:36:47.165,2.137461
7072,2018-01-24 11:36:47.265,2.000648
7073,2018-01-24 11:36:47.365,2.000648
7074,2018-01-24 11:36:47.465,2.000648
7075,2018-01-24 11:36:47.566,2.000648
7076,2018-01-24 11:36:47.665,2.000648
7077,2018-01-24 11:36:47.765,2.000648
7078,2018-01-24 11:36:47.865,2.000648
7079,2018-01-24 11:36:47.966,2.000648
7080,2018-01-24 11:36:48.065,2.000648
7081,2018-01-24 11:36:48.165,2.000648
7082,2018-01-24 11:36:48.265,1.7770169999999998
7083,2018-01-24 11:36:48.366,1.7770169999999998
7084,2018-01-24 11:36:48.466,1.7770169999999998
7085,2018-01-24 11:36:48.565,1.7770169999999998
7086,2018-01-24 11:36:48.665,1.7770169999999998
7087,2018-01-24 11:36:48.765,1.7770169999999998
7088,2018-01-24 11:36:48.866,1.7770169999999998
7089,2018-01-24 11:36:48.966,1.7770169999999998
7090,2018-01-24 11:36:49.066,1.7770169999999998
7091,2018-01-24 11:36:49.166,1.7770169999999998
7092,2018-01-24 11:36:49.266,1.671347
7093,2018-01-24 11:36:49.366,1.671347
7094,2018-01-24 11:36:49.466,1.671347
7095,2018-01-24 11:36:49.566,1.671347
7096,2018-01-24 11:36:49.667,1.671347
7097,2018-01-24 11:36:49.766,1.671347
7098,2018-01-24 11:36:49.866,1.671347
7099,2018-01-24 11:36:49.967,1.671347
7100,2018-01-24 11:36:50.066,1.671347
7101,2018-01-24 11:36:50.166,1.671347
7102,2018-01-24 11:36:50.267,1.809489
7103,2018-01-24 11:36:50.366,1.809489
7104,2018-01-24 11:36:50.467,1.809489
7105,2018-01-24 11:36:50.566,1.809489
7106,2018-01-24 11:36:50.666,1.809489
7107,2018-01-24 11:36:50.765,1.809489
7108,2018-01-24 11:36:50.865,1.809489
7109,2018-01-24 11:36:50.965,1.809489
7110,2018-01-24 11:36:51.065,1.809489
7111,2018-01-24 11:36:51.165,1.809489
7112,2018-01-24 11:36:51.265,2.107761
7113,2018-01-24 11:36:51.365,2.107761
7114,2018-01-24 11:36:51.465,2.107761
7115,2018-01-24 11:36:51.565,2.107761
7116,2018-01-24 11:36:51.665,2.107761
7117,2018-01-24 11:36:51.765,2.107761
7118,2018-01-24 11:36:51.867,2.107761
7119,2018-01-24 11:36:51.967,2.107761
7120,2018-01-24 11:36:52.067,2.107761
7121,2018-01-24 11:36:52.167,2.107761
7122,2018-01-24 11:36:52.266,2.371276
7123,2018-01-24 11:36:52.366,2.371276
7124,2018-01-24 11:36:52.466,2.371276
7125,2018-01-24 11:36:52.566,2.371276
7126,2018-01-24 11:36:52.666,2.371276
7127,2018-01-24 11:36:52.766,2.371276
7128,2018-01-24 11:36:52.866,2.371276
7129,2018-01-24 11:36:52.966,2.371276
7130,2018-01-24 11:36:53.066,2.371276
7131,2018-01-24 11:36:53.166,2.371276
7132,2018-01-24 11:36:53.266,2.412416
7133,2018-01-24 11:36:53.366,2.412416
7134,2018-01-24 11:36:53.466,2.412416
7135,2018-01-24 11:36:53.567,2.412416
7136,2018-01-24 11:36:53.667,2.412416
7137,2018-01-24 11:36:53.767,2.412416
7138,2018-01-24 11:36:53.867,2.412416
7139,2018-01-24 11:36:53.967,2.412416
7140,2018-01-24 11:36:54.066,2.412416
7141,2018-01-24 11:36:54.166,2.412416
7142,2018-01-24 11:36:54.266,2.312832
7143,2018-01-24 11:36:54.366,2.312832
7144,2018-01-24 11:36:54.466,2.312832
7145,2018-01-24 11:36:54.566,2.312832
7146,2018-01-24 11:36:54.666,2.312832
7147,2018-01-24 11:36:54.766,2.312832
7148,2018-01-24 11:36:54.866,2.312832
7149,2018-01-24 11:36:54.967,2.312832
7150,2018-01-24 11:36:55.067,2.312832
7151,2018-01-24 11:36:55.167,2.312832
7152,2018-01-24 11:36:55.267,2.080752
7153,2018-01-24 11:36:55.367,2.080752
7154,2018-01-24 11:36:55.467,2.080752
7155,2018-01-24 11:36:55.567,2.080752
7156,2018-01-24 11:36:55.667,2.080752
7157,2018-01-24 11:36:55.765,2.080752
7158,2018-01-24 11:36:55.865,2.080752
7159,2018-01-24 11:36:55.965,2.080752
7160,2018-01-24 11:36:56.065,2.080752
7161,2018-01-24 11:36:56.165,2.080752
7162,2018-01-24 11:36:56.265,1.827936
7163,2018-01-24 11:36:56.365,1.827936
7164,2018-01-24 11:36:56.465,1.827936
7165,2018-01-24 11:36:56.565,1.827936
7166,2018-01-24 11:36:56.665,1.827936
7167,2018-01-24 11:36:56.765,1.827936
7168,2018-01-24 11:36:56.865,1.827936
7169,2018-01-24 11:36:56.965,1.827936
7170,2018-01-24 11:36:57.065,1.827936
7171,2018-01-24 11:36:57.165,1.827936
7172,2018-01-24 11:36:57.265,1.715844
7173,2018-01-24 11:36:57.365,1.715844
7174,2018-01-24 11:36:57.465,1.715844
7175,2018-01-24 11:36:57.565,1.715844
7176,2018-01-24 11:36:57.665,1.715844
7177,2018-01-24 11:36:57.765,1.715844
7178,2018-01-24 11:36:57.865,1.715844
7179,2018-01-24 11:36:57.966,1.715844
7180,2018-01-24 11:36:58.066,1.715844
7181,2018-01-24 11:36:58.166,1.715844
7182,2018-01-24 11:36:58.266,1.769565
7183,2018-01-24 11:36:58.366,1.769565
7184,2018-01-24 11:36:58.467,1.769565
7185,2018-01-24 11:36:58.566,1.769565
7186,2018-01-24 11:36:58.666,1.769565
7187,2018-01-24 11:36:58.766,1.769565
7188,2018-01-24 11:36:58.866,1.769565
7189,2018-01-24 11:36:58.966,1.769565
7190,2018-01-24 11:36:59.066,1.769565
7191,2018-01-24 11:36:59.166,1.769565
7192,2018-01-24 11:36:59.266,1.885052
7193,2018-01-24 11:36:59.366,1.885052
7194,2018-01-24 11:36:59.466,1.885052
7195,2018-01-24 11:36:59.566,1.885052
7196,2018-01-24 11:36:59.666,1.885052
7197,2018-01-24 11:36:59.766,1.885052
7198,2018-01-24 11:36:59.866,1.885052
7199,2018-01-24 11:36:59.966,1.885052
7200,2018-01-24 11:37:00.066,1.885052
7201,2018-01-24 11:37:00.166,1.885052
7202,2018-01-24 11:37:00.266,1.945306
7203,2018-01-24 11:37:00.366,1.945306
7204,2018-01-24 11:37:00.466,1.945306
7205,2018-01-24 11:37:00.566,1.945306
7206,2018-01-24 11:37:00.666,1.945306
7207,2018-01-24 11:37:00.765,1.945306
7208,2018-01-24 11:37:00.865,1.945306
7209,2018-01-24 11:37:00.966,1.945306
7210,2018-01-24 11:37:01.066,1.945306
7211,2018-01-24 11:37:01.166,1.945306
7212,2018-01-24 11:37:01.266,1.945306
7213,2018-01-24 11:37:01.366,1.940621
7214,2018-01-24 11:37:01.466,1.940621
7215,2018-01-24 11:37:01.566,1.940621
7216,2018-01-24 11:37:01.666,1.940621
7217,2018-01-24 11:37:01.767,1.940621
7218,2018-01-24 11:37:01.866,1.940621
7219,2018-01-24 11:37:01.966,1.940621
7220,2018-01-24 11:37:02.066,1.940621
7221,2018-01-24 11:37:02.166,1.940621
7222,2018-01-24 11:37:02.267,1.884354
7223,2018-01-24 11:37:02.366,1.884354
7224,2018-01-24 11:37:02.466,1.884354
7225,2018-01-24 11:37:02.566,1.884354
7226,2018-01-24 11:37:02.666,1.884354
7227,2018-01-24 11:37:02.766,1.884354
7228,2018-01-24 11:37:02.866,1.884354
7229,2018-01-24 11:37:02.967,1.884354
7230,2018-01-24 11:37:03.066,1.884354
7231,2018-01-24 11:37:03.166,1.884354
7232,2018-01-24 11:37:03.266,1.794288
7233,2018-01-24 11:37:03.366,1.794288
7234,2018-01-24 11:37:03.466,1.794288
7235,2018-01-24 11:37:03.566,1.794288
7236,2018-01-24 11:37:03.667,1.794288
7237,2018-01-24 11:37:03.766,1.794288
7238,2018-01-24 11:37:03.866,1.794288
7239,2018-01-24 11:37:03.967,1.794288
7240,2018-01-24 11:37:04.067,1.794288
7241,2018-01-24 11:37:04.167,1.794288
7242,2018-01-24 11:37:04.267,1.794288
7243,2018-01-24 11:37:04.367,1.735179
7244,2018-01-24 11:37:04.467,1.735179
7245,2018-01-24 11:37:04.567,1.735179
7246,2018-01-24 11:37:04.667,1.735179
7247,2018-01-24 11:37:04.767,1.735179
7248,2018-01-24 11:37:04.867,1.735179
7249,2018-01-24 11:37:04.967,1.735179
7250,2018-01-24 11:37:05.067,1.735179
7251,2018-01-24 11:37:05.167,1.735179
7252,2018-01-24 11:37:05.267,1.672453
7253,2018-01-24 11:37:05.367,1.672453
7254,2018-01-24 11:37:05.467,1.672453
7255,2018-01-24 11:37:05.567,1.672453
7256,2018-01-24 11:37:05.667,1.672453
7257,2018-01-24 11:37:05.765,1.672453
7258,2018-01-24 11:37:05.865,1.672453
7259,2018-01-24 11:37:05.965,1.672453
7260,2018-01-24 11:37:06.065,1.672453
7261,2018-01-24 11:37:06.165,1.672453
7262,2018-01-24 11:37:06.265,1.6664759999999998
7263,2018-01-24 11:37:06.365,1.6664759999999998
7264,2018-01-24 11:37:06.465,1.6664759999999998
7265,2018-01-24 11:37:06.565,1.6664759999999998
7266,2018-01-24 11:37:06.665,1.6664759999999998
7267,2018-01-24 11:37:06.765,1.6664759999999998
7268,2018-01-24 11:37:06.866,1.6664759999999998
7269,2018-01-24 11:37:06.965,1.6664759999999998
7270,2018-01-24 11:37:07.066,1.6664759999999998
7271,2018-01-24 11:37:07.166,1.6664759999999998
7272,2018-01-24 11:37:07.266,1.662308
7273,2018-01-24 11:37:07.366,1.662308
7274,2018-01-24 11:37:07.466,1.662308
7275,2018-01-24 11:37:07.566,1.662308
7276,2018-01-24 11:37:07.666,1.662308
7277,2018-01-24 11:37:07.766,1.662308
7278,2018-01-24 11:37:07.866,1.662308
7279,2018-01-24 11:37:07.966,1.662308
7280,2018-01-24 11:37:08.066,1.662308
7281,2018-01-24 11:37:08.166,1.662308
7282,2018-01-24 11:37:08.266,1.625008
7283,2018-01-24 11:37:08.366,1.625008
7284,2018-01-24 11:37:08.466,1.625008
7285,2018-01-24 11:37:08.566,1.625008
7286,2018-01-24 11:37:08.666,1.625008
7287,2018-01-24 11:37:08.766,1.625008
7288,2018-01-24 11:37:08.866,1.625008
7289,2018-01-24 11:37:08.966,1.625008
7290,2018-01-24 11:37:09.066,1.625008
7291,2018-01-24 11:37:09.166,1.625008
7292,2018-01-24 11:37:09.266,1.614272
7293,2018-01-24 11:37:09.366,1.614272
7294,2018-01-24 11:37:09.466,1.614272
7295,2018-01-24 11:37:09.566,1.614272
7296,2018-01-24 11:37:09.666,1.614272
7297,2018-01-24 11:37:09.766,1.614272
7298,2018-01-24 11:37:09.866,1.614272
7299,2018-01-24 11:37:09.967,1.614272
7300,2018-01-24 11:37:10.067,1.614272
7301,2018-01-24 11:37:10.167,1.614272
7302,2018-01-24 11:37:10.267,1.592649
7303,2018-01-24 11:37:10.367,1.592649
7304,2018-01-24 11:37:10.467,1.592649
7305,2018-01-24 11:37:10.567,1.592649
7306,2018-01-24 11:37:10.667,1.592649
7307,2018-01-24 11:37:10.766,1.592649
7308,2018-01-24 11:37:10.866,1.592649
7309,2018-01-24 11:37:10.966,1.592649
7310,2018-01-24 11:37:11.066,1.592649
7311,2018-01-24 11:37:11.166,1.592649
7312,2018-01-24 11:37:11.266,1.557152
7313,2018-01-24 11:37:11.366,1.557152
7314,2018-01-24 11:37:11.466,1.557152
7315,2018-01-24 11:37:11.566,1.557152
7316,2018-01-24 11:37:11.667,1.557152
7317,2018-01-24 11:37:11.766,1.557152
7318,2018-01-24 11:37:11.866,1.557152
7319,2018-01-24 11:37:11.967,1.557152
7320,2018-01-24 11:37:12.066,1.557152
7321,2018-01-24 11:37:12.167,1.557152
7322,2018-01-24 11:37:12.266,1.450334
7323,2018-01-24 11:37:12.366,1.450334
7324,2018-01-24 11:37:12.467,1.450334
7325,2018-01-24 11:37:12.566,1.450334
7326,2018-01-24 11:37:12.666,1.450334
7327,2018-01-24 11:37:12.766,1.450334
7328,2018-01-24 11:37:12.866,1.450334
7329,2018-01-24 11:37:12.967,1.450334
7330,2018-01-24 11:37:13.067,1.450334
7331,2018-01-24 11:37:13.167,1.450334
7332,2018-01-24 11:37:13.267,1.344993
7333,2018-01-24 11:37:13.367,1.344993
7334,2018-01-24 11:37:13.467,1.344993
7335,2018-01-24 11:37:13.567,1.344993
7336,2018-01-24 11:37:13.667,1.344993
7337,2018-01-24 11:37:13.768,1.344993
7338,2018-01-24 11:37:13.867,1.344993
7339,2018-01-24 11:37:13.968,1.344993
7340,2018-01-24 11:37:14.068,1.344993
7341,2018-01-24 11:37:14.168,1.344993
7342,2018-01-24 11:37:14.267,1.3773879999999998
7343,2018-01-24 11:37:14.367,1.3773879999999998
7344,2018-01-24 11:37:14.467,1.3773879999999998
7345,2018-01-24 11:37:14.568,1.3773879999999998
7346,2018-01-24 11:37:14.667,1.3773879999999998
7347,2018-01-24 11:37:14.767,1.3773879999999998
7348,2018-01-24 11:37:14.867,1.3773879999999998
7349,2018-01-24 11:37:14.967,1.3773879999999998
7350,2018-01-24 11:37:15.067,1.3773879999999998
7351,2018-01-24 11:37:15.167,1.3773879999999998
7352,2018-01-24 11:37:15.267,1.3773879999999998
7353,2018-01-24 11:37:15.367,1.508925
7354,2018-01-24 11:37:15.467,1.508925
7355,2018-01-24 11:37:15.567,1.508925
7356,2018-01-24 11:37:15.667,1.508925
7357,2018-01-24 11:37:15.765,1.508925
7358,2018-01-24 11:37:15.865,1.508925
7359,2018-01-24 11:37:15.965,1.508925
7360,2018-01-24 11:37:16.066,1.508925
7361,2018-01-24 11:37:16.166,1.508925
7362,2018-01-24 11:37:16.266,1.6529340000000001
7363,2018-01-24 11:37:16.366,1.6529340000000001
7364,2018-01-24 11:37:16.466,1.6529340000000001
7365,2018-01-24 11:37:16.566,1.6529340000000001
7366,2018-01-24 11:37:16.666,1.6529340000000001
7367,2018-01-24 11:37:16.766,1.6529340000000001
7368,2018-01-24 11:37:16.866,1.6529340000000001
7369,2018-01-24 11:37:16.966,1.6529340000000001
7370,2018-01-24 11:37:17.066,1.6529340000000001
7371,2018-01-24 11:37:17.166,1.6529340000000001
7372,2018-01-24 11:37:17.266,1.6829330000000002
7373,2018-01-24 11:37:17.366,1.6829330000000002
7374,2018-01-24 11:37:17.466,1.6829330000000002
7375,2018-01-24 11:37:17.566,1.6829330000000002
7376,2018-01-24 11:37:17.666,1.6829330000000002
7377,2018-01-24 11:37:17.766,1.6829330000000002
7378,2018-01-24 11:37:17.866,1.6829330000000002
7379,2018-01-24 11:37:17.966,1.6829330000000002
7380,2018-01-24 11:37:18.066,1.6829330000000002
7381,2018-01-24 11:37:18.166,1.6829330000000002
7382,2018-01-24 11:37:18.266,1.683118
7383,2018-01-24 11:37:18.366,1.683118
7384,2018-01-24 11:37:18.466,1.683118
7385,2018-01-24 11:37:18.566,1.683118
7386,2018-01-24 11:37:18.666,1.683118
7387,2018-01-24 11:37:18.766,1.683118
7388,2018-01-24 11:37:18.866,1.683118
7389,2018-01-24 11:37:18.967,1.683118
7390,2018-01-24 11:37:19.067,1.683118
7391,2018-01-24 11:37:19.167,1.683118
7392,2018-01-24 11:37:19.267,1.717873
7393,2018-01-24 11:37:19.367,1.717873
7394,2018-01-24 11:37:19.467,1.717873
7395,2018-01-24 11:37:19.567,1.717873
7396,2018-01-24 11:37:19.667,1.717873
7397,2018-01-24 11:37:19.767,1.717873
7398,2018-01-24 11:37:19.867,1.717873
7399,2018-01-24 11:37:19.967,1.717873
7400,2018-01-24 11:37:20.067,1.717873
7401,2018-01-24 11:37:20.167,1.717873
7402,2018-01-24 11:37:20.267,1.62087
7403,2018-01-24 11:37:20.367,1.62087
7404,2018-01-24 11:37:20.467,1.62087
7405,2018-01-24 11:37:20.567,1.62087
7406,2018-01-24 11:37:20.667,1.62087
7407,2018-01-24 11:37:20.766,1.62087
7408,2018-01-24 11:37:20.866,1.62087
7409,2018-01-24 11:37:20.966,1.62087
7410,2018-01-24 11:37:21.066,1.62087
7411,2018-01-24 11:37:21.166,1.62087
7412,2018-01-24 11:37:21.266,1.411591
7413,2018-01-24 11:37:21.366,1.411591
7414,2018-01-24 11:37:21.466,1.411591
7415,2018-01-24 11:37:21.566,1.411591
7416,2018-01-24 11:37:21.666,1.411591
7417,2018-01-24 11:37:21.767,1.411591
7418,2018-01-24 11:37:21.866,1.411591
7419,2018-01-24 11:37:21.967,1.411591
7420,2018-01-24 11:37:22.067,1.411591
7421,2018-01-24 11:37:22.167,1.411591
7422,2018-01-24 11:37:22.267,1.223491
7423,2018-01-24 11:37:22.367,1.223491
7424,2018-01-24 11:37:22.467,1.223491
7425,2018-01-24 11:37:22.568,1.223491
7426,2018-01-24 11:37:22.667,1.223491
7427,2018-01-24 11:37:22.767,1.223491
7428,2018-01-24 11:37:22.867,1.223491
7429,2018-01-24 11:37:22.967,1.223491
7430,2018-01-24 11:37:23.067,1.223491
7431,2018-01-24 11:37:23.167,1.223491
7432,2018-01-24 11:37:23.267,1.189582
7433,2018-01-24 11:37:23.367,1.189582
7434,2018-01-24 11:37:23.467,1.189582
7435,2018-01-24 11:37:23.567,1.189582
7436,2018-01-24 11:37:23.667,1.189582
7437,2018-01-24 11:37:23.768,1.189582
7438,2018-01-24 11:37:23.867,1.189582
7439,2018-01-24 11:37:23.967,1.189582
7440,2018-01-24 11:37:24.067,1.189582
7441,2018-01-24 11:37:24.167,1.189582
7442,2018-01-24 11:37:24.268,1.316175
7443,2018-01-24 11:37:24.367,1.316175
7444,2018-01-24 11:37:24.467,1.316175
7445,2018-01-24 11:37:24.567,1.316175
7446,2018-01-24 11:37:24.667,1.316175
7447,2018-01-24 11:37:24.767,1.316175
7448,2018-01-24 11:37:24.867,1.316175
7449,2018-01-24 11:37:24.967,1.316175
7450,2018-01-24 11:37:25.068,1.316175
7451,2018-01-24 11:37:25.168,1.316175
7452,2018-01-24 11:37:25.268,1.471622
7453,2018-01-24 11:37:25.368,1.471622
7454,2018-01-24 11:37:25.468,1.471622
7455,2018-01-24 11:37:25.568,1.471622
7456,2018-01-24 11:37:25.668,1.471622
7457,2018-01-24 11:37:25.766,1.471622
7458,2018-01-24 11:37:25.866,1.471622
7459,2018-01-24 11:37:25.966,1.471622
7460,2018-01-24 11:37:26.066,1.471622
7461,2018-01-24 11:37:26.166,1.471622
7462,2018-01-24 11:37:26.266,1.636994
7463,2018-01-24 11:37:26.366,1.636994
7464,2018-01-24 11:37:26.466,1.636994
7465,2018-01-24 11:37:26.566,1.636994
7466,2018-01-24 11:37:26.666,1.636994
7467,2018-01-24 11:37:26.766,1.636994
7468,2018-01-24 11:37:26.866,1.636994
7469,2018-01-24 11:37:26.966,1.636994
7470,2018-01-24 11:37:27.066,1.636994
7471,2018-01-24 11:37:27.166,1.636994
7472,2018-01-24 11:37:27.266,1.763512
7473,2018-01-24 11:37:27.366,1.763512
7474,2018-01-24 11:37:27.466,1.763512
7475,2018-01-24 11:37:27.566,1.763512
7476,2018-01-24 11:37:27.666,1.763512
7477,2018-01-24 11:37:27.766,1.763512
7478,2018-01-24 11:37:27.866,1.763512
7479,2018-01-24 11:37:27.966,1.763512
7480,2018-01-24 11:37:28.066,1.763512
7481,2018-01-24 11:37:28.166,1.763512
7482,2018-01-24 11:37:28.267,1.789856
7483,2018-01-24 11:37:28.367,1.789856
7484,2018-01-24 11:37:28.467,1.789856
7485,2018-01-24 11:37:28.567,1.789856
7486,2018-01-24 11:37:28.667,1.789856
7487,2018-01-24 11:37:28.767,1.789856
7488,2018-01-24 11:37:28.867,1.789856
7489,2018-01-24 11:37:28.967,1.789856
7490,2018-01-24 11:37:29.067,1.789856
7491,2018-01-24 11:37:29.167,1.789856
7492,2018-01-24 11:37:29.267,1.6927059999999998
7493,2018-01-24 11:37:29.367,1.6927059999999998
7494,2018-01-24 11:37:29.467,1.6927059999999998
7495,2018-01-24 11:37:29.567,1.6927059999999998
7496,2018-01-24 11:37:29.667,1.6927059999999998
7497,2018-01-24 11:37:29.767,1.6927059999999998
7498,2018-01-24 11:37:29.867,1.6927059999999998
7499,2018-01-24 11:37:29.967,1.6927059999999998
7500,2018-01-24 11:37:30.068,1.6927059999999998
7501,2018-01-24 11:37:30.167,1.6927059999999998
7502,2018-01-24 11:37:30.267,1.5360790000000002
7503,2018-01-24 11:37:30.367,1.5360790000000002
7504,2018-01-24 11:37:30.467,1.5360790000000002
7505,2018-01-24 11:37:30.567,1.5360790000000002
7506,2018-01-24 11:37:30.667,1.5360790000000002
7507,2018-01-24 11:37:30.766,1.5360790000000002
7508,2018-01-24 11:37:30.866,1.5360790000000002
7509,2018-01-24 11:37:30.966,1.5360790000000002
7510,2018-01-24 11:37:31.066,1.5360790000000002
7511,2018-01-24 11:37:31.166,1.5360790000000002
7512,2018-01-24 11:37:31.267,1.372368
7513,2018-01-24 11:37:31.367,1.372368
7514,2018-01-24 11:37:31.467,1.372368
7515,2018-01-24 11:37:31.567,1.372368
7516,2018-01-24 11:37:31.667,1.372368
7517,2018-01-24 11:37:31.768,1.372368
7518,2018-01-24 11:37:31.868,1.372368
7519,2018-01-24 11:37:31.967,1.372368
7520,2018-01-24 11:37:32.068,1.372368
7521,2018-01-24 11:37:32.167,1.372368
7522,2018-01-24 11:37:32.267,1.3168389999999999
7523,2018-01-24 11:37:32.368,1.3168389999999999
7524,2018-01-24 11:37:32.467,1.3168389999999999
7525,2018-01-24 11:37:32.567,1.3168389999999999
7526,2018-01-24 11:37:32.667,1.3168389999999999
7527,2018-01-24 11:37:32.767,1.3168389999999999
7528,2018-01-24 11:37:32.867,1.3168389999999999
7529,2018-01-24 11:37:32.967,1.3168389999999999
7530,2018-01-24 11:37:33.067,1.3168389999999999
7531,2018-01-24 11:37:33.167,1.3168389999999999
7532,2018-01-24 11:37:33.267,1.388529
7533,2018-01-24 11:37:33.367,1.388529
7534,2018-01-24 11:37:33.467,1.388529
7535,2018-01-24 11:37:33.567,1.388529
7536,2018-01-24 11:37:33.667,1.388529
7537,2018-01-24 11:37:33.768,1.388529
7538,2018-01-24 11:37:33.868,1.388529
7539,2018-01-24 11:37:33.968,1.388529
7540,2018-01-24 11:37:34.067,1.388529
7541,2018-01-24 11:37:34.168,1.388529
7542,2018-01-24 11:37:34.267,1.509293
7543,2018-01-24 11:37:34.368,1.509293
7544,2018-01-24 11:37:34.468,1.509293
7545,2018-01-24 11:37:34.568,1.509293
7546,2018-01-24 11:37:34.668,1.509293
7547,2018-01-24 11:37:34.768,1.509293
7548,2018-01-24 11:37:34.868,1.509293
7549,2018-01-24 11:37:34.968,1.509293
7550,2018-01-24 11:37:35.068,1.509293
7551,2018-01-24 11:37:35.168,1.509293
7552,2018-01-24 11:37:35.268,1.555968
7553,2018-01-24 11:37:35.368,1.555968
7554,2018-01-24 11:37:35.468,1.555968
7555,2018-01-24 11:37:35.568,1.555968
7556,2018-01-24 11:37:35.668,1.555968
7557,2018-01-24 11:37:35.766,1.555968
7558,2018-01-24 11:37:35.866,1.555968
7559,2018-01-24 11:37:35.966,1.555968
7560,2018-01-24 11:37:36.066,1.555968
7561,2018-01-24 11:37:36.166,1.555968
7562,2018-01-24 11:37:36.266,1.504387
7563,2018-01-24 11:37:36.367,1.504387
7564,2018-01-24 11:37:36.466,1.504387
7565,2018-01-24 11:37:36.566,1.504387
7566,2018-01-24 11:37:36.666,1.504387
7567,2018-01-24 11:37:36.766,1.504387
7568,2018-01-24 11:37:36.866,1.504387
7569,2018-01-24 11:37:36.966,1.504387
7570,2018-01-24 11:37:37.066,1.504387
7571,2018-01-24 11:37:37.166,1.504387
7572,2018-01-24 11:37:37.267,1.385764
7573,2018-01-24 11:37:37.367,1.385764
7574,2018-01-24 11:37:37.467,1.385764
7575,2018-01-24 11:37:37.567,1.385764
7576,2018-01-24 11:37:37.667,1.385764
7577,2018-01-24 11:37:37.767,1.385764
7578,2018-01-24 11:37:37.867,1.385764
7579,2018-01-24 11:37:37.967,1.385764
7580,2018-01-24 11:37:38.067,1.385764
7581,2018-01-24 11:37:38.167,1.385764
7582,2018-01-24 11:37:38.267,1.367092
7583,2018-01-24 11:37:38.367,1.367092
7584,2018-01-24 11:37:38.467,1.367092
7585,2018-01-24 11:37:38.567,1.367092
7586,2018-01-24 11:37:38.667,1.367092
7587,2018-01-24 11:37:38.767,1.367092
7588,2018-01-24 11:37:38.867,1.367092
7589,2018-01-24 11:37:38.967,1.367092
7590,2018-01-24 11:37:39.067,1.367092
7591,2018-01-24 11:37:39.167,1.367092
7592,2018-01-24 11:37:39.267,1.455199
7593,2018-01-24 11:37:39.367,1.455199
7594,2018-01-24 11:37:39.467,1.455199
7595,2018-01-24 11:37:39.567,1.455199
7596,2018-01-24 11:37:39.667,1.455199
7597,2018-01-24 11:37:39.767,1.455199
7598,2018-01-24 11:37:39.867,1.455199
7599,2018-01-24 11:37:39.967,1.455199
7600,2018-01-24 11:37:40.068,1.455199
7601,2018-01-24 11:37:40.167,1.455199
7602,2018-01-24 11:37:40.268,1.550944
7603,2018-01-24 11:37:40.368,1.550944
7604,2018-01-24 11:37:40.468,1.550944
7605,2018-01-24 11:37:40.569,1.550944
7606,2018-01-24 11:37:40.668,1.550944
7607,2018-01-24 11:37:40.767,1.550944
7608,2018-01-24 11:37:40.867,1.550944
7609,2018-01-24 11:37:40.967,1.550944
7610,2018-01-24 11:37:41.067,1.550944
7611,2018-01-24 11:37:41.167,1.550944
7612,2018-01-24 11:37:41.267,1.560797
7613,2018-01-24 11:37:41.367,1.560797
7614,2018-01-24 11:37:41.467,1.560797
7615,2018-01-24 11:37:41.567,1.560797
7616,2018-01-24 11:37:41.667,1.560797
7617,2018-01-24 11:37:41.767,1.560797
7618,2018-01-24 11:37:41.867,1.560797
7619,2018-01-24 11:37:41.967,1.560797
7620,2018-01-24 11:37:42.068,1.560797
7621,2018-01-24 11:37:42.167,1.560797
7622,2018-01-24 11:37:42.267,1.427676
7623,2018-01-24 11:37:42.368,1.427676
7624,2018-01-24 11:37:42.468,1.427676
7625,2018-01-24 11:37:42.568,1.427676
7626,2018-01-24 11:37:42.667,1.427676
7627,2018-01-24 11:37:42.767,1.427676
7628,2018-01-24 11:37:42.867,1.427676
7629,2018-01-24 11:37:42.967,1.427676
7630,2018-01-24 11:37:43.067,1.427676
7631,2018-01-24 11:37:43.167,1.427676
7632,2018-01-24 11:37:43.268,1.291971
7633,2018-01-24 11:37:43.368,1.291971
7634,2018-01-24 11:37:43.468,1.291971
7635,2018-01-24 11:37:43.568,1.291971
7636,2018-01-24 11:37:43.668,1.291971
7637,2018-01-24 11:37:43.769,1.291971
7638,2018-01-24 11:37:43.869,1.291971
7639,2018-01-24 11:37:43.969,1.291971
7640,2018-01-24 11:37:44.068,1.291971
7641,2018-01-24 11:37:44.169,1.291971
7642,2018-01-24 11:37:44.268,1.3047
7643,2018-01-24 11:37:44.368,1.3047
7644,2018-01-24 11:37:44.468,1.3047
7645,2018-01-24 11:37:44.569,1.3047
7646,2018-01-24 11:37:44.668,1.3047
7647,2018-01-24 11:37:44.768,1.3047
7648,2018-01-24 11:37:44.868,1.3047
7649,2018-01-24 11:37:44.968,1.3047
7650,2018-01-24 11:37:45.068,1.3047
7651,2018-01-24 11:37:45.168,1.3047
7652,2018-01-24 11:37:45.268,1.443429
7653,2018-01-24 11:37:45.368,1.443429
7654,2018-01-24 11:37:45.468,1.443429
7655,2018-01-24 11:37:45.568,1.443429
7656,2018-01-24 11:37:45.668,1.443429
7657,2018-01-24 11:37:45.766,1.443429
7658,2018-01-24 11:37:45.866,1.443429
7659,2018-01-24 11:37:45.967,1.443429
7660,2018-01-24 11:37:46.066,1.443429
7661,2018-01-24 11:37:46.167,1.443429
7662,2018-01-24 11:37:46.268,1.6126719999999999
7663,2018-01-24 11:37:46.367,1.6126719999999999
7664,2018-01-24 11:37:46.467,1.6126719999999999
7665,2018-01-24 11:37:46.567,1.6126719999999999
7666,2018-01-24 11:37:46.667,1.6126719999999999
7667,2018-01-24 11:37:46.767,1.6126719999999999
7668,2018-01-24 11:37:46.867,1.6126719999999999
7669,2018-01-24 11:37:46.967,1.6126719999999999
7670,2018-01-24 11:37:47.067,1.6126719999999999
7671,2018-01-24 11:37:47.167,1.6126719999999999
7672,2018-01-24 11:37:47.267,1.712663
7673,2018-01-24 11:37:47.367,1.712663
7674,2018-01-24 11:37:47.467,1.712663
7675,2018-01-24 11:37:47.567,1.712663
7676,2018-01-24 11:37:47.667,1.712663
7677,2018-01-24 11:37:47.767,1.712663
7678,2018-01-24 11:37:47.868,1.712663
7679,2018-01-24 11:37:47.968,1.712663
7680,2018-01-24 11:37:48.067,1.712663
7681,2018-01-24 11:37:48.167,1.712663
7682,2018-01-24 11:37:48.267,1.761257
7683,2018-01-24 11:37:48.367,1.761257
7684,2018-01-24 11:37:48.468,1.761257
7685,2018-01-24 11:37:48.567,1.761257
7686,2018-01-24 11:37:48.667,1.761257
7687,2018-01-24 11:37:48.767,1.761257
7688,2018-01-24 11:37:48.867,1.761257
7689,2018-01-24 11:37:48.967,1.761257
7690,2018-01-24 11:37:49.067,1.761257
7691,2018-01-24 11:37:49.167,1.761257
7692,2018-01-24 11:37:49.267,1.891835
7693,2018-01-24 11:37:49.368,1.891835
7694,2018-01-24 11:37:49.468,1.891835
7695,2018-01-24 11:37:49.568,1.891835
7696,2018-01-24 11:37:49.668,1.891835
7697,2018-01-24 11:37:49.768,1.891835
7698,2018-01-24 11:37:49.868,1.891835
7699,2018-01-24 11:37:49.968,1.891835
7700,2018-01-24 11:37:50.068,1.891835
7701,2018-01-24 11:37:50.168,1.891835
7702,2018-01-24 11:37:50.269,2.047132
7703,2018-01-24 11:37:50.369,2.047132
7704,2018-01-24 11:37:50.468,2.047132
7705,2018-01-24 11:37:50.568,2.047132
7706,2018-01-24 11:37:50.668,2.047132
7707,2018-01-24 11:37:50.767,2.047132
7708,2018-01-24 11:37:50.867,2.047132
7709,2018-01-24 11:37:50.967,2.047132
7710,2018-01-24 11:37:51.067,2.047132
7711,2018-01-24 11:37:51.167,2.047132
7712,2018-01-24 11:37:51.267,2.222613
7713,2018-01-24 11:37:51.367,2.222613
7714,2018-01-24 11:37:51.467,2.222613
7715,2018-01-24 11:37:51.567,2.222613
7716,2018-01-24 11:37:51.667,2.222613
7717,2018-01-24 11:37:51.767,2.222613
7718,2018-01-24 11:37:51.867,2.222613
7719,2018-01-24 11:37:51.968,2.222613
7720,2018-01-24 11:37:52.067,2.222613
7721,2018-01-24 11:37:52.167,2.222613
7722,2018-01-24 11:37:52.267,2.222613
7723,2018-01-24 11:37:52.368,2.474396
7724,2018-01-24 11:37:52.468,2.474396
7725,2018-01-24 11:37:52.568,2.474396
7726,2018-01-24 11:37:52.669,2.474396
7727,2018-01-24 11:37:52.768,2.474396
7728,2018-01-24 11:37:52.869,2.474396
7729,2018-01-24 11:37:52.968,2.474396
7730,2018-01-24 11:37:53.068,2.474396
7731,2018-01-24 11:37:53.168,2.474396
7732,2018-01-24 11:37:53.268,2.738354
7733,2018-01-24 11:37:53.368,2.738354
7734,2018-01-24 11:37:53.468,2.738354
7735,2018-01-24 11:37:53.568,2.738354
7736,2018-01-24 11:37:53.668,2.738354
7737,2018-01-24 11:37:53.768,2.738354
7738,2018-01-24 11:37:53.868,2.738354
7739,2018-01-24 11:37:53.969,2.738354
7740,2018-01-24 11:37:54.068,2.738354
7741,2018-01-24 11:37:54.168,2.738354
7742,2018-01-24 11:37:54.269,2.883911
7743,2018-01-24 11:37:54.369,2.883911
7744,2018-01-24 11:37:54.468,2.883911
7745,2018-01-24 11:37:54.568,2.883911
7746,2018-01-24 11:37:54.669,2.883911
7747,2018-01-24 11:37:54.768,2.883911
7748,2018-01-24 11:37:54.868,2.883911
7749,2018-01-24 11:37:54.968,2.883911
7750,2018-01-24 11:37:55.068,2.883911
7751,2018-01-24 11:37:55.168,2.883911
7752,2018-01-24 11:37:55.268,2.868304
7753,2018-01-24 11:37:55.368,2.868304
7754,2018-01-24 11:37:55.469,2.868304
7755,2018-01-24 11:37:55.569,2.868304
7756,2018-01-24 11:37:55.669,2.868304
7757,2018-01-24 11:37:55.767,2.868304
7758,2018-01-24 11:37:55.868,2.868304
7759,2018-01-24 11:37:55.967,2.868304
7760,2018-01-24 11:37:56.067,2.868304
7761,2018-01-24 11:37:56.167,2.868304
7762,2018-01-24 11:37:56.268,2.761046
7763,2018-01-24 11:37:56.368,2.761046
7764,2018-01-24 11:37:56.468,2.761046
7765,2018-01-24 11:37:56.567,2.761046
7766,2018-01-24 11:37:56.667,2.761046
7767,2018-01-24 11:37:56.768,2.761046
7768,2018-01-24 11:37:56.867,2.761046
7769,2018-01-24 11:37:56.967,2.761046
7770,2018-01-24 11:37:57.067,2.761046
7771,2018-01-24 11:37:57.167,2.761046
7772,2018-01-24 11:37:57.267,2.71013
7773,2018-01-24 11:37:57.367,2.71013
7774,2018-01-24 11:37:57.467,2.71013
7775,2018-01-24 11:37:57.567,2.71013
7776,2018-01-24 11:37:57.667,2.71013
7777,2018-01-24 11:37:57.767,2.71013
7778,2018-01-24 11:37:57.868,2.71013
7779,2018-01-24 11:37:57.968,2.71013
7780,2018-01-24 11:37:58.067,2.71013
7781,2018-01-24 11:37:58.167,2.71013
7782,2018-01-24 11:37:58.268,2.820932
7783,2018-01-24 11:37:58.367,2.820932
7784,2018-01-24 11:37:58.469,2.820932
7785,2018-01-24 11:37:58.569,2.820932
7786,2018-01-24 11:37:58.668,2.820932
7787,2018-01-24 11:37:58.769,2.820932
7788,2018-01-24 11:37:58.868,2.820932
7789,2018-01-24 11:37:58.968,2.820932
7790,2018-01-24 11:37:59.068,2.820932
7791,2018-01-24 11:37:59.168,2.820932
7792,2018-01-24 11:37:59.268,3.010432
7793,2018-01-24 11:37:59.368,3.010432
7794,2018-01-24 11:37:59.468,3.010432
7795,2018-01-24 11:37:59.568,3.010432
7796,2018-01-24 11:37:59.668,3.010432
7797,2018-01-24 11:37:59.768,3.010432
7798,2018-01-24 11:37:59.869,3.010432
7799,2018-01-24 11:37:59.969,3.010432
7800,2018-01-24 11:38:00.068,3.010432
7801,2018-01-24 11:38:00.169,3.010432
7802,2018-01-24 11:38:00.268,3.217716
7803,2018-01-24 11:38:00.368,3.217716
7804,2018-01-24 11:38:00.469,3.217716
7805,2018-01-24 11:38:00.568,3.217716
7806,2018-01-24 11:38:00.668,3.217716
7807,2018-01-24 11:38:00.767,3.217716
7808,2018-01-24 11:38:00.867,3.217716
7809,2018-01-24 11:38:00.967,3.217716
7810,2018-01-24 11:38:01.067,3.217716
7811,2018-01-24 11:38:01.167,3.217716
7812,2018-01-24 11:38:01.268,3.357849
7813,2018-01-24 11:38:01.368,3.357849
7814,2018-01-24 11:38:01.468,3.357849
7815,2018-01-24 11:38:01.568,3.357849
7816,2018-01-24 11:38:01.668,3.357849
7817,2018-01-24 11:38:01.768,3.357849
7818,2018-01-24 11:38:01.868,3.357849
7819,2018-01-24 11:38:01.968,3.357849
7820,2018-01-24 11:38:02.068,3.357849
7821,2018-01-24 11:38:02.169,3.357849
7822,2018-01-24 11:38:02.268,3.357849
7823,2018-01-24 11:38:02.368,3.3505089999999997
7824,2018-01-24 11:38:02.468,3.3505089999999997
7825,2018-01-24 11:38:02.568,3.3505089999999997
7826,2018-01-24 11:38:02.668,3.3505089999999997
7827,2018-01-24 11:38:02.768,3.3505089999999997
7828,2018-01-24 11:38:02.868,3.3505089999999997
7829,2018-01-24 11:38:02.968,3.3505089999999997
7830,2018-01-24 11:38:03.068,3.3505089999999997
7831,2018-01-24 11:38:03.168,3.3505089999999997
7832,2018-01-24 11:38:03.268,3.235801
7833,2018-01-24 11:38:03.368,3.235801
7834,2018-01-24 11:38:03.468,3.235801
7835,2018-01-24 11:38:03.568,3.235801
7836,2018-01-24 11:38:03.668,3.235801
7837,2018-01-24 11:38:03.768,3.235801
7838,2018-01-24 11:38:03.868,3.235801
7839,2018-01-24 11:38:03.968,3.235801
7840,2018-01-24 11:38:04.068,3.235801
7841,2018-01-24 11:38:04.170,3.235801
7842,2018-01-24 11:38:04.268,3.174037
7843,2018-01-24 11:38:04.369,3.174037
7844,2018-01-24 11:38:04.470,3.174037
7845,2018-01-24 11:38:04.570,3.174037
7846,2018-01-24 11:38:04.669,3.174037
7847,2018-01-24 11:38:04.769,3.174037
7848,2018-01-24 11:38:04.869,3.174037
7849,2018-01-24 11:38:04.969,3.174037
7850,2018-01-24 11:38:05.069,3.174037
7851,2018-01-24 11:38:05.169,3.174037
7852,2018-01-24 11:38:05.269,3.180973
7853,2018-01-24 11:38:05.369,3.180973
7854,2018-01-24 11:38:05.469,3.180973
7855,2018-01-24 11:38:05.569,3.180973
7856,2018-01-24 11:38:05.669,3.180973
7857,2018-01-24 11:38:05.767,3.180973
7858,2018-01-24 11:38:05.867,3.180973
7859,2018-01-24 11:38:05.967,3.180973
7860,2018-01-24 11:38:06.067,3.180973
7861,2018-01-24 11:38:06.168,3.180973
7862,2018-01-24 11:38:06.267,3.249192
7863,2018-01-24 11:38:06.367,3.249192
7864,2018-01-24 11:38:06.468,3.249192
7865,2018-01-24 11:38:06.567,3.249192
7866,2018-01-24 11:38:06.668,3.249192
7867,2018-01-24 11:38:06.767,3.249192
7868,2018-01-24 11:38:06.867,3.249192
7869,2018-01-24 11:38:06.967,3.249192
7870,2018-01-24 11:38:07.067,3.249192
7871,2018-01-24 11:38:07.167,3.249192
7872,2018-01-24 11:38:07.267,3.345306
7873,2018-01-24 11:38:07.368,3.345306
7874,2018-01-24 11:38:07.468,3.345306
7875,2018-01-24 11:38:07.568,3.345306
7876,2018-01-24 11:38:07.668,3.345306
7877,2018-01-24 11:38:07.768,3.345306
7878,2018-01-24 11:38:07.868,3.345306
7879,2018-01-24 11:38:07.968,3.345306
7880,2018-01-24 11:38:08.068,3.345306
7881,2018-01-24 11:38:08.168,3.345306
7882,2018-01-24 11:38:08.269,3.379436
7883,2018-01-24 11:38:08.368,3.379436
7884,2018-01-24 11:38:08.468,3.379436
7885,2018-01-24 11:38:08.568,3.379436
7886,2018-01-24 11:38:08.668,3.379436
7887,2018-01-24 11:38:08.768,3.379436
7888,2018-01-24 11:38:08.868,3.379436
7889,2018-01-24 11:38:08.968,3.379436
7890,2018-01-24 11:38:09.068,3.379436
7891,2018-01-24 11:38:09.168,3.379436
7892,2018-01-24 11:38:09.268,3.296974
7893,2018-01-24 11:38:09.368,3.296974
7894,2018-01-24 11:38:09.468,3.296974
7895,2018-01-24 11:38:09.568,3.296974
7896,2018-01-24 11:38:09.668,3.296974
7897,2018-01-24 11:38:09.768,3.296974
7898,2018-01-24 11:38:09.869,3.296974
7899,2018-01-24 11:38:09.969,3.296974
7900,2018-01-24 11:38:10.068,3.296974
7901,2018-01-24 11:38:10.168,3.296974
7902,2018-01-24 11:38:10.269,3.072533
7903,2018-01-24 11:38:10.368,3.072533
7904,2018-01-24 11:38:10.469,3.072533
7905,2018-01-24 11:38:10.570,3.072533
7906,2018-01-24 11:38:10.670,3.072533
7907,2018-01-24 11:38:10.769,3.072533
7908,2018-01-24 11:38:10.868,3.072533
7909,2018-01-24 11:38:10.968,3.072533
7910,2018-01-24 11:38:11.068,3.072533
7911,2018-01-24 11:38:11.168,3.072533
7912,2018-01-24 11:38:11.268,3.072533
7913,2018-01-24 11:38:11.368,2.806546
7914,2018-01-24 11:38:11.468,2.806546
7915,2018-01-24 11:38:11.568,2.806546
7916,2018-01-24 11:38:11.668,2.806546
7917,2018-01-24 11:38:11.768,2.806546
7918,2018-01-24 11:38:11.868,2.806546
7919,2018-01-24 11:38:11.968,2.806546
7920,2018-01-24 11:38:12.069,2.806546
7921,2018-01-24 11:38:12.168,2.806546
7922,2018-01-24 11:38:12.269,2.60376
7923,2018-01-24 11:38:12.368,2.60376
7924,2018-01-24 11:38:12.468,2.60376
7925,2018-01-24 11:38:12.569,2.60376
7926,2018-01-24 11:38:12.669,2.60376
7927,2018-01-24 11:38:12.768,2.60376
7928,2018-01-24 11:38:12.868,2.60376
7929,2018-01-24 11:38:12.968,2.60376
7930,2018-01-24 11:38:13.068,2.60376
7931,2018-01-24 11:38:13.168,2.60376
7932,2018-01-24 11:38:13.268,2.527198
7933,2018-01-24 11:38:13.368,2.527198
7934,2018-01-24 11:38:13.469,2.527198
7935,2018-01-24 11:38:13.569,2.527198
7936,2018-01-24 11:38:13.669,2.527198
7937,2018-01-24 11:38:13.769,2.527198
7938,2018-01-24 11:38:13.869,2.527198
7939,2018-01-24 11:38:13.969,2.527198
7940,2018-01-24 11:38:14.069,2.527198
7941,2018-01-24 11:38:14.169,2.527198
7942,2018-01-24 11:38:14.269,2.503398
7943,2018-01-24 11:38:14.369,2.503398
7944,2018-01-24 11:38:14.470,2.503398
7945,2018-01-24 11:38:14.569,2.503398
7946,2018-01-24 11:38:14.670,2.503398
7947,2018-01-24 11:38:14.770,2.503398
7948,2018-01-24 11:38:14.869,2.503398
7949,2018-01-24 11:38:14.969,2.503398
7950,2018-01-24 11:38:15.069,2.503398
7951,2018-01-24 11:38:15.169,2.503398
7952,2018-01-24 11:38:15.269,2.461559
7953,2018-01-24 11:38:15.369,2.461559
7954,2018-01-24 11:38:15.469,2.461559
7955,2018-01-24 11:38:15.569,2.461559
7956,2018-01-24 11:38:15.669,2.461559
7957,2018-01-24 11:38:15.767,2.461559
7958,2018-01-24 11:38:15.867,2.461559
7959,2018-01-24 11:38:15.967,2.461559
7960,2018-01-24 11:38:16.067,2.461559
7961,2018-01-24 11:38:16.168,2.461559
7962,2018-01-24 11:38:16.267,2.360981
7963,2018-01-24 11:38:16.369,2.360981
7964,2018-01-24 11:38:16.469,2.360981
7965,2018-01-24 11:38:16.568,2.360981
7966,2018-01-24 11:38:16.668,2.360981
7967,2018-01-24 11:38:16.768,2.360981
7968,2018-01-24 11:38:16.868,2.360981
7969,2018-01-24 11:38:16.968,2.360981
7970,2018-01-24 11:38:17.068,2.360981
7971,2018-01-24 11:38:17.168,2.360981
7972,2018-01-24 11:38:17.268,2.360981
7973,2018-01-24 11:38:17.368,2.291801
7974,2018-01-24 11:38:17.468,2.291801
7975,2018-01-24 11:38:17.568,2.291801
7976,2018-01-24 11:38:17.668,2.291801
7977,2018-01-24 11:38:17.768,2.291801
7978,2018-01-24 11:38:17.868,2.291801
7979,2018-01-24 11:38:17.969,2.291801
7980,2018-01-24 11:38:18.069,2.291801
7981,2018-01-24 11:38:18.168,2.291801
7982,2018-01-24 11:38:18.268,2.291801
7983,2018-01-24 11:38:18.368,2.222656
7984,2018-01-24 11:38:18.468,2.222656
7985,2018-01-24 11:38:18.569,2.222656
7986,2018-01-24 11:38:18.668,2.222656
7987,2018-01-24 11:38:18.769,2.222656
7988,2018-01-24 11:38:18.868,2.222656
7989,2018-01-24 11:38:18.968,2.222656
7990,2018-01-24 11:38:19.068,2.222656
7991,2018-01-24 11:38:19.168,2.222656
7992,2018-01-24 11:38:19.268,2.12617
7993,2018-01-24 11:38:19.368,2.12617
7994,2018-01-24 11:38:19.468,2.12617
7995,2018-01-24 11:38:19.569,2.12617
7996,2018-01-24 11:38:19.669,2.12617
7997,2018-01-24 11:38:19.769,2.12617
7998,2018-01-24 11:38:19.869,2.12617
7999,2018-01-24 11:38:19.970,2.12617
8000,2018-01-24 11:38:20.070,2.12617
8001,2018-01-24 11:38:20.169,2.12617
8002,2018-01-24 11:38:20.269,2.12617
8003,2018-01-24 11:38:20.370,2.017176
8004,2018-01-24 11:38:20.469,2.017176
8005,2018-01-24 11:38:20.569,2.017176
8006,2018-01-24 11:38:20.670,2.017176
8007,2018-01-24 11:38:20.769,2.017176
8008,2018-01-24 11:38:20.868,2.017176
8009,2018-01-24 11:38:20.968,2.017176
8010,2018-01-24 11:38:21.068,2.017176
8011,2018-01-24 11:38:21.168,2.017176
8012,2018-01-24 11:38:21.268,2.017176
8013,2018-01-24 11:38:21.368,1.857855
8014,2018-01-24 11:38:21.468,1.857855
8015,2018-01-24 11:38:21.568,1.857855
8016,2018-01-24 11:38:21.668,1.857855
8017,2018-01-24 11:38:21.768,1.857855
8018,2018-01-24 11:38:21.868,1.857855
8019,2018-01-24 11:38:21.969,1.857855
8020,2018-01-24 11:38:22.068,1.857855
8021,2018-01-24 11:38:22.169,1.857855
8022,2018-01-24 11:38:22.268,1.857855
8023,2018-01-24 11:38:22.369,1.7047709999999998
8024,2018-01-24 11:38:22.468,1.7047709999999998
8025,2018-01-24 11:38:22.569,1.7047709999999998
8026,2018-01-24 11:38:22.669,1.7047709999999998
8027,2018-01-24 11:38:22.770,1.7047709999999998
8028,2018-01-24 11:38:22.869,1.7047709999999998
8029,2018-01-24 11:38:22.969,1.7047709999999998
8030,2018-01-24 11:38:23.069,1.7047709999999998
8031,2018-01-24 11:38:23.169,1.7047709999999998
8032,2018-01-24 11:38:23.269,1.7047709999999998
8033,2018-01-24 11:38:23.369,1.577258
8034,2018-01-24 11:38:23.469,1.577258
8035,2018-01-24 11:38:23.569,1.577258
8036,2018-01-24 11:38:23.669,1.577258
8037,2018-01-24 11:38:23.769,1.577258
8038,2018-01-24 11:38:23.869,1.577258
8039,2018-01-24 11:38:23.969,1.577258
8040,2018-01-24 11:38:24.070,1.577258
8041,2018-01-24 11:38:24.170,1.577258
8042,2018-01-24 11:38:24.269,1.577258
8043,2018-01-24 11:38:24.369,1.595486
8044,2018-01-24 11:38:24.469,1.595486
8045,2018-01-24 11:38:24.570,1.595486
8046,2018-01-24 11:38:24.670,1.595486
8047,2018-01-24 11:38:24.770,1.595486
8048,2018-01-24 11:38:24.869,1.595486
8049,2018-01-24 11:38:24.969,1.595486
8050,2018-01-24 11:38:25.069,1.595486
8051,2018-01-24 11:38:25.169,1.595486
8052,2018-01-24 11:38:25.269,1.595486
8053,2018-01-24 11:38:25.369,1.7676479999999999
8054,2018-01-24 11:38:25.469,1.7676479999999999
8055,2018-01-24 11:38:25.570,1.7676479999999999
8056,2018-01-24 11:38:25.670,1.7676479999999999
8057,2018-01-24 11:38:25.768,1.7676479999999999
8058,2018-01-24 11:38:25.868,1.7676479999999999
8059,2018-01-24 11:38:25.969,1.7676479999999999
8060,2018-01-24 11:38:26.068,1.7676479999999999
8061,2018-01-24 11:38:26.168,1.7676479999999999
8062,2018-01-24 11:38:26.269,1.92435
8063,2018-01-24 11:38:26.368,1.92435
8064,2018-01-24 11:38:26.468,1.92435
8065,2018-01-24 11:38:26.568,1.92435
8066,2018-01-24 11:38:26.668,1.92435
8067,2018-01-24 11:38:26.768,1.92435
8068,2018-01-24 11:38:26.868,1.92435
8069,2018-01-24 11:38:26.968,1.92435
8070,2018-01-24 11:38:27.068,1.92435
8071,2018-01-24 11:38:27.168,1.92435
8072,2018-01-24 11:38:27.268,1.92435
8073,2018-01-24 11:38:27.368,1.9064169999999998
8074,2018-01-24 11:38:27.468,1.9064169999999998
8075,2018-01-24 11:38:27.568,1.9064169999999998
8076,2018-01-24 11:38:27.668,1.9064169999999998
8077,2018-01-24 11:38:27.768,1.9064169999999998
8078,2018-01-24 11:38:27.868,1.9064169999999998
8079,2018-01-24 11:38:27.968,1.9064169999999998
8080,2018-01-24 11:38:28.069,1.9064169999999998
8081,2018-01-24 11:38:28.169,1.9064169999999998
8082,2018-01-24 11:38:28.269,1.9064169999999998
8083,2018-01-24 11:38:28.370,1.7321900000000001
8084,2018-01-24 11:38:28.470,1.7321900000000001
8085,2018-01-24 11:38:28.569,1.7321900000000001
8086,2018-01-24 11:38:28.670,1.7321900000000001
8087,2018-01-24 11:38:28.770,1.7321900000000001
8088,2018-01-24 11:38:28.870,1.7321900000000001
8089,2018-01-24 11:38:28.969,1.7321900000000001
8090,2018-01-24 11:38:29.069,1.7321900000000001
8091,2018-01-24 11:38:29.170,1.7321900000000001
8092,2018-01-24 11:38:29.269,1.7321900000000001
8093,2018-01-24 11:38:29.369,1.529773
8094,2018-01-24 11:38:29.469,1.529773
8095,2018-01-24 11:38:29.569,1.529773
8096,2018-01-24 11:38:29.669,1.529773
8097,2018-01-24 11:38:29.769,1.529773
8098,2018-01-24 11:38:29.869,1.529773
8099,2018-01-24 11:38:29.970,1.529773
8100,2018-01-24 11:38:30.069,1.529773
8101,2018-01-24 11:38:30.169,1.529773
8102,2018-01-24 11:38:30.270,1.529773
8103,2018-01-24 11:38:30.369,1.433176
8104,2018-01-24 11:38:30.469,1.433176
8105,2018-01-24 11:38:30.569,1.433176
8106,2018-01-24 11:38:30.670,1.433176
8107,2018-01-24 11:38:30.768,1.433176
8108,2018-01-24 11:38:30.868,1.433176
8109,2018-01-24 11:38:30.968,1.433176
8110,2018-01-24 11:38:31.068,1.433176
8111,2018-01-24 11:38:31.168,1.433176
8112,2018-01-24 11:38:31.268,1.433176
8113,2018-01-24 11:38:31.368,1.461845
8114,2018-01-24 11:38:31.469,1.461845
8115,2018-01-24 11:38:31.569,1.461845
8116,2018-01-24 11:38:31.669,1.461845
8117,2018-01-24 11:38:31.769,1.461845
8118,2018-01-24 11:38:31.869,1.461845
8119,2018-01-24 11:38:31.970,1.461845
8120,2018-01-24 11:38:32.069,1.461845
8121,2018-01-24 11:38:32.169,1.461845
8122,2018-01-24 11:38:32.269,1.461845
8123,2018-01-24 11:38:32.369,1.593531
8124,2018-01-24 11:38:32.469,1.593531
8125,2018-01-24 11:38:32.569,1.593531
8126,2018-01-24 11:38:32.669,1.593531
8127,2018-01-24 11:38:32.769,1.593531
8128,2018-01-24 11:38:32.869,1.593531
8129,2018-01-24 11:38:32.969,1.593531
8130,2018-01-24 11:38:33.069,1.593531
8131,2018-01-24 11:38:33.169,1.593531
8132,2018-01-24 11:38:33.269,1.593531
8133,2018-01-24 11:38:33.369,1.761857
8134,2018-01-24 11:38:33.469,1.761857
8135,2018-01-24 11:38:33.569,1.761857
8136,2018-01-24 11:38:33.669,1.761857
8137,2018-01-24 11:38:33.769,1.761857
8138,2018-01-24 11:38:33.869,1.761857
8139,2018-01-24 11:38:33.969,1.761857
8140,2018-01-24 11:38:34.069,1.761857
8141,2018-01-24 11:38:34.169,1.761857
8142,2018-01-24 11:38:34.269,1.761857
8143,2018-01-24 11:38:34.369,1.8656139999999999
8144,2018-01-24 11:38:34.469,1.8656139999999999
8145,2018-01-24 11:38:34.570,1.8656139999999999
8146,2018-01-24 11:38:34.670,1.8656139999999999
8147,2018-01-24 11:38:34.771,1.8656139999999999
8148,2018-01-24 11:38:34.870,1.8656139999999999
8149,2018-01-24 11:38:34.970,1.8656139999999999
8150,2018-01-24 11:38:35.070,1.8656139999999999
8151,2018-01-24 11:38:35.170,1.8656139999999999
8152,2018-01-24 11:38:35.270,1.879044
8153,2018-01-24 11:38:35.370,1.879044
8154,2018-01-24 11:38:35.470,1.879044
8155,2018-01-24 11:38:35.570,1.879044
8156,2018-01-24 11:38:35.670,1.879044
8157,2018-01-24 11:38:35.768,1.879044
8158,2018-01-24 11:38:35.868,1.879044
8159,2018-01-24 11:38:35.969,1.879044
8160,2018-01-24 11:38:36.068,1.879044
8161,2018-01-24 11:38:36.169,1.879044
8162,2018-01-24 11:38:36.269,1.879044
8163,2018-01-24 11:38:36.368,1.823327
8164,2018-01-24 11:38:36.468,1.823327
8165,2018-01-24 11:38:36.569,1.823327
8166,2018-01-24 11:38:36.668,1.823327
8167,2018-01-24 11:38:36.769,1.823327
8168,2018-01-24 11:38:36.868,1.823327
8169,2018-01-24 11:38:36.968,1.823327
8170,2018-01-24 11:38:37.068,1.823327
8171,2018-01-24 11:38:37.168,1.823327
8172,2018-01-24 11:38:37.268,1.823327
8173,2018-01-24 11:38:37.368,1.7157689999999999
8174,2018-01-24 11:38:37.468,1.7157689999999999
8175,2018-01-24 11:38:37.569,1.7157689999999999
8176,2018-01-24 11:38:37.669,1.7157689999999999
8177,2018-01-24 11:38:37.769,1.7157689999999999
8178,2018-01-24 11:38:37.869,1.7157689999999999
8179,2018-01-24 11:38:37.969,1.7157689999999999
8180,2018-01-24 11:38:38.070,1.7157689999999999
8181,2018-01-24 11:38:38.169,1.7157689999999999
8182,2018-01-24 11:38:38.270,1.58862
8183,2018-01-24 11:38:38.370,1.58862
8184,2018-01-24 11:38:38.469,1.58862
8185,2018-01-24 11:38:38.569,1.58862
8186,2018-01-24 11:38:38.669,1.58862
8187,2018-01-24 11:38:38.770,1.58862
8188,2018-01-24 11:38:38.870,1.58862
8189,2018-01-24 11:38:38.969,1.58862
8190,2018-01-24 11:38:39.069,1.58862
8191,2018-01-24 11:38:39.169,1.58862
8192,2018-01-24 11:38:39.269,1.51051
8193,2018-01-24 11:38:39.369,1.51051
8194,2018-01-24 11:38:39.469,1.51051
8195,2018-01-24 11:38:39.569,1.51051
8196,2018-01-24 11:38:39.669,1.51051
8197,2018-01-24 11:38:39.769,1.51051
8198,2018-01-24 11:38:39.869,1.51051
8199,2018-01-24 11:38:39.969,1.51051
8200,2018-01-24 11:38:40.070,1.51051
8201,2018-01-24 11:38:40.169,1.51051
8202,2018-01-24 11:38:40.269,1.5217649999999998
8203,2018-01-24 11:38:40.370,1.5217649999999998
8204,2018-01-24 11:38:40.469,1.5217649999999998
8205,2018-01-24 11:38:40.570,1.5217649999999998
8206,2018-01-24 11:38:40.669,1.5217649999999998
8207,2018-01-24 11:38:40.769,1.5217649999999998
8208,2018-01-24 11:38:40.869,1.5217649999999998
8209,2018-01-24 11:38:40.969,1.5217649999999998
8210,2018-01-24 11:38:41.069,1.5217649999999998
8211,2018-01-24 11:38:41.169,1.5217649999999998
8212,2018-01-24 11:38:41.269,1.5468959999999998
8213,2018-01-24 11:38:41.369,1.5468959999999998
8214,2018-01-24 11:38:41.469,1.5468959999999998
8215,2018-01-24 11:38:41.569,1.5468959999999998
8216,2018-01-24 11:38:41.669,1.5468959999999998
8217,2018-01-24 11:38:41.769,1.5468959999999998
8218,2018-01-24 11:38:41.869,1.5468959999999998
8219,2018-01-24 11:38:41.969,1.5468959999999998
8220,2018-01-24 11:38:42.069,1.5468959999999998
8221,2018-01-24 11:38:42.169,1.5468959999999998
8222,2018-01-24 11:38:42.269,1.5930959999999998
8223,2018-01-24 11:38:42.369,1.5930959999999998
8224,2018-01-24 11:38:42.469,1.5930959999999998
8225,2018-01-24 11:38:42.569,1.5930959999999998
8226,2018-01-24 11:38:42.669,1.5930959999999998
8227,2018-01-24 11:38:42.769,1.5930959999999998
8228,2018-01-24 11:38:42.869,1.5930959999999998
8229,2018-01-24 11:38:42.969,1.5930959999999998
8230,2018-01-24 11:38:43.069,1.5930959999999998
8231,2018-01-24 11:38:43.169,1.5930959999999998
8232,2018-01-24 11:38:43.269,1.548969
8233,2018-01-24 11:38:43.369,1.548969
8234,2018-01-24 11:38:43.469,1.548969
8235,2018-01-24 11:38:43.569,1.548969
8236,2018-01-24 11:38:43.670,1.548969
8237,2018-01-24 11:38:43.770,1.548969
8238,2018-01-24 11:38:43.870,1.548969
8239,2018-01-24 11:38:43.970,1.548969
8240,2018-01-24 11:38:44.071,1.548969
8241,2018-01-24 11:38:44.170,1.548969
8242,2018-01-24 11:38:44.270,1.501997
8243,2018-01-24 11:38:44.370,1.501997
8244,2018-01-24 11:38:44.470,1.501997
8245,2018-01-24 11:38:44.570,1.501997
8246,2018-01-24 11:38:44.670,1.501997
8247,2018-01-24 11:38:44.770,1.501997
8248,2018-01-24 11:38:44.870,1.501997
8249,2018-01-24 11:38:44.970,1.501997
8250,2018-01-24 11:38:45.070,1.501997
8251,2018-01-24 11:38:45.170,1.501997
8252,2018-01-24 11:38:45.270,1.434581
8253,2018-01-24 11:38:45.370,1.434581
8254,2018-01-24 11:38:45.470,1.434581
8255,2018-01-24 11:38:45.570,1.434581
8256,2018-01-24 11:38:45.668,1.434581
8257,2018-01-24 11:38:45.768,1.434581
8258,2018-01-24 11:38:45.868,1.434581
8259,2018-01-24 11:38:45.968,1.434581
8260,2018-01-24 11:38:46.069,1.434581
8261,2018-01-24 11:38:46.168,1.434581
8262,2018-01-24 11:38:46.269,1.299461
8263,2018-01-24 11:38:46.368,1.299461
8264,2018-01-24 11:38:46.468,1.299461
8265,2018-01-24 11:38:46.569,1.299461
8266,2018-01-24 11:38:46.668,1.299461
8267,2018-01-24 11:38:46.769,1.299461
8268,2018-01-24 11:38:46.869,1.299461
8269,2018-01-24 11:38:46.969,1.299461
8270,2018-01-24 11:38:47.069,1.299461
8271,2018-01-24 11:38:47.169,1.299461
8272,2018-01-24 11:38:47.269,1.299461
8273,2018-01-24 11:38:47.369,1.083726
8274,2018-01-24 11:38:47.469,1.083726
8275,2018-01-24 11:38:47.569,1.083726
8276,2018-01-24 11:38:47.669,1.083726
8277,2018-01-24 11:38:47.769,1.083726
8278,2018-01-24 11:38:47.869,1.083726
8279,2018-01-24 11:38:47.969,1.083726
8280,2018-01-24 11:38:48.069,1.083726
8281,2018-01-24 11:38:48.169,1.083726
8282,2018-01-24 11:38:48.269,1.083726
8283,2018-01-24 11:38:48.369,0.938836
8284,2018-01-24 11:38:48.469,0.938836
8285,2018-01-24 11:38:48.570,0.938836
8286,2018-01-24 11:38:48.669,0.938836
8287,2018-01-24 11:38:48.769,0.938836
8288,2018-01-24 11:38:48.870,0.938836
8289,2018-01-24 11:38:48.969,0.938836
8290,2018-01-24 11:38:49.069,0.938836
8291,2018-01-24 11:38:49.169,0.938836
8292,2018-01-24 11:38:49.269,0.97655
8293,2018-01-24 11:38:49.369,0.97655
8294,2018-01-24 11:38:49.469,0.97655
8295,2018-01-24 11:38:49.569,0.97655
8296,2018-01-24 11:38:49.669,0.97655
8297,2018-01-24 11:38:49.770,0.97655
8298,2018-01-24 11:38:49.871,0.97655
8299,2018-01-24 11:38:49.970,0.97655
8300,2018-01-24 11:38:50.070,0.97655
8301,2018-01-24 11:38:50.170,0.97655
8302,2018-01-24 11:38:50.271,1.254384
8303,2018-01-24 11:38:50.371,1.254384
8304,2018-01-24 11:38:50.470,1.254384
8305,2018-01-24 11:38:50.570,1.254384
8306,2018-01-24 11:38:50.669,1.254384
8307,2018-01-24 11:38:50.769,1.254384
8308,2018-01-24 11:38:50.870,1.254384
8309,2018-01-24 11:38:50.970,1.254384
8310,2018-01-24 11:38:51.069,1.254384
8311,2018-01-24 11:38:51.169,1.254384
8312,2018-01-24 11:38:51.269,1.254384
8313,2018-01-24 11:38:51.369,1.594571
8314,2018-01-24 11:38:51.469,1.594571
8315,2018-01-24 11:38:51.569,1.594571
8316,2018-01-24 11:38:51.669,1.594571
8317,2018-01-24 11:38:51.769,1.594571
8318,2018-01-24 11:38:51.869,1.594571
8319,2018-01-24 11:38:51.970,1.594571
8320,2018-01-24 11:38:52.069,1.594571
8321,2018-01-24 11:38:52.169,1.594571
8322,2018-01-24 11:38:52.269,1.594571
8323,2018-01-24 11:38:52.369,1.7334109999999998
8324,2018-01-24 11:38:52.470,1.7334109999999998
8325,2018-01-24 11:38:52.569,1.7334109999999998
8326,2018-01-24 11:38:52.671,1.7334109999999998
8327,2018-01-24 11:38:52.770,1.7334109999999998
8328,2018-01-24 11:38:52.871,1.7334109999999998
8329,2018-01-24 11:38:52.970,1.7334109999999998
8330,2018-01-24 11:38:53.070,1.7334109999999998
8331,2018-01-24 11:38:53.170,1.7334109999999998
8332,2018-01-24 11:38:53.270,1.5889209999999998
8333,2018-01-24 11:38:53.370,1.5889209999999998
8334,2018-01-24 11:38:53.470,1.5889209999999998
8335,2018-01-24 11:38:53.570,1.5889209999999998
8336,2018-01-24 11:38:53.670,1.5889209999999998
8337,2018-01-24 11:38:53.770,1.5889209999999998
8338,2018-01-24 11:38:53.870,1.5889209999999998
8339,2018-01-24 11:38:53.970,1.5889209999999998
8340,2018-01-24 11:38:54.071,1.5889209999999998
8341,2018-01-24 11:38:54.170,1.5889209999999998
8342,2018-01-24 11:38:54.270,1.233274
8343,2018-01-24 11:38:54.370,1.233274
8344,2018-01-24 11:38:54.471,1.233274
8345,2018-01-24 11:38:54.570,1.233274
8346,2018-01-24 11:38:54.671,1.233274
8347,2018-01-24 11:38:54.770,1.233274
8348,2018-01-24 11:38:54.870,1.233274
8349,2018-01-24 11:38:54.971,1.233274
8350,2018-01-24 11:38:55.070,1.233274
8351,2018-01-24 11:38:55.170,1.233274
8352,2018-01-24 11:38:55.270,1.233274
8353,2018-01-24 11:38:55.370,0.8584780000000001
8354,2018-01-24 11:38:55.470,0.8584780000000001
8355,2018-01-24 11:38:55.570,0.8584780000000001
8356,2018-01-24 11:38:55.669,0.8584780000000001
8357,2018-01-24 11:38:55.769,0.8584780000000001
8358,2018-01-24 11:38:55.869,0.8584780000000001
8359,2018-01-24 11:38:55.969,0.8584780000000001
8360,2018-01-24 11:38:56.069,0.8584780000000001
8361,2018-01-24 11:38:56.169,0.8584780000000001
8362,2018-01-24 11:38:56.269,0.8040569999999999
8363,2018-01-24 11:38:56.370,0.8040569999999999
8364,2018-01-24 11:38:56.470,0.8040569999999999
8365,2018-01-24 11:38:56.570,0.8040569999999999
8366,2018-01-24 11:38:56.670,0.8040569999999999
8367,2018-01-24 11:38:56.769,0.8040569999999999
8368,2018-01-24 11:38:56.869,0.8040569999999999
8369,2018-01-24 11:38:56.969,0.8040569999999999
8370,2018-01-24 11:38:57.069,0.8040569999999999
8371,2018-01-24 11:38:57.169,0.8040569999999999
8372,2018-01-24 11:38:57.269,1.067834
8373,2018-01-24 11:38:57.369,1.067834
8374,2018-01-24 11:38:57.469,1.067834
8375,2018-01-24 11:38:57.569,1.067834
8376,2018-01-24 11:38:57.669,1.067834
8377,2018-01-24 11:38:57.769,1.067834
8378,2018-01-24 11:38:57.869,1.067834
8379,2018-01-24 11:38:57.969,1.067834
8380,2018-01-24 11:38:58.070,1.067834
8381,2018-01-24 11:38:58.169,1.067834
8382,2018-01-24 11:38:58.269,1.067834
8383,2018-01-24 11:38:58.369,1.4618209999999998
8384,2018-01-24 11:38:58.469,1.4618209999999998
8385,2018-01-24 11:38:58.569,1.4618209999999998
8386,2018-01-24 11:38:58.671,1.4618209999999998
8387,2018-01-24 11:38:58.771,1.4618209999999998
8388,2018-01-24 11:38:58.870,1.4618209999999998
8389,2018-01-24 11:38:58.970,1.4618209999999998
8390,2018-01-24 11:38:59.070,1.4618209999999998
8391,2018-01-24 11:38:59.170,1.4618209999999998
8392,2018-01-24 11:38:59.270,1.4618209999999998
8393,2018-01-24 11:38:59.370,1.751463
8394,2018-01-24 11:38:59.470,1.751463
8395,2018-01-24 11:38:59.570,1.751463
8396,2018-01-24 11:38:59.670,1.751463
8397,2018-01-24 11:38:59.770,1.751463
8398,2018-01-24 11:38:59.870,1.751463
8399,2018-01-24 11:38:59.970,1.751463
8400,2018-01-24 11:39:00.071,1.751463
8401,2018-01-24 11:39:00.171,1.751463
8402,2018-01-24 11:39:00.271,1.7357470000000002
8403,2018-01-24 11:39:00.371,1.7357470000000002
8404,2018-01-24 11:39:00.470,1.7357470000000002
8405,2018-01-24 11:39:00.570,1.7357470000000002
8406,2018-01-24 11:39:00.669,1.7357470000000002
8407,2018-01-24 11:39:00.769,1.7357470000000002
8408,2018-01-24 11:39:00.869,1.7357470000000002
8409,2018-01-24 11:39:00.969,1.7357470000000002
8410,2018-01-24 11:39:01.069,1.7357470000000002
8411,2018-01-24 11:39:01.169,1.7357470000000002
8412,2018-01-24 11:39:01.269,1.7357470000000002
8413,2018-01-24 11:39:01.369,1.417769
8414,2018-01-24 11:39:01.469,1.417769
8415,2018-01-24 11:39:01.569,1.417769
8416,2018-01-24 11:39:01.669,1.417769
8417,2018-01-24 11:39:01.770,1.417769
8418,2018-01-24 11:39:01.870,1.417769
8419,2018-01-24 11:39:01.970,1.417769
8420,2018-01-24 11:39:02.070,1.417769
8421,2018-01-24 11:39:02.171,1.417769
8422,2018-01-24 11:39:02.270,1.417769
8423,2018-01-24 11:39:02.371,0.9237569999999999
8424,2018-01-24 11:39:02.470,0.9237569999999999
8425,2018-01-24 11:39:02.570,0.9237569999999999
8426,2018-01-24 11:39:02.670,0.9237569999999999
8427,2018-01-24 11:39:02.770,0.9237569999999999
8428,2018-01-24 11:39:02.871,0.9237569999999999
8429,2018-01-24 11:39:02.970,0.9237569999999999
8430,2018-01-24 11:39:03.070,0.9237569999999999
8431,2018-01-24 11:39:03.170,0.9237569999999999
8432,2018-01-24 11:39:03.270,0.469629
8433,2018-01-24 11:39:03.370,0.469629
8434,2018-01-24 11:39:03.470,0.469629
8435,2018-01-24 11:39:03.570,0.469629
8436,2018-01-24 11:39:03.670,0.469629
8437,2018-01-24 11:39:03.770,0.469629
8438,2018-01-24 11:39:03.870,0.469629
8439,2018-01-24 11:39:03.970,0.469629
8440,2018-01-24 11:39:04.070,0.469629
8441,2018-01-24 11:39:04.170,0.469629
8442,2018-01-24 11:39:04.270,0.469629
8443,2018-01-24 11:39:04.370,0.25297
8444,2018-01-24 11:39:04.470,0.25297
8445,2018-01-24 11:39:04.571,0.25297
8446,2018-01-24 11:39:04.670,0.25297
8447,2018-01-24 11:39:04.771,0.25297
8448,2018-01-24 11:39:04.872,0.25297
8449,2018-01-24 11:39:04.971,0.25297
8450,2018-01-24 11:39:05.071,0.25297
8451,2018-01-24 11:39:05.171,0.25297
8452,2018-01-24 11:39:05.271,0.334254
8453,2018-01-24 11:39:05.371,0.334254
8454,2018-01-24 11:39:05.471,0.334254
8455,2018-01-24 11:39:05.571,0.334254
8456,2018-01-24 11:39:05.669,0.334254
8457,2018-01-24 11:39:05.769,0.334254
8458,2018-01-24 11:39:05.869,0.334254
8459,2018-01-24 11:39:05.969,0.334254
8460,2018-01-24 11:39:06.070,0.334254
8461,2018-01-24 11:39:06.169,0.334254
8462,2018-01-24 11:39:06.270,0.545823
8463,2018-01-24 11:39:06.370,0.545823
8464,2018-01-24 11:39:06.469,0.545823
8465,2018-01-24 11:39:06.569,0.545823
8466,2018-01-24 11:39:06.669,0.545823
8467,2018-01-24 11:39:06.769,0.545823
8468,2018-01-24 11:39:06.869,0.545823
8469,2018-01-24 11:39:06.969,0.545823
8470,2018-01-24 11:39:07.069,0.545823
8471,2018-01-24 11:39:07.169,0.545823
8472,2018-01-24 11:39:07.269,0.699244
8473,2018-01-24 11:39:07.369,0.699244
8474,2018-01-24 11:39:07.469,0.699244
8475,2018-01-24 11:39:07.569,0.699244
8476,2018-01-24 11:39:07.669,0.699244
8477,2018-01-24 11:39:07.770,0.699244
8478,2018-01-24 11:39:07.870,0.699244
8479,2018-01-24 11:39:07.970,0.699244
8480,2018-01-24 11:39:08.070,0.699244
8481,2018-01-24 11:39:08.170,0.699244
8482,2018-01-24 11:39:08.270,0.7270300000000001
8483,2018-01-24 11:39:08.370,0.7270300000000001
8484,2018-01-24 11:39:08.470,0.7270300000000001
8485,2018-01-24 11:39:08.570,0.7270300000000001
8486,2018-01-24 11:39:08.671,0.7270300000000001
8487,2018-01-24 11:39:08.771,0.7270300000000001
8488,2018-01-24 11:39:08.870,0.7270300000000001
8489,2018-01-24 11:39:08.970,0.7270300000000001
8490,2018-01-24 11:39:09.070,0.7270300000000001
8491,2018-01-24 11:39:09.170,0.7270300000000001
8492,2018-01-24 11:39:09.270,0.7270300000000001
8493,2018-01-24 11:39:09.370,0.694966
8494,2018-01-24 11:39:09.470,0.694966
8495,2018-01-24 11:39:09.570,0.694966
8496,2018-01-24 11:39:09.670,0.694966
8497,2018-01-24 11:39:09.770,0.694966
8498,2018-01-24 11:39:09.870,0.694966
8499,2018-01-24 11:39:09.970,0.694966
8500,2018-01-24 11:39:10.070,0.694966
8501,2018-01-24 11:39:10.170,0.694966
8502,2018-01-24 11:39:10.270,0.580766
8503,2018-01-24 11:39:10.370,0.580766
8504,2018-01-24 11:39:10.471,0.580766
8505,2018-01-24 11:39:10.570,0.580766
8506,2018-01-24 11:39:10.671,0.580766
8507,2018-01-24 11:39:10.770,0.580766
8508,2018-01-24 11:39:10.870,0.580766
8509,2018-01-24 11:39:10.970,0.580766
8510,2018-01-24 11:39:11.070,0.580766
8511,2018-01-24 11:39:11.170,0.580766
8512,2018-01-24 11:39:11.270,0.45431499999999997
8513,2018-01-24 11:39:11.370,0.45431499999999997
8514,2018-01-24 11:39:11.470,0.45431499999999997
8515,2018-01-24 11:39:11.570,0.45431499999999997
8516,2018-01-24 11:39:11.670,0.45431499999999997
8517,2018-01-24 11:39:11.770,0.45431499999999997
8518,2018-01-24 11:39:11.870,0.45431499999999997
8519,2018-01-24 11:39:11.970,0.45431499999999997
8520,2018-01-24 11:39:12.070,0.45431499999999997
8521,2018-01-24 11:39:12.171,0.45431499999999997
8522,2018-01-24 11:39:12.270,0.316578
8523,2018-01-24 11:39:12.370,0.316578
8524,2018-01-24 11:39:12.470,0.316578
8525,2018-01-24 11:39:12.570,0.316578
8526,2018-01-24 11:39:12.671,0.316578
8527,2018-01-24 11:39:12.770,0.316578
8528,2018-01-24 11:39:12.871,0.316578
8529,2018-01-24 11:39:12.971,0.316578
8530,2018-01-24 11:39:13.070,0.316578
8531,2018-01-24 11:39:13.170,0.316578
8532,2018-01-24 11:39:13.270,0.218027
8533,2018-01-24 11:39:13.370,0.218027
8534,2018-01-24 11:39:13.470,0.218027
8535,2018-01-24 11:39:13.571,0.218027
8536,2018-01-24 11:39:13.670,0.218027
8537,2018-01-24 11:39:13.771,0.218027
8538,2018-01-24 11:39:13.871,0.218027
8539,2018-01-24 11:39:13.971,0.218027
8540,2018-01-24 11:39:14.072,0.218027
8541,2018-01-24 11:39:14.171,0.218027
8542,2018-01-24 11:39:14.271,0.21611100000000005
8543,2018-01-24 11:39:14.372,0.21611100000000005
8544,2018-01-24 11:39:14.471,0.21611100000000005
8545,2018-01-24 11:39:14.572,0.21611100000000005
8546,2018-01-24 11:39:14.671,0.21611100000000005
8547,2018-01-24 11:39:14.771,0.21611100000000005
8548,2018-01-24 11:39:14.872,0.21611100000000005
8549,2018-01-24 11:39:14.971,0.21611100000000005
8550,2018-01-24 11:39:15.071,0.21611100000000005
8551,2018-01-24 11:39:15.171,0.21611100000000005
8552,2018-01-24 11:39:15.271,0.378681
8553,2018-01-24 11:39:15.371,0.378681
8554,2018-01-24 11:39:15.471,0.378681
8555,2018-01-24 11:39:15.571,0.378681
8556,2018-01-24 11:39:15.668,0.378681
8557,2018-01-24 11:39:15.768,0.378681
8558,2018-01-24 11:39:15.868,0.378681
8559,2018-01-24 11:39:15.968,0.378681
8560,2018-01-24 11:39:16.068,0.378681
8561,2018-01-24 11:39:16.169,0.378681
8562,2018-01-24 11:39:16.269,0.6616059999999999
8563,2018-01-24 11:39:16.369,0.6616059999999999
8564,2018-01-24 11:39:16.468,0.6616059999999999
8565,2018-01-24 11:39:16.568,0.6616059999999999
8566,2018-01-24 11:39:16.668,0.6616059999999999
8567,2018-01-24 11:39:16.769,0.6616059999999999
8568,2018-01-24 11:39:16.870,0.6616059999999999
8569,2018-01-24 11:39:16.969,0.6616059999999999
8570,2018-01-24 11:39:17.070,0.6616059999999999
8571,2018-01-24 11:39:17.169,0.6616059999999999
8572,2018-01-24 11:39:17.269,0.6616059999999999
8573,2018-01-24 11:39:17.369,0.9463729999999999
8574,2018-01-24 11:39:17.469,0.9463729999999999
8575,2018-01-24 11:39:17.569,0.9463729999999999
8576,2018-01-24 11:39:17.669,0.9463729999999999
8577,2018-01-24 11:39:17.769,0.9463729999999999
8578,2018-01-24 11:39:17.869,0.9463729999999999
8579,2018-01-24 11:39:17.969,0.9463729999999999
8580,2018-01-24 11:39:18.069,0.9463729999999999
8581,2018-01-24 11:39:18.169,0.9463729999999999
8582,2018-01-24 11:39:18.270,1.094991
8583,2018-01-24 11:39:18.370,1.094991
8584,2018-01-24 11:39:18.469,1.094991
8585,2018-01-24 11:39:18.569,1.094991
8586,2018-01-24 11:39:18.670,1.094991
8587,2018-01-24 11:39:18.769,1.094991
8588,2018-01-24 11:39:18.869,1.094991
8589,2018-01-24 11:39:18.969,1.094991
8590,2018-01-24 11:39:19.069,1.094991
8591,2018-01-24 11:39:19.169,1.094991
8592,2018-01-24 11:39:19.269,1.129893
8593,2018-01-24 11:39:19.369,1.129893
8594,2018-01-24 11:39:19.469,1.129893
8595,2018-01-24 11:39:19.569,1.129893
8596,2018-01-24 11:39:19.669,1.129893
8597,2018-01-24 11:39:19.769,1.129893
8598,2018-01-24 11:39:19.870,1.129893
8599,2018-01-24 11:39:19.970,1.129893
8600,2018-01-24 11:39:20.071,1.129893
8601,2018-01-24 11:39:20.170,1.129893
8602,2018-01-24 11:39:20.271,1.129893
8603,2018-01-24 11:39:20.371,1.086021
8604,2018-01-24 11:39:20.470,1.086021
8605,2018-01-24 11:39:20.571,1.086021
8606,2018-01-24 11:39:20.669,1.086021
8607,2018-01-24 11:39:20.769,1.086021
8608,2018-01-24 11:39:20.869,1.086021
8609,2018-01-24 11:39:20.970,1.086021
8610,2018-01-24 11:39:21.069,1.086021
8611,2018-01-24 11:39:21.169,1.086021
8612,2018-01-24 11:39:21.269,1.098529
8613,2018-01-24 11:39:21.369,1.098529
8614,2018-01-24 11:39:21.469,1.098529
8615,2018-01-24 11:39:21.569,1.098529
8616,2018-01-24 11:39:21.669,1.098529
8617,2018-01-24 11:39:21.769,1.098529
8618,2018-01-24 11:39:21.869,1.098529
8619,2018-01-24 11:39:21.969,1.098529
8620,2018-01-24 11:39:22.069,1.098529
8621,2018-01-24 11:39:22.170,1.098529
8622,2018-01-24 11:39:22.270,1.098529
8623,2018-01-24 11:39:22.369,1.230731
8624,2018-01-24 11:39:22.469,1.230731
8625,2018-01-24 11:39:22.570,1.230731
8626,2018-01-24 11:39:22.670,1.230731
8627,2018-01-24 11:39:22.769,1.230731
8628,2018-01-24 11:39:22.871,1.230731
8629,2018-01-24 11:39:22.970,1.230731
8630,2018-01-24 11:39:23.071,1.230731
8631,2018-01-24 11:39:23.170,1.230731
8632,2018-01-24 11:39:23.270,1.507495
8633,2018-01-24 11:39:23.370,1.507495
8634,2018-01-24 11:39:23.470,1.507495
8635,2018-01-24 11:39:23.570,1.507495
8636,2018-01-24 11:39:23.670,1.507495
8637,2018-01-24 11:39:23.770,1.507495
8638,2018-01-24 11:39:23.870,1.507495
8639,2018-01-24 11:39:23.970,1.507495
8640,2018-01-24 11:39:24.070,1.507495
8641,2018-01-24 11:39:24.170,1.507495
8642,2018-01-24 11:39:24.270,1.786731
8643,2018-01-24 11:39:24.370,1.786731
8644,2018-01-24 11:39:24.471,1.786731
8645,2018-01-24 11:39:24.570,1.786731
8646,2018-01-24 11:39:24.670,1.786731
8647,2018-01-24 11:39:24.771,1.786731
8648,2018-01-24 11:39:24.870,1.786731
8649,2018-01-24 11:39:24.970,1.786731
8650,2018-01-24 11:39:25.070,1.786731
8651,2018-01-24 11:39:25.170,1.786731
8652,2018-01-24 11:39:25.270,1.873108
8653,2018-01-24 11:39:25.370,1.873108
8654,2018-01-24 11:39:25.470,1.873108
8655,2018-01-24 11:39:25.570,1.873108
8656,2018-01-24 11:39:25.668,1.873108
8657,2018-01-24 11:39:25.769,1.873108
8658,2018-01-24 11:39:25.869,1.873108
8659,2018-01-24 11:39:25.969,1.873108
8660,2018-01-24 11:39:26.070,1.873108
8661,2018-01-24 11:39:26.169,1.873108
8662,2018-01-24 11:39:26.269,1.83016
8663,2018-01-24 11:39:26.370,1.83016
8664,2018-01-24 11:39:26.469,1.83016
8665,2018-01-24 11:39:26.569,1.83016
8666,2018-01-24 11:39:26.670,1.83016
8667,2018-01-24 11:39:26.769,1.83016
8668,2018-01-24 11:39:26.869,1.83016
8669,2018-01-24 11:39:26.970,1.83016
8670,2018-01-24 11:39:27.069,1.83016
8671,2018-01-24 11:39:27.169,1.83016
8672,2018-01-24 11:39:27.269,1.748618
8673,2018-01-24 11:39:27.369,1.748618
8674,2018-01-24 11:39:27.469,1.748618
8675,2018-01-24 11:39:27.569,1.748618
8676,2018-01-24 11:39:27.669,1.748618
8677,2018-01-24 11:39:27.769,1.748618
8678,2018-01-24 11:39:27.869,1.748618
8679,2018-01-24 11:39:27.969,1.748618
8680,2018-01-24 11:39:28.069,1.748618
8681,2018-01-24 11:39:28.170,1.748618
8682,2018-01-24 11:39:28.270,1.6783279999999998
8683,2018-01-24 11:39:28.369,1.6783279999999998
8684,2018-01-24 11:39:28.470,1.6783279999999998
8685,2018-01-24 11:39:28.570,1.6783279999999998
8686,2018-01-24 11:39:28.670,1.6783279999999998
8687,2018-01-24 11:39:28.769,1.6783279999999998
8688,2018-01-24 11:39:28.870,1.6783279999999998
8689,2018-01-24 11:39:28.970,1.6783279999999998
8690,2018-01-24 11:39:29.070,1.6783279999999998
8691,2018-01-24 11:39:29.171,1.6783279999999998
8692,2018-01-24 11:39:29.270,1.6928279999999998
8693,2018-01-24 11:39:29.370,1.6928279999999998
8694,2018-01-24 11:39:29.470,1.6928279999999998
8695,2018-01-24 11:39:29.570,1.6928279999999998
8696,2018-01-24 11:39:29.670,1.6928279999999998
8697,2018-01-24 11:39:29.770,1.6928279999999998
8698,2018-01-24 11:39:29.870,1.6928279999999998
8699,2018-01-24 11:39:29.970,1.6928279999999998
8700,2018-01-24 11:39:30.070,1.6928279999999998
8701,2018-01-24 11:39:30.170,1.6928279999999998
8702,2018-01-24 11:39:30.271,1.6928279999999998
8703,2018-01-24 11:39:30.371,1.689988
8704,2018-01-24 11:39:30.470,1.689988
8705,2018-01-24 11:39:30.570,1.689988
8706,2018-01-24 11:39:30.669,1.689988
8707,2018-01-24 11:39:30.769,1.689988
8708,2018-01-24 11:39:30.869,1.689988
8709,2018-01-24 11:39:30.969,1.689988
8710,2018-01-24 11:39:31.069,1.689988
8711,2018-01-24 11:39:31.169,1.689988
8712,2018-01-24 11:39:31.269,1.689988
8713,2018-01-24 11:39:31.369,1.616971
8714,2018-01-24 11:39:31.469,1.616971
8715,2018-01-24 11:39:31.569,1.616971
8716,2018-01-24 11:39:31.669,1.616971
8717,2018-01-24 11:39:31.769,1.616971
8718,2018-01-24 11:39:31.870,1.616971
8719,2018-01-24 11:39:31.970,1.616971
8720,2018-01-24 11:39:32.070,1.616971
8721,2018-01-24 11:39:32.170,1.616971
8722,2018-01-24 11:39:32.270,1.616971
8723,2018-01-24 11:39:32.370,1.554838
8724,2018-01-24 11:39:32.470,1.554838
8725,2018-01-24 11:39:32.570,1.554838
8726,2018-01-24 11:39:32.670,1.554838
8727,2018-01-24 11:39:32.770,1.554838
8728,2018-01-24 11:39:32.870,1.554838
8729,2018-01-24 11:39:32.970,1.554838
8730,2018-01-24 11:39:33.070,1.554838
8731,2018-01-24 11:39:33.170,1.554838
8732,2018-01-24 11:39:33.270,1.554838
8733,2018-01-24 11:39:33.370,1.560522
8734,2018-01-24 11:39:33.470,1.560522
8735,2018-01-24 11:39:33.570,1.560522
8736,2018-01-24 11:39:33.670,1.560522
8737,2018-01-24 11:39:33.770,1.560522
8738,2018-01-24 11:39:33.870,1.560522
8739,2018-01-24 11:39:33.970,1.560522
8740,2018-01-24 11:39:34.071,1.560522
8741,2018-01-24 11:39:34.170,1.560522
8742,2018-01-24 11:39:34.270,1.619558
8743,2018-01-24 11:39:34.370,1.619558
8744,2018-01-24 11:39:34.470,1.619558
8745,2018-01-24 11:39:34.570,1.619558
8746,2018-01-24 11:39:34.670,1.619558
8747,2018-01-24 11:39:34.771,1.619558
8748,2018-01-24 11:39:34.870,1.619558
8749,2018-01-24 11:39:34.971,1.619558
8750,2018-01-24 11:39:35.071,1.619558
8751,2018-01-24 11:39:35.171,1.619558
8752,2018-01-24 11:39:35.271,1.6488909999999999
8753,2018-01-24 11:39:35.371,1.6488909999999999
8754,2018-01-24 11:39:35.471,1.6488909999999999
8755,2018-01-24 11:39:35.571,1.6488909999999999
8756,2018-01-24 11:39:35.669,1.6488909999999999
8757,2018-01-24 11:39:35.769,1.6488909999999999
8758,2018-01-24 11:39:35.869,1.6488909999999999
8759,2018-01-24 11:39:35.969,1.6488909999999999
8760,2018-01-24 11:39:36.069,1.6488909999999999
8761,2018-01-24 11:39:36.169,1.6488909999999999
8762,2018-01-24 11:39:36.270,1.6488909999999999
8763,2018-01-24 11:39:36.369,1.5815540000000001
8764,2018-01-24 11:39:36.469,1.5815540000000001
8765,2018-01-24 11:39:36.570,1.5815540000000001
8766,2018-01-24 11:39:36.669,1.5815540000000001
8767,2018-01-24 11:39:36.769,1.5815540000000001
8768,2018-01-24 11:39:36.869,1.5815540000000001
8769,2018-01-24 11:39:36.970,1.5815540000000001
8770,2018-01-24 11:39:37.070,1.5815540000000001
8771,2018-01-24 11:39:37.169,1.5815540000000001
8772,2018-01-24 11:39:37.270,1.455993
8773,2018-01-24 11:39:37.369,1.455993
8774,2018-01-24 11:39:37.469,1.455993
8775,2018-01-24 11:39:37.569,1.455993
8776,2018-01-24 11:39:37.669,1.455993
8777,2018-01-24 11:39:37.769,1.455993
8778,2018-01-24 11:39:37.870,1.455993
8779,2018-01-24 11:39:37.971,1.455993
8780,2018-01-24 11:39:38.070,1.455993
8781,2018-01-24 11:39:38.170,1.455993
8782,2018-01-24 11:39:38.270,1.387623
8783,2018-01-24 11:39:38.371,1.387623
8784,2018-01-24 11:39:38.470,1.387623
8785,2018-01-24 11:39:38.570,1.387623
8786,2018-01-24 11:39:38.670,1.387623
8787,2018-01-24 11:39:38.771,1.387623
8788,2018-01-24 11:39:38.871,1.387623
8789,2018-01-24 11:39:38.971,1.387623
8790,2018-01-24 11:39:39.070,1.387623
8791,2018-01-24 11:39:39.170,1.387623
8792,2018-01-24 11:39:39.270,1.372422
8793,2018-01-24 11:39:39.370,1.372422
8794,2018-01-24 11:39:39.470,1.372422
8795,2018-01-24 11:39:39.570,1.372422
8796,2018-01-24 11:39:39.670,1.372422
8797,2018-01-24 11:39:39.770,1.372422
8798,2018-01-24 11:39:39.870,1.372422
8799,2018-01-24 11:39:39.970,1.372422
8800,2018-01-24 11:39:40.070,1.372422
8801,2018-01-24 11:39:40.171,1.372422
8802,2018-01-24 11:39:40.271,1.3988040000000002
8803,2018-01-24 11:39:40.370,1.3988040000000002
8804,2018-01-24 11:39:40.471,1.3988040000000002
8805,2018-01-24 11:39:40.571,1.3988040000000002
8806,2018-01-24 11:39:40.669,1.3988040000000002
8807,2018-01-24 11:39:40.769,1.3988040000000002
8808,2018-01-24 11:39:40.869,1.3988040000000002
8809,2018-01-24 11:39:40.970,1.3988040000000002
8810,2018-01-24 11:39:41.071,1.3988040000000002
8811,2018-01-24 11:39:41.170,1.3988040000000002
8812,2018-01-24 11:39:41.270,1.3988040000000002
8813,2018-01-24 11:39:41.370,1.462638
8814,2018-01-24 11:39:41.470,1.462638
8815,2018-01-24 11:39:41.570,1.462638
8816,2018-01-24 11:39:41.670,1.462638
8817,2018-01-24 11:39:41.770,1.462638
8818,2018-01-24 11:39:41.870,1.462638
8819,2018-01-24 11:39:41.970,1.462638
8820,2018-01-24 11:39:42.071,1.462638
8821,2018-01-24 11:39:42.170,1.462638
8822,2018-01-24 11:39:42.270,1.5747309999999999
8823,2018-01-24 11:39:42.370,1.5747309999999999
8824,2018-01-24 11:39:42.470,1.5747309999999999
8825,2018-01-24 11:39:42.570,1.5747309999999999
8826,2018-01-24 11:39:42.671,1.5747309999999999
8827,2018-01-24 11:39:42.771,1.5747309999999999
8828,2018-01-24 11:39:42.870,1.5747309999999999
8829,2018-01-24 11:39:42.970,1.5747309999999999
8830,2018-01-24 11:39:43.070,1.5747309999999999
8831,2018-01-24 11:39:43.170,1.5747309999999999
8832,2018-01-24 11:39:43.270,1.7078529999999998
8833,2018-01-24 11:39:43.370,1.7078529999999998
8834,2018-01-24 11:39:43.470,1.7078529999999998
8835,2018-01-24 11:39:43.570,1.7078529999999998
8836,2018-01-24 11:39:43.670,1.7078529999999998
8837,2018-01-24 11:39:43.770,1.7078529999999998
8838,2018-01-24 11:39:43.870,1.7078529999999998
8839,2018-01-24 11:39:43.971,1.7078529999999998
8840,2018-01-24 11:39:44.071,1.7078529999999998
8841,2018-01-24 11:39:44.171,1.7078529999999998
8842,2018-01-24 11:39:44.271,1.900968
8843,2018-01-24 11:39:44.371,1.900968
8844,2018-01-24 11:39:44.471,1.900968
8845,2018-01-24 11:39:44.571,1.900968
8846,2018-01-24 11:39:44.671,1.900968
8847,2018-01-24 11:39:44.772,1.900968
8848,2018-01-24 11:39:44.871,1.900968
8849,2018-01-24 11:39:44.971,1.900968
8850,2018-01-24 11:39:45.071,1.900968
8851,2018-01-24 11:39:45.171,1.900968
8852,2018-01-24 11:39:45.271,2.080505
8853,2018-01-24 11:39:45.371,2.080505
8854,2018-01-24 11:39:45.471,2.080505
8855,2018-01-24 11:39:45.571,2.080505
8856,2018-01-24 11:39:45.669,2.080505
8857,2018-01-24 11:39:45.769,2.080505
8858,2018-01-24 11:39:45.869,2.080505
8859,2018-01-24 11:39:45.969,2.080505
8860,2018-01-24 11:39:46.069,2.080505
8861,2018-01-24 11:39:46.169,2.080505
8862,2018-01-24 11:39:46.270,2.18234
8863,2018-01-24 11:39:46.369,2.18234
8864,2018-01-24 11:39:46.470,2.18234
8865,2018-01-24 11:39:46.570,2.18234
8866,2018-01-24 11:39:46.669,2.18234
8867,2018-01-24 11:39:46.769,2.18234
8868,2018-01-24 11:39:46.870,2.18234
8869,2018-01-24 11:39:46.970,2.18234
8870,2018-01-24 11:39:47.071,2.18234
8871,2018-01-24 11:39:47.170,2.18234
8872,2018-01-24 11:39:47.270,2.18234
8873,2018-01-24 11:39:47.370,2.13301
8874,2018-01-24 11:39:47.470,2.13301
8875,2018-01-24 11:39:47.570,2.13301
8876,2018-01-24 11:39:47.670,2.13301
8877,2018-01-24 11:39:47.770,2.13301
8878,2018-01-24 11:39:47.870,2.13301
8879,2018-01-24 11:39:47.970,2.13301
8880,2018-01-24 11:39:48.070,2.13301
8881,2018-01-24 11:39:48.170,2.13301
8882,2018-01-24 11:39:48.271,2.064679
8883,2018-01-24 11:39:48.370,2.064679
8884,2018-01-24 11:39:48.470,2.064679
8885,2018-01-24 11:39:48.570,2.064679
8886,2018-01-24 11:39:48.670,2.064679
8887,2018-01-24 11:39:48.771,2.064679
8888,2018-01-24 11:39:48.870,2.064679
8889,2018-01-24 11:39:48.970,2.064679
8890,2018-01-24 11:39:49.071,2.064679
8891,2018-01-24 11:39:49.170,2.064679
8892,2018-01-24 11:39:49.270,2.064679
8893,2018-01-24 11:39:49.370,1.962105
8894,2018-01-24 11:39:49.470,1.962105
8895,2018-01-24 11:39:49.570,1.962105
8896,2018-01-24 11:39:49.670,1.962105
8897,2018-01-24 11:39:49.770,1.962105
8898,2018-01-24 11:39:49.870,1.962105
8899,2018-01-24 11:39:49.971,1.962105
8900,2018-01-24 11:39:50.071,1.962105
8901,2018-01-24 11:39:50.171,1.962105
8902,2018-01-24 11:39:50.271,1.951035
8903,2018-01-24 11:39:50.371,1.951035
8904,2018-01-24 11:39:50.471,1.951035
8905,2018-01-24 11:39:50.572,1.951035
8906,2018-01-24 11:39:50.671,1.951035
8907,2018-01-24 11:39:50.771,1.951035
8908,2018-01-24 11:39:50.870,1.951035
8909,2018-01-24 11:39:50.971,1.951035
8910,2018-01-24 11:39:51.070,1.951035
8911,2018-01-24 11:39:51.170,1.951035
8912,2018-01-24 11:39:51.270,2.08102
8913,2018-01-24 11:39:51.370,2.08102
8914,2018-01-24 11:39:51.470,2.08102
8915,2018-01-24 11:39:51.570,2.08102
8916,2018-01-24 11:39:51.670,2.08102
8917,2018-01-24 11:39:51.770,2.08102
8918,2018-01-24 11:39:51.870,2.08102
8919,2018-01-24 11:39:51.970,2.08102
8920,2018-01-24 11:39:52.070,2.08102
8921,2018-01-24 11:39:52.170,2.08102
8922,2018-01-24 11:39:52.271,2.274062
8923,2018-01-24 11:39:52.370,2.274062
8924,2018-01-24 11:39:52.470,2.274062
8925,2018-01-24 11:39:52.570,2.274062
8926,2018-01-24 11:39:52.671,2.274062
8927,2018-01-24 11:39:52.771,2.274062
8928,2018-01-24 11:39:52.871,2.274062
8929,2018-01-24 11:39:52.972,2.274062
8930,2018-01-24 11:39:53.071,2.274062
8931,2018-01-24 11:39:53.171,2.274062
8932,2018-01-24 11:39:53.271,2.377152
8933,2018-01-24 11:39:53.371,2.377152
8934,2018-01-24 11:39:53.471,2.377152
8935,2018-01-24 11:39:53.571,2.377152
8936,2018-01-24 11:39:53.671,2.377152
8937,2018-01-24 11:39:53.771,2.377152
8938,2018-01-24 11:39:53.871,2.377152
8939,2018-01-24 11:39:53.971,2.377152
8940,2018-01-24 11:39:54.071,2.377152
8941,2018-01-24 11:39:54.171,2.377152
8942,2018-01-24 11:39:54.271,2.242481
8943,2018-01-24 11:39:54.371,2.242481
8944,2018-01-24 11:39:54.472,2.242481
8945,2018-01-24 11:39:54.571,2.242481
8946,2018-01-24 11:39:54.671,2.242481
8947,2018-01-24 11:39:54.772,2.242481
8948,2018-01-24 11:39:54.871,2.242481
8949,2018-01-24 11:39:54.972,2.242481
8950,2018-01-24 11:39:55.072,2.242481
8951,2018-01-24 11:39:55.172,2.242481
8952,2018-01-24 11:39:55.271,1.947161
8953,2018-01-24 11:39:55.371,1.947161
8954,2018-01-24 11:39:55.471,1.947161
8955,2018-01-24 11:39:55.571,1.947161
8956,2018-01-24 11:39:55.669,1.947161
8957,2018-01-24 11:39:55.769,1.947161
8958,2018-01-24 11:39:55.869,1.947161
8959,2018-01-24 11:39:55.969,1.947161
8960,2018-01-24 11:39:56.069,1.947161
8961,2018-01-24 11:39:56.169,1.947161
8962,2018-01-24 11:39:56.270,1.700654
8963,2018-01-24 11:39:56.370,1.700654
8964,2018-01-24 11:39:56.471,1.700654
8965,2018-01-24 11:39:56.570,1.700654
8966,2018-01-24 11:39:56.671,1.700654
8967,2018-01-24 11:39:56.770,1.700654
8968,2018-01-24 11:39:56.870,1.700654
8969,2018-01-24 11:39:56.971,1.700654
8970,2018-01-24 11:39:57.070,1.700654
8971,2018-01-24 11:39:57.170,1.700654
8972,2018-01-24 11:39:57.270,1.700654
8973,2018-01-24 11:39:57.370,1.581918
8974,2018-01-24 11:39:57.470,1.581918
8975,2018-01-24 11:39:57.570,1.581918
8976,2018-01-24 11:39:57.670,1.581918
8977,2018-01-24 11:39:57.770,1.581918
8978,2018-01-24 11:39:57.870,1.581918
8979,2018-01-24 11:39:57.970,1.581918
8980,2018-01-24 11:39:58.070,1.581918
8981,2018-01-24 11:39:58.170,1.581918
8982,2018-01-24 11:39:58.270,1.556678
8983,2018-01-24 11:39:58.371,1.556678
8984,2018-01-24 11:39:58.471,1.556678
8985,2018-01-24 11:39:58.570,1.556678
8986,2018-01-24 11:39:58.670,1.556678
8987,2018-01-24 11:39:58.770,1.556678
8988,2018-01-24 11:39:58.871,1.556678
8989,2018-01-24 11:39:58.970,1.556678
8990,2018-01-24 11:39:59.070,1.556678
8991,2018-01-24 11:39:59.171,1.556678
8992,2018-01-24 11:39:59.271,1.556678
8993,2018-01-24 11:39:59.371,1.595124
8994,2018-01-24 11:39:59.471,1.595124
8995,2018-01-24 11:39:59.571,1.595124
8996,2018-01-24 11:39:59.671,1.595124
8997,2018-01-24 11:39:59.771,1.595124
8998,2018-01-24 11:39:59.871,1.595124
8999,2018-01-24 11:39:59.971,1.595124
9000,2018-01-24 11:40:00.071,1.595124
9001,2018-01-24 11:40:00.171,1.595124
9002,2018-01-24 11:40:00.271,1.595124
9003,2018-01-24 11:40:00.371,1.6855959999999999
9004,2018-01-24 11:40:00.471,1.6855959999999999
9005,2018-01-24 11:40:00.571,1.6855959999999999
9006,2018-01-24 11:40:00.670,1.6855959999999999
9007,2018-01-24 11:40:00.770,1.6855959999999999
9008,2018-01-24 11:40:00.870,1.6855959999999999
9009,2018-01-24 11:40:00.970,1.6855959999999999
9010,2018-01-24 11:40:01.070,1.6855959999999999
9011,2018-01-24 11:40:01.170,1.6855959999999999
9012,2018-01-24 11:40:01.270,1.828906
9013,2018-01-24 11:40:01.370,1.828906
9014,2018-01-24 11:40:01.470,1.828906
9015,2018-01-24 11:40:01.570,1.828906
9016,2018-01-24 11:40:01.670,1.828906
9017,2018-01-24 11:40:01.770,1.828906
9018,2018-01-24 11:40:01.870,1.828906
9019,2018-01-24 11:40:01.970,1.828906
9020,2018-01-24 11:40:02.071,1.828906
9021,2018-01-24 11:40:02.171,1.828906
9022,2018-01-24 11:40:02.271,1.868129
9023,2018-01-24 11:40:02.371,1.868129
9024,2018-01-24 11:40:02.471,1.868129
9025,2018-01-24 11:40:02.571,1.868129
9026,2018-01-24 11:40:02.671,1.868129
9027,2018-01-24 11:40:02.771,1.868129
9028,2018-01-24 11:40:02.871,1.868129
9029,2018-01-24 11:40:02.971,1.868129
9030,2018-01-24 11:40:03.071,1.868129
9031,2018-01-24 11:40:03.171,1.868129
9032,2018-01-24 11:40:03.271,1.7552259999999995
9033,2018-01-24 11:40:03.371,1.7552259999999995
9034,2018-01-24 11:40:03.471,1.7552259999999995
9035,2018-01-24 11:40:03.571,1.7552259999999995
9036,2018-01-24 11:40:03.671,1.7552259999999995
9037,2018-01-24 11:40:03.771,1.7552259999999995
9038,2018-01-24 11:40:03.871,1.7552259999999995
9039,2018-01-24 11:40:03.971,1.7552259999999995
9040,2018-01-24 11:40:04.071,1.7552259999999995
9041,2018-01-24 11:40:04.171,1.7552259999999995
9042,2018-01-24 11:40:04.271,1.7552259999999995
9043,2018-01-24 11:40:04.371,1.473592
9044,2018-01-24 11:40:04.471,1.473592
9045,2018-01-24 11:40:04.571,1.473592
9046,2018-01-24 11:40:04.671,1.473592
9047,2018-01-24 11:40:04.771,1.473592
9048,2018-01-24 11:40:04.871,1.473592
9049,2018-01-24 11:40:04.971,1.473592
9050,2018-01-24 11:40:05.072,1.473592
9051,2018-01-24 11:40:05.172,1.473592
9052,2018-01-24 11:40:05.272,1.473592
9053,2018-01-24 11:40:05.372,1.226899
9054,2018-01-24 11:40:05.472,1.226899
9055,2018-01-24 11:40:05.572,1.226899
9056,2018-01-24 11:40:05.670,1.226899
9057,2018-01-24 11:40:05.770,1.226899
9058,2018-01-24 11:40:05.870,1.226899
9059,2018-01-24 11:40:05.970,1.226899
9060,2018-01-24 11:40:06.070,1.226899
9061,2018-01-24 11:40:06.170,1.226899
9062,2018-01-24 11:40:06.270,1.086948
9063,2018-01-24 11:40:06.370,1.086948
9064,2018-01-24 11:40:06.471,1.086948
9065,2018-01-24 11:40:06.570,1.086948
9066,2018-01-24 11:40:06.671,1.086948
9067,2018-01-24 11:40:06.771,1.086948
9068,2018-01-24 11:40:06.871,1.086948
9069,2018-01-24 11:40:06.970,1.086948
9070,2018-01-24 11:40:07.070,1.086948
9071,2018-01-24 11:40:07.170,1.086948
9072,2018-01-24 11:40:07.270,1.047135
9073,2018-01-24 11:40:07.370,1.047135
9074,2018-01-24 11:40:07.470,1.047135
9075,2018-01-24 11:40:07.570,1.047135
9076,2018-01-24 11:40:07.670,1.047135
9077,2018-01-24 11:40:07.770,1.047135
9078,2018-01-24 11:40:07.870,1.047135
9079,2018-01-24 11:40:07.970,1.047135
9080,2018-01-24 11:40:08.070,1.047135
9081,2018-01-24 11:40:08.171,1.047135
9082,2018-01-24 11:40:08.272,1.090601
9083,2018-01-24 11:40:08.371,1.090601
9084,2018-01-24 11:40:08.471,1.090601
9085,2018-01-24 11:40:08.572,1.090601
9086,2018-01-24 11:40:08.672,1.090601
9087,2018-01-24 11:40:08.771,1.090601
9088,2018-01-24 11:40:08.871,1.090601
9089,2018-01-24 11:40:08.972,1.090601
9090,2018-01-24 11:40:09.071,1.090601
9091,2018-01-24 11:40:09.171,1.090601
9092,2018-01-24 11:40:09.271,1.126985
9093,2018-01-24 11:40:09.371,1.126985
9094,2018-01-24 11:40:09.471,1.126985
9095,2018-01-24 11:40:09.571,1.126985
9096,2018-01-24 11:40:09.671,1.126985
9097,2018-01-24 11:40:09.771,1.126985
9098,2018-01-24 11:40:09.871,1.126985
9099,2018-01-24 11:40:09.971,1.126985
9100,2018-01-24 11:40:10.071,1.126985
9101,2018-01-24 11:40:10.171,1.126985
9102,2018-01-24 11:40:10.271,1.118355
9103,2018-01-24 11:40:10.372,1.118355
9104,2018-01-24 11:40:10.471,1.118355
9105,2018-01-24 11:40:10.571,1.118355
9106,2018-01-24 11:40:10.670,1.118355
9107,2018-01-24 11:40:10.771,1.118355
9108,2018-01-24 11:40:10.870,1.118355
9109,2018-01-24 11:40:10.971,1.118355
9110,2018-01-24 11:40:11.070,1.118355
9111,2018-01-24 11:40:11.171,1.118355
9112,2018-01-24 11:40:11.271,1.06242
9113,2018-01-24 11:40:11.371,1.06242
9114,2018-01-24 11:40:11.471,1.06242
9115,2018-01-24 11:40:11.571,1.06242
9116,2018-01-24 11:40:11.671,1.06242
9117,2018-01-24 11:40:11.771,1.06242
9118,2018-01-24 11:40:11.871,1.06242
9119,2018-01-24 11:40:11.971,1.06242
9120,2018-01-24 11:40:12.071,1.06242
9121,2018-01-24 11:40:12.171,1.06242
9122,2018-01-24 11:40:12.271,1.06242
9123,2018-01-24 11:40:12.371,0.988184
9124,2018-01-24 11:40:12.471,0.988184
9125,2018-01-24 11:40:12.571,0.988184
9126,2018-01-24 11:40:12.671,0.988184
9127,2018-01-24 11:40:12.771,0.988184
9128,2018-01-24 11:40:12.872,0.988184
9129,2018-01-24 11:40:12.972,0.988184
9130,2018-01-24 11:40:13.071,0.988184
9131,2018-01-24 11:40:13.172,0.988184
9132,2018-01-24 11:40:13.271,0.988184
9133,2018-01-24 11:40:13.371,0.992942
9134,2018-01-24 11:40:13.471,0.992942
9135,2018-01-24 11:40:13.571,0.992942
9136,2018-01-24 11:40:13.671,0.992942
9137,2018-01-24 11:40:13.771,0.992942
9138,2018-01-24 11:40:13.871,0.992942
9139,2018-01-24 11:40:13.972,0.992942
9140,2018-01-24 11:40:14.072,0.992942
9141,2018-01-24 11:40:14.172,0.992942
9142,2018-01-24 11:40:14.273,0.992942
9143,2018-01-24 11:40:14.373,1.132187
9144,2018-01-24 11:40:14.472,1.132187
9145,2018-01-24 11:40:14.572,1.132187
9146,2018-01-24 11:40:14.672,1.132187
9147,2018-01-24 11:40:14.772,1.132187
9148,2018-01-24 11:40:14.872,1.132187
9149,2018-01-24 11:40:14.972,1.132187
9150,2018-01-24 11:40:15.073,1.132187
9151,2018-01-24 11:40:15.172,1.132187
9152,2018-01-24 11:40:15.272,1.2415479999999999
9153,2018-01-24 11:40:15.372,1.2415479999999999
9154,2018-01-24 11:40:15.472,1.2415479999999999
9155,2018-01-24 11:40:15.572,1.2415479999999999
9156,2018-01-24 11:40:15.670,1.2415479999999999
9157,2018-01-24 11:40:15.770,1.2415479999999999
9158,2018-01-24 11:40:15.870,1.2415479999999999
9159,2018-01-24 11:40:15.970,1.2415479999999999
9160,2018-01-24 11:40:16.070,1.2415479999999999
9161,2018-01-24 11:40:16.170,1.2415479999999999
9162,2018-01-24 11:40:16.270,1.265421
9163,2018-01-24 11:40:16.371,1.265421
9164,2018-01-24 11:40:16.471,1.265421
9165,2018-01-24 11:40:16.570,1.265421
9166,2018-01-24 11:40:16.670,1.265421
9167,2018-01-24 11:40:16.771,1.265421
9168,2018-01-24 11:40:16.870,1.265421
9169,2018-01-24 11:40:16.970,1.265421
9170,2018-01-24 11:40:17.070,1.265421
9171,2018-01-24 11:40:17.171,1.265421
9172,2018-01-24 11:40:17.271,1.168237
9173,2018-01-24 11:40:17.371,1.168237
9174,2018-01-24 11:40:17.471,1.168237
9175,2018-01-24 11:40:17.571,1.168237
9176,2018-01-24 11:40:17.671,1.168237
9177,2018-01-24 11:40:17.771,1.168237
9178,2018-01-24 11:40:17.871,1.168237
9179,2018-01-24 11:40:17.971,1.168237
9180,2018-01-24 11:40:18.071,1.168237
9181,2018-01-24 11:40:18.171,1.168237
9182,2018-01-24 11:40:18.271,1.026003
9183,2018-01-24 11:40:18.371,1.026003
9184,2018-01-24 11:40:18.472,1.026003
9185,2018-01-24 11:40:18.572,1.026003
9186,2018-01-24 11:40:18.671,1.026003
9187,2018-01-24 11:40:18.771,1.026003
9188,2018-01-24 11:40:18.872,1.026003
9189,2018-01-24 11:40:18.972,1.026003
9190,2018-01-24 11:40:19.072,1.026003
9191,2018-01-24 11:40:19.172,1.026003
9192,2018-01-24 11:40:19.271,0.981027
9193,2018-01-24 11:40:19.371,0.981027
9194,2018-01-24 11:40:19.471,0.981027
9195,2018-01-24 11:40:19.571,0.981027
9196,2018-01-24 11:40:19.671,0.981027
9197,2018-01-24 11:40:19.771,0.981027
9198,2018-01-24 11:40:19.871,0.981027
9199,2018-01-24 11:40:19.971,0.981027
9200,2018-01-24 11:40:20.072,0.981027
9201,2018-01-24 11:40:20.172,0.981027
9202,2018-01-24 11:40:20.272,1.108432
9203,2018-01-24 11:40:20.372,1.108432
9204,2018-01-24 11:40:20.473,1.108432
9205,2018-01-24 11:40:20.573,1.108432
9206,2018-01-24 11:40:20.672,1.108432
9207,2018-01-24 11:40:20.772,1.108432
9208,2018-01-24 11:40:20.871,1.108432
9209,2018-01-24 11:40:20.971,1.108432
9210,2018-01-24 11:40:21.071,1.108432
9211,2018-01-24 11:40:21.171,1.108432
9212,2018-01-24 11:40:21.271,1.44445
9213,2018-01-24 11:40:21.371,1.44445
9214,2018-01-24 11:40:21.471,1.44445
9215,2018-01-24 11:40:21.571,1.44445
9216,2018-01-24 11:40:21.671,1.44445
9217,2018-01-24 11:40:21.771,1.44445
9218,2018-01-24 11:40:21.871,1.44445
9219,2018-01-24 11:40:21.971,1.44445
9220,2018-01-24 11:40:22.071,1.44445
9221,2018-01-24 11:40:22.171,1.44445
9222,2018-01-24 11:40:22.271,1.815924
9223,2018-01-24 11:40:22.372,1.815924
9224,2018-01-24 11:40:22.471,1.815924
9225,2018-01-24 11:40:22.571,1.815924
9226,2018-01-24 11:40:22.671,1.815924
9227,2018-01-24 11:40:22.771,1.815924
9228,2018-01-24 11:40:22.871,1.815924
9229,2018-01-24 11:40:22.971,1.815924
9230,2018-01-24 11:40:23.072,1.815924
9231,2018-01-24 11:40:23.172,1.815924
9232,2018-01-24 11:40:23.272,1.993838
9233,2018-01-24 11:40:23.372,1.993838
9234,2018-01-24 11:40:23.472,1.993838
9235,2018-01-24 11:40:23.572,1.993838
9236,2018-01-24 11:40:23.672,1.993838
9237,2018-01-24 11:40:23.772,1.993838
9238,2018-01-24 11:40:23.872,1.993838
9239,2018-01-24 11:40:23.972,1.993838
9240,2018-01-24 11:40:24.072,1.993838
9241,2018-01-24 11:40:24.172,1.993838
9242,2018-01-24 11:40:24.272,1.898126
9243,2018-01-24 11:40:24.372,1.898126
9244,2018-01-24 11:40:24.472,1.898126
9245,2018-01-24 11:40:24.572,1.898126
9246,2018-01-24 11:40:24.672,1.898126
9247,2018-01-24 11:40:24.772,1.898126
9248,2018-01-24 11:40:24.872,1.898126
9249,2018-01-24 11:40:24.973,1.898126
9250,2018-01-24 11:40:25.073,1.898126
9251,2018-01-24 11:40:25.173,1.898126
9252,2018-01-24 11:40:25.272,1.898126
9253,2018-01-24 11:40:25.372,1.683129
9254,2018-01-24 11:40:25.472,1.683129
9255,2018-01-24 11:40:25.572,1.683129
9256,2018-01-24 11:40:25.670,1.683129
9257,2018-01-24 11:40:25.770,1.683129
9258,2018-01-24 11:40:25.870,1.683129
9259,2018-01-24 11:40:25.970,1.683129
9260,2018-01-24 11:40:26.070,1.683129
9261,2018-01-24 11:40:26.170,1.683129
9262,2018-01-24 11:40:26.271,1.557755
9263,2018-01-24 11:40:26.371,1.557755
9264,2018-01-24 11:40:26.472,1.557755
9265,2018-01-24 11:40:26.571,1.557755
9266,2018-01-24 11:40:26.671,1.557755
9267,2018-01-24 11:40:26.772,1.557755
9268,2018-01-24 11:40:26.871,1.557755
9269,2018-01-24 11:40:26.971,1.557755
9270,2018-01-24 11:40:27.071,1.557755
9271,2018-01-24 11:40:27.172,1.557755
9272,2018-01-24 11:40:27.271,1.557755
9273,2018-01-24 11:40:27.371,1.753973
9274,2018-01-24 11:40:27.471,1.753973
9275,2018-01-24 11:40:27.571,1.753973
9276,2018-01-24 11:40:27.671,1.753973
9277,2018-01-24 11:40:27.771,1.753973
9278,2018-01-24 11:40:27.871,1.753973
9279,2018-01-24 11:40:27.971,1.753973
9280,2018-01-24 11:40:28.071,1.753973
9281,2018-01-24 11:40:28.171,1.753973
9282,2018-01-24 11:40:28.271,2.105267
9283,2018-01-24 11:40:28.372,2.105267
9284,2018-01-24 11:40:28.472,2.105267
9285,2018-01-24 11:40:28.571,2.105267
9286,2018-01-24 11:40:28.671,2.105267
9287,2018-01-24 11:40:28.772,2.105267
9288,2018-01-24 11:40:28.871,2.105267
9289,2018-01-24 11:40:28.971,2.105267
9290,2018-01-24 11:40:29.071,2.105267
9291,2018-01-24 11:40:29.172,2.105267
9292,2018-01-24 11:40:29.272,2.422319
9293,2018-01-24 11:40:29.372,2.422319
9294,2018-01-24 11:40:29.472,2.422319
9295,2018-01-24 11:40:29.572,2.422319
9296,2018-01-24 11:40:29.672,2.422319
9297,2018-01-24 11:40:29.773,2.422319
9298,2018-01-24 11:40:29.872,2.422319
9299,2018-01-24 11:40:29.972,2.422319
9300,2018-01-24 11:40:30.072,2.422319
9301,2018-01-24 11:40:30.172,2.422319
9302,2018-01-24 11:40:30.272,2.5000970000000002
9303,2018-01-24 11:40:30.372,2.5000970000000002
9304,2018-01-24 11:40:30.472,2.5000970000000002
9305,2018-01-24 11:40:30.573,2.5000970000000002
9306,2018-01-24 11:40:30.671,2.5000970000000002
9307,2018-01-24 11:40:30.771,2.5000970000000002
9308,2018-01-24 11:40:30.871,2.5000970000000002
9309,2018-01-24 11:40:30.971,2.5000970000000002
9310,2018-01-24 11:40:31.071,2.5000970000000002
9311,2018-01-24 11:40:31.171,2.5000970000000002
9312,2018-01-24 11:40:31.271,2.3157240000000003
9313,2018-01-24 11:40:31.371,2.3157240000000003
9314,2018-01-24 11:40:31.471,2.3157240000000003
9315,2018-01-24 11:40:31.571,2.3157240000000003
9316,2018-01-24 11:40:31.671,2.3157240000000003
9317,2018-01-24 11:40:31.771,2.3157240000000003
9318,2018-01-24 11:40:31.871,2.3157240000000003
9319,2018-01-24 11:40:31.971,2.3157240000000003
9320,2018-01-24 11:40:32.071,2.3157240000000003
9321,2018-01-24 11:40:32.172,2.3157240000000003
9322,2018-01-24 11:40:32.272,2.035124
9323,2018-01-24 11:40:32.373,2.035124
9324,2018-01-24 11:40:32.472,2.035124
9325,2018-01-24 11:40:32.572,2.035124
9326,2018-01-24 11:40:32.672,2.035124
9327,2018-01-24 11:40:32.772,2.035124
9328,2018-01-24 11:40:32.873,2.035124
9329,2018-01-24 11:40:32.972,2.035124
9330,2018-01-24 11:40:33.072,2.035124
9331,2018-01-24 11:40:33.172,2.035124
9332,2018-01-24 11:40:33.272,1.894361
9333,2018-01-24 11:40:33.372,1.894361
9334,2018-01-24 11:40:33.472,1.894361
9335,2018-01-24 11:40:33.572,1.894361
9336,2018-01-24 11:40:33.672,1.894361
9337,2018-01-24 11:40:33.772,1.894361
9338,2018-01-24 11:40:33.872,1.894361
9339,2018-01-24 11:40:33.972,1.894361
9340,2018-01-24 11:40:34.072,1.894361
9341,2018-01-24 11:40:34.172,1.894361
9342,2018-01-24 11:40:34.272,1.933874
9343,2018-01-24 11:40:34.372,1.933874
9344,2018-01-24 11:40:34.472,1.933874
9345,2018-01-24 11:40:34.572,1.933874
9346,2018-01-24 11:40:34.672,1.933874
9347,2018-01-24 11:40:34.773,1.933874
9348,2018-01-24 11:40:34.872,1.933874
9349,2018-01-24 11:40:34.972,1.933874
9350,2018-01-24 11:40:35.072,1.933874
9351,2018-01-24 11:40:35.172,1.933874
9352,2018-01-24 11:40:35.272,1.935016
9353,2018-01-24 11:40:35.373,1.935016
9354,2018-01-24 11:40:35.473,1.935016
9355,2018-01-24 11:40:35.573,1.935016
9356,2018-01-24 11:40:35.671,1.935016
9357,2018-01-24 11:40:35.771,1.935016
9358,2018-01-24 11:40:35.871,1.935016
9359,2018-01-24 11:40:35.971,1.935016
9360,2018-01-24 11:40:36.071,1.935016
9361,2018-01-24 11:40:36.171,1.935016
9362,2018-01-24 11:40:36.271,1.836982
9363,2018-01-24 11:40:36.371,1.836982
9364,2018-01-24 11:40:36.471,1.836982
9365,2018-01-24 11:40:36.572,1.836982
9366,2018-01-24 11:40:36.671,1.836982
9367,2018-01-24 11:40:36.772,1.836982
9368,2018-01-24 11:40:36.871,1.836982
9369,2018-01-24 11:40:36.972,1.836982
9370,2018-01-24 11:40:37.072,1.836982
9371,2018-01-24 11:40:37.172,1.836982
9372,2018-01-24 11:40:37.272,1.6994340000000001
9373,2018-01-24 11:40:37.371,1.6994340000000001
9374,2018-01-24 11:40:37.471,1.6994340000000001
9375,2018-01-24 11:40:37.571,1.6994340000000001
9376,2018-01-24 11:40:37.671,1.6994340000000001
9377,2018-01-24 11:40:37.771,1.6994340000000001
9378,2018-01-24 11:40:37.871,1.6994340000000001
9379,2018-01-24 11:40:37.971,1.6994340000000001
9380,2018-01-24 11:40:38.071,1.6994340000000001
9381,2018-01-24 11:40:38.171,1.6994340000000001
9382,2018-01-24 11:40:38.272,1.631915
9383,2018-01-24 11:40:38.372,1.631915
9384,2018-01-24 11:40:38.473,1.631915
9385,2018-01-24 11:40:38.572,1.631915
9386,2018-01-24 11:40:38.673,1.631915
9387,2018-01-24 11:40:38.773,1.631915
9388,2018-01-24 11:40:38.872,1.631915
9389,2018-01-24 11:40:38.972,1.631915
9390,2018-01-24 11:40:39.072,1.631915
9391,2018-01-24 11:40:39.172,1.631915
9392,2018-01-24 11:40:39.272,1.627008
9393,2018-01-24 11:40:39.372,1.627008
9394,2018-01-24 11:40:39.472,1.627008
9395,2018-01-24 11:40:39.572,1.627008
9396,2018-01-24 11:40:39.672,1.627008
9397,2018-01-24 11:40:39.772,1.627008
9398,2018-01-24 11:40:39.872,1.627008
9399,2018-01-24 11:40:39.972,1.627008
9400,2018-01-24 11:40:40.072,1.627008
9401,2018-01-24 11:40:40.172,1.627008
9402,2018-01-24 11:40:40.272,1.560223
9403,2018-01-24 11:40:40.372,1.560223
9404,2018-01-24 11:40:40.473,1.560223
9405,2018-01-24 11:40:40.573,1.560223
9406,2018-01-24 11:40:40.671,1.560223
9407,2018-01-24 11:40:40.771,1.560223
9408,2018-01-24 11:40:40.872,1.560223
9409,2018-01-24 11:40:40.972,1.560223
9410,2018-01-24 11:40:41.071,1.560223
9411,2018-01-24 11:40:41.171,1.560223
9412,2018-01-24 11:40:41.272,1.560223
9413,2018-01-24 11:40:41.372,1.278513
9414,2018-01-24 11:40:41.472,1.278513
9415,2018-01-24 11:40:41.572,1.278513
9416,2018-01-24 11:40:41.672,1.278513
9417,2018-01-24 11:40:41.772,1.278513
9418,2018-01-24 11:40:41.872,1.278513
9419,2018-01-24 11:40:41.972,1.278513
9420,2018-01-24 11:40:42.072,1.278513
9421,2018-01-24 11:40:42.172,1.278513
9422,2018-01-24 11:40:42.272,0.908733
9423,2018-01-24 11:40:42.372,0.908733
9424,2018-01-24 11:40:42.473,0.908733
9425,2018-01-24 11:40:42.572,0.908733
9426,2018-01-24 11:40:42.673,0.908733
9427,2018-01-24 11:40:42.772,0.908733
9428,2018-01-24 11:40:42.872,0.908733
9429,2018-01-24 11:40:42.972,0.908733
9430,2018-01-24 11:40:43.073,0.908733
9431,2018-01-24 11:40:43.172,0.908733
9432,2018-01-24 11:40:43.272,0.908733
9433,2018-01-24 11:40:43.372,0.574485
9434,2018-01-24 11:40:43.472,0.574485
9435,2018-01-24 11:40:43.572,0.574485
9436,2018-01-24 11:40:43.672,0.574485
9437,2018-01-24 11:40:43.772,0.574485
9438,2018-01-24 11:40:43.872,0.574485
9439,2018-01-24 11:40:43.972,0.574485
9440,2018-01-24 11:40:44.072,0.574485
9441,2018-01-24 11:40:44.172,0.574485
9442,2018-01-24 11:40:44.272,0.39089
9443,2018-01-24 11:40:44.373,0.39089
9444,2018-01-24 11:40:44.473,0.39089
9445,2018-01-24 11:40:44.573,0.39089
9446,2018-01-24 11:40:44.673,0.39089
9447,2018-01-24 11:40:44.773,0.39089
9448,2018-01-24 11:40:44.873,0.39089
9449,2018-01-24 11:40:44.974,0.39089
9450,2018-01-24 11:40:45.073,0.39089
9451,2018-01-24 11:40:45.173,0.39089
9452,2018-01-24 11:40:45.273,0.39089
9453,2018-01-24 11:40:45.373,0.335475
9454,2018-01-24 11:40:45.473,0.335475
9455,2018-01-24 11:40:45.573,0.335475
9456,2018-01-24 11:40:45.671,0.335475
9457,2018-01-24 11:40:45.771,0.335475
9458,2018-01-24 11:40:45.871,0.335475
9459,2018-01-24 11:40:45.971,0.335475
9460,2018-01-24 11:40:46.071,0.335475
9461,2018-01-24 11:40:46.171,0.335475
9462,2018-01-24 11:40:46.271,0.335475
9463,2018-01-24 11:40:46.371,0.35839
9464,2018-01-24 11:40:46.471,0.35839
9465,2018-01-24 11:40:46.571,0.35839
9466,2018-01-24 11:40:46.671,0.35839
9467,2018-01-24 11:40:46.772,0.35839
9468,2018-01-24 11:40:46.871,0.35839
9469,2018-01-24 11:40:46.971,0.35839
9470,2018-01-24 11:40:47.071,0.35839
9471,2018-01-24 11:40:47.171,0.35839
9472,2018-01-24 11:40:47.272,0.387466
9473,2018-01-24 11:40:47.372,0.387466
9474,2018-01-24 11:40:47.472,0.387466
9475,2018-01-24 11:40:47.572,0.387466
9476,2018-01-24 11:40:47.672,0.387466
9477,2018-01-24 11:40:47.772,0.387466
9478,2018-01-24 11:40:47.872,0.387466
9479,2018-01-24 11:40:47.972,0.387466
9480,2018-01-24 11:40:48.072,0.387466
9481,2018-01-24 11:40:48.172,0.387466
9482,2018-01-24 11:40:48.272,0.411669
9483,2018-01-24 11:40:48.372,0.411669
9484,2018-01-24 11:40:48.472,0.411669
9485,2018-01-24 11:40:48.572,0.411669
9486,2018-01-24 11:40:48.672,0.411669
9487,2018-01-24 11:40:48.773,0.411669
9488,2018-01-24 11:40:48.872,0.411669
9489,2018-01-24 11:40:48.972,0.411669
9490,2018-01-24 11:40:49.072,0.411669
9491,2018-01-24 11:40:49.172,0.411669
9492,2018-01-24 11:40:49.272,0.411669
9493,2018-01-24 11:40:49.373,0.443177
9494,2018-01-24 11:40:49.472,0.443177
9495,2018-01-24 11:40:49.572,0.443177
9496,2018-01-24 11:40:49.672,0.443177
9497,2018-01-24 11:40:49.772,0.443177
9498,2018-01-24 11:40:49.872,0.443177
9499,2018-01-24 11:40:49.972,0.443177
9500,2018-01-24 11:40:50.072,0.443177
9501,2018-01-24 11:40:50.172,0.443177
9502,2018-01-24 11:40:50.272,0.443177
9503,2018-01-24 11:40:50.373,0.535049
9504,2018-01-24 11:40:50.473,0.535049
9505,2018-01-24 11:40:50.574,0.535049
9506,2018-01-24 11:40:50.672,0.535049
9507,2018-01-24 11:40:50.772,0.535049
9508,2018-01-24 11:40:50.873,0.535049
9509,2018-01-24 11:40:50.973,0.535049
9510,2018-01-24 11:40:51.073,0.535049
9511,2018-01-24 11:40:51.172,0.535049
9512,2018-01-24 11:40:51.272,0.535049
9513,2018-01-24 11:40:51.372,0.6573629999999999
9514,2018-01-24 11:40:51.472,0.6573629999999999
9515,2018-01-24 11:40:51.572,0.6573629999999999
9516,2018-01-24 11:40:51.672,0.6573629999999999
9517,2018-01-24 11:40:51.772,0.6573629999999999
9518,2018-01-24 11:40:51.872,0.6573629999999999
9519,2018-01-24 11:40:51.972,0.6573629999999999
9520,2018-01-24 11:40:52.072,0.6573629999999999
9521,2018-01-24 11:40:52.172,0.6573629999999999
9522,2018-01-24 11:40:52.272,0.6573629999999999
9523,2018-01-24 11:40:52.372,0.839231
9524,2018-01-24 11:40:52.472,0.839231
9525,2018-01-24 11:40:52.572,0.839231
9526,2018-01-24 11:40:52.672,0.839231
9527,2018-01-24 11:40:52.772,0.839231
9528,2018-01-24 11:40:52.872,0.839231
9529,2018-01-24 11:40:52.973,0.839231
9530,2018-01-24 11:40:53.073,0.839231
9531,2018-01-24 11:40:53.172,0.839231
9532,2018-01-24 11:40:53.273,0.98981
9533,2018-01-24 11:40:53.373,0.98981
9534,2018-01-24 11:40:53.473,0.98981
9535,2018-01-24 11:40:53.573,0.98981
9536,2018-01-24 11:40:53.673,0.98981
9537,2018-01-24 11:40:53.773,0.98981
9538,2018-01-24 11:40:53.873,0.98981
9539,2018-01-24 11:40:53.973,0.98981
9540,2018-01-24 11:40:54.073,0.98981
9541,2018-01-24 11:40:54.173,0.98981
9542,2018-01-24 11:40:54.273,0.98981
9543,2018-01-24 11:40:54.373,1.198758
9544,2018-01-24 11:40:54.473,1.198758
9545,2018-01-24 11:40:54.573,1.198758
9546,2018-01-24 11:40:54.673,1.198758
9547,2018-01-24 11:40:54.773,1.198758
9548,2018-01-24 11:40:54.874,1.198758
9549,2018-01-24 11:40:54.973,1.198758
9550,2018-01-24 11:40:55.074,1.198758
9551,2018-01-24 11:40:55.174,1.198758
9552,2018-01-24 11:40:55.274,1.198758
9553,2018-01-24 11:40:55.373,1.498433
9554,2018-01-24 11:40:55.473,1.498433
9555,2018-01-24 11:40:55.573,1.498433
9556,2018-01-24 11:40:55.671,1.498433
9557,2018-01-24 11:40:55.771,1.498433
9558,2018-01-24 11:40:55.871,1.498433
9559,2018-01-24 11:40:55.971,1.498433
9560,2018-01-24 11:40:56.071,1.498433
9561,2018-01-24 11:40:56.171,1.498433
9562,2018-01-24 11:40:56.272,1.498433
9563,2018-01-24 11:40:56.371,1.7573349999999999
9564,2018-01-24 11:40:56.473,1.7573349999999999
9565,2018-01-24 11:40:56.573,1.7573349999999999
9566,2018-01-24 11:40:56.672,1.7573349999999999
9567,2018-01-24 11:40:56.772,1.7573349999999999
9568,2018-01-24 11:40:56.872,1.7573349999999999
9569,2018-01-24 11:40:56.972,1.7573349999999999
9570,2018-01-24 11:40:57.072,1.7573349999999999
9571,2018-01-24 11:40:57.173,1.7573349999999999
9572,2018-01-24 11:40:57.272,1.7573349999999999
9573,2018-01-24 11:40:57.372,1.925988
9574,2018-01-24 11:40:57.472,1.925988
9575,2018-01-24 11:40:57.572,1.925988
9576,2018-01-24 11:40:57.672,1.925988
9577,2018-01-24 11:40:57.772,1.925988
9578,2018-01-24 11:40:57.872,1.925988
9579,2018-01-24 11:40:57.972,1.925988
9580,2018-01-24 11:40:58.073,1.925988
9581,2018-01-24 11:40:58.172,1.925988
9582,2018-01-24 11:40:58.272,1.925988
9583,2018-01-24 11:40:58.372,1.97303
9584,2018-01-24 11:40:58.472,1.97303
9585,2018-01-24 11:40:58.572,1.97303
9586,2018-01-24 11:40:58.673,1.97303
9587,2018-01-24 11:40:58.773,1.97303
9588,2018-01-24 11:40:58.872,1.97303
9589,2018-01-24 11:40:58.972,1.97303
9590,2018-01-24 11:40:59.072,1.97303
9591,2018-01-24 11:40:59.172,1.97303
9592,2018-01-24 11:40:59.273,1.97303
9593,2018-01-24 11:40:59.372,2.0046150000000003
9594,2018-01-24 11:40:59.472,2.0046150000000003
9595,2018-01-24 11:40:59.573,2.0046150000000003
9596,2018-01-24 11:40:59.673,2.0046150000000003
9597,2018-01-24 11:40:59.773,2.0046150000000003
9598,2018-01-24 11:40:59.873,2.0046150000000003
9599,2018-01-24 11:40:59.973,2.0046150000000003
9600,2018-01-24 11:41:00.073,2.0046150000000003
9601,2018-01-24 11:41:00.173,2.0046150000000003
9602,2018-01-24 11:41:00.273,2.0046150000000003
9603,2018-01-24 11:41:00.373,2.128332
9604,2018-01-24 11:41:00.473,2.128332
9605,2018-01-24 11:41:00.574,2.128332
9606,2018-01-24 11:41:00.673,2.128332
9607,2018-01-24 11:41:00.772,2.128332
9608,2018-01-24 11:41:00.873,2.128332
9609,2018-01-24 11:41:00.973,2.128332
9610,2018-01-24 11:41:01.072,2.128332
9611,2018-01-24 11:41:01.172,2.128332
9612,2018-01-24 11:41:01.273,2.128332
9613,2018-01-24 11:41:01.373,2.364067
9614,2018-01-24 11:41:01.472,2.364067
9615,2018-01-24 11:41:01.572,2.364067
9616,2018-01-24 11:41:01.672,2.364067
9617,2018-01-24 11:41:01.772,2.364067
9618,2018-01-24 11:41:01.872,2.364067
9619,2018-01-24 11:41:01.972,2.364067
9620,2018-01-24 11:41:02.072,2.364067
9621,2018-01-24 11:41:02.172,2.364067
9622,2018-01-24 11:41:02.272,2.364067
9623,2018-01-24 11:41:02.372,2.644557
9624,2018-01-24 11:41:02.473,2.644557
9625,2018-01-24 11:41:02.573,2.644557
9626,2018-01-24 11:41:02.673,2.644557
9627,2018-01-24 11:41:02.773,2.644557
9628,2018-01-24 11:41:02.874,2.644557
9629,2018-01-24 11:41:02.973,2.644557
9630,2018-01-24 11:41:03.073,2.644557
9631,2018-01-24 11:41:03.173,2.644557
9632,2018-01-24 11:41:03.274,2.644557
9633,2018-01-24 11:41:03.374,2.91486
9634,2018-01-24 11:41:03.473,2.91486
9635,2018-01-24 11:41:03.573,2.91486
9636,2018-01-24 11:41:03.673,2.91486
9637,2018-01-24 11:41:03.773,2.91486
9638,2018-01-24 11:41:03.873,2.91486
9639,2018-01-24 11:41:03.973,2.91486
9640,2018-01-24 11:41:04.073,2.91486
9641,2018-01-24 11:41:04.173,2.91486
9642,2018-01-24 11:41:04.273,3.075616
9643,2018-01-24 11:41:04.373,3.075616
9644,2018-01-24 11:41:04.473,3.075616
9645,2018-01-24 11:41:04.573,3.075616
9646,2018-01-24 11:41:04.674,3.075616
9647,2018-01-24 11:41:04.774,3.075616
9648,2018-01-24 11:41:04.874,3.075616
9649,2018-01-24 11:41:04.973,3.075616
9650,2018-01-24 11:41:05.074,3.075616
9651,2018-01-24 11:41:05.174,3.075616
9652,2018-01-24 11:41:05.274,3.075616
9653,2018-01-24 11:41:05.374,3.078416
9654,2018-01-24 11:41:05.473,3.078416
9655,2018-01-24 11:41:05.574,3.078416
9656,2018-01-24 11:41:05.672,3.078416
9657,2018-01-24 11:41:05.772,3.078416
9658,2018-01-24 11:41:05.872,3.078416
9659,2018-01-24 11:41:05.972,3.078416
9660,2018-01-24 11:41:06.072,3.078416
9661,2018-01-24 11:41:06.172,3.078416
9662,2018-01-24 11:41:06.272,2.968757
9663,2018-01-24 11:41:06.372,2.968757
9664,2018-01-24 11:41:06.472,2.968757
9665,2018-01-24 11:41:06.573,2.968757
9666,2018-01-24 11:41:06.672,2.968757
9667,2018-01-24 11:41:06.772,2.968757
9668,2018-01-24 11:41:06.872,2.968757
9669,2018-01-24 11:41:06.972,2.968757
9670,2018-01-24 11:41:07.072,2.968757
9671,2018-01-24 11:41:07.172,2.968757
9672,2018-01-24 11:41:07.272,2.968757
9673,2018-01-24 11:41:07.372,2.8397650000000003
9674,2018-01-24 11:41:07.472,2.8397650000000003
9675,2018-01-24 11:41:07.572,2.8397650000000003
9676,2018-01-24 11:41:07.672,2.8397650000000003
9677,2018-01-24 11:41:07.772,2.8397650000000003
9678,2018-01-24 11:41:07.872,2.8397650000000003
9679,2018-01-24 11:41:07.972,2.8397650000000003
9680,2018-01-24 11:41:08.073,2.8397650000000003
9681,2018-01-24 11:41:08.172,2.8397650000000003
9682,2018-01-24 11:41:08.272,2.8397650000000003
9683,2018-01-24 11:41:08.372,2.69299
9684,2018-01-24 11:41:08.473,2.69299
9685,2018-01-24 11:41:08.573,2.69299
9686,2018-01-24 11:41:08.673,2.69299
9687,2018-01-24 11:41:08.773,2.69299
9688,2018-01-24 11:41:08.873,2.69299
9689,2018-01-24 11:41:08.973,2.69299
9690,2018-01-24 11:41:09.074,2.69299
9691,2018-01-24 11:41:09.174,2.69299
9692,2018-01-24 11:41:09.273,2.598387
9693,2018-01-24 11:41:09.373,2.598387
9694,2018-01-24 11:41:09.473,2.598387
9695,2018-01-24 11:41:09.573,2.598387
9696,2018-01-24 11:41:09.673,2.598387
9697,2018-01-24 11:41:09.773,2.598387
9698,2018-01-24 11:41:09.873,2.598387
9699,2018-01-24 11:41:09.973,2.598387
9700,2018-01-24 11:41:10.073,2.598387
9701,2018-01-24 11:41:10.173,2.598387
9702,2018-01-24 11:41:10.273,2.564812
9703,2018-01-24 11:41:10.373,2.564812
9704,2018-01-24 11:41:10.473,2.564812
9705,2018-01-24 11:41:10.573,2.564812
9706,2018-01-24 11:41:10.672,2.564812
9707,2018-01-24 11:41:10.772,2.564812
9708,2018-01-24 11:41:10.873,2.564812
9709,2018-01-24 11:41:10.972,2.564812
9710,2018-01-24 11:41:11.072,2.564812
9711,2018-01-24 11:41:11.173,2.564812
9712,2018-01-24 11:41:11.273,2.573964
9713,2018-01-24 11:41:11.373,2.573964
9714,2018-01-24 11:41:11.473,2.573964
9715,2018-01-24 11:41:11.573,2.573964
9716,2018-01-24 11:41:11.673,2.573964
9717,2018-01-24 11:41:11.773,2.573964
9718,2018-01-24 11:41:11.873,2.573964
9719,2018-01-24 11:41:11.973,2.573964
9720,2018-01-24 11:41:12.073,2.573964
9721,2018-01-24 11:41:12.173,2.573964
9722,2018-01-24 11:41:12.274,2.482018
9723,2018-01-24 11:41:12.373,2.482018
9724,2018-01-24 11:41:12.473,2.482018
9725,2018-01-24 11:41:12.573,2.482018
9726,2018-01-24 11:41:12.673,2.482018
9727,2018-01-24 11:41:12.774,2.482018
9728,2018-01-24 11:41:12.873,2.482018
9729,2018-01-24 11:41:12.973,2.482018
9730,2018-01-24 11:41:13.074,2.482018
9731,2018-01-24 11:41:13.174,2.482018
9732,2018-01-24 11:41:13.274,2.266724
9733,2018-01-24 11:41:13.374,2.266724
9734,2018-01-24 11:41:13.473,2.266724
9735,2018-01-24 11:41:13.573,2.266724
9736,2018-01-24 11:41:13.673,2.266724
9737,2018-01-24 11:41:13.773,2.266724
9738,2018-01-24 11:41:13.873,2.266724
9739,2018-01-24 11:41:13.973,2.266724
9740,2018-01-24 11:41:14.074,2.266724
9741,2018-01-24 11:41:14.173,2.266724
9742,2018-01-24 11:41:14.273,1.9476
9743,2018-01-24 11:41:14.373,1.9476
9744,2018-01-24 11:41:14.473,1.9476
9745,2018-01-24 11:41:14.574,1.9476
9746,2018-01-24 11:41:14.674,1.9476
9747,2018-01-24 11:41:14.775,1.9476
9748,2018-01-24 11:41:14.874,1.9476
9749,2018-01-24 11:41:14.975,1.9476
9750,2018-01-24 11:41:15.074,1.9476
9751,2018-01-24 11:41:15.174,1.9476
9752,2018-01-24 11:41:15.275,1.691423
9753,2018-01-24 11:41:15.375,1.691423
9754,2018-01-24 11:41:15.474,1.691423
9755,2018-01-24 11:41:15.574,1.691423
9756,2018-01-24 11:41:15.672,1.691423
9757,2018-01-24 11:41:15.772,1.691423
9758,2018-01-24 11:41:15.872,1.691423
9759,2018-01-24 11:41:15.972,1.691423
9760,2018-01-24 11:41:16.073,1.691423
9761,2018-01-24 11:41:16.172,1.691423
9762,2018-01-24 11:41:16.272,1.474137
9763,2018-01-24 11:41:16.372,1.474137
9764,2018-01-24 11:41:16.472,1.474137
9765,2018-01-24 11:41:16.572,1.474137
9766,2018-01-24 11:41:16.672,1.474137
9767,2018-01-24 11:41:16.772,1.474137
9768,2018-01-24 11:41:16.873,1.474137
9769,2018-01-24 11:41:16.972,1.474137
9770,2018-01-24 11:41:17.073,1.474137
9771,2018-01-24 11:41:17.172,1.474137
9772,2018-01-24 11:41:17.273,1.274491
9773,2018-01-24 11:41:17.372,1.274491
9774,2018-01-24 11:41:17.473,1.274491
9775,2018-01-24 11:41:17.573,1.274491
9776,2018-01-24 11:41:17.673,1.274491
9777,2018-01-24 11:41:17.773,1.274491
9778,2018-01-24 11:41:17.873,1.274491
9779,2018-01-24 11:41:17.973,1.274491
9780,2018-01-24 11:41:18.073,1.274491
9781,2018-01-24 11:41:18.173,1.274491
9782,2018-01-24 11:41:18.273,1.274491
9783,2018-01-24 11:41:18.373,1.120563
9784,2018-01-24 11:41:18.473,1.120563
9785,2018-01-24 11:41:18.573,1.120563
9786,2018-01-24 11:41:18.673,1.120563
9787,2018-01-24 11:41:18.773,1.120563
9788,2018-01-24 11:41:18.873,1.120563
9789,2018-01-24 11:41:18.973,1.120563
9790,2018-01-24 11:41:19.074,1.120563
9791,2018-01-24 11:41:19.173,1.120563
9792,2018-01-24 11:41:19.274,1.120563
9793,2018-01-24 11:41:19.374,1.011684
9794,2018-01-24 11:41:19.473,1.011684
9795,2018-01-24 11:41:19.573,1.011684
9796,2018-01-24 11:41:19.673,1.011684
9797,2018-01-24 11:41:19.773,1.011684
9798,2018-01-24 11:41:19.873,1.011684
9799,2018-01-24 11:41:19.973,1.011684
9800,2018-01-24 11:41:20.074,1.011684
9801,2018-01-24 11:41:20.173,1.011684
9802,2018-01-24 11:41:20.273,0.982167
9803,2018-01-24 11:41:20.373,0.982167
9804,2018-01-24 11:41:20.473,0.982167
9805,2018-01-24 11:41:20.575,0.982167
9806,2018-01-24 11:41:20.674,0.982167
9807,2018-01-24 11:41:20.773,0.982167
9808,2018-01-24 11:41:20.873,0.982167
9809,2018-01-24 11:41:20.973,0.982167
9810,2018-01-24 11:41:21.074,0.982167
9811,2018-01-24 11:41:21.173,0.982167
9812,2018-01-24 11:41:21.273,1.04939
9813,2018-01-24 11:41:21.373,1.04939
9814,2018-01-24 11:41:21.473,1.04939
9815,2018-01-24 11:41:21.573,1.04939
9816,2018-01-24 11:41:21.673,1.04939
9817,2018-01-24 11:41:21.773,1.04939
9818,2018-01-24 11:41:21.873,1.04939
9819,2018-01-24 11:41:21.973,1.04939
9820,2018-01-24 11:41:22.073,1.04939
9821,2018-01-24 11:41:22.173,1.04939
9822,2018-01-24 11:41:22.273,1.1995209999999998
9823,2018-01-24 11:41:22.373,1.1995209999999998
9824,2018-01-24 11:41:22.473,1.1995209999999998
9825,2018-01-24 11:41:22.573,1.1995209999999998
9826,2018-01-24 11:41:22.673,1.1995209999999998
9827,2018-01-24 11:41:22.773,1.1995209999999998
9828,2018-01-24 11:41:22.873,1.1995209999999998
9829,2018-01-24 11:41:22.973,1.1995209999999998
9830,2018-01-24 11:41:23.073,1.1995209999999998
9831,2018-01-24 11:41:23.173,1.1995209999999998
9832,2018-01-24 11:41:23.274,1.304381
9833,2018-01-24 11:41:23.373,1.304381
9834,2018-01-24 11:41:23.473,1.304381
9835,2018-01-24 11:41:23.574,1.304381
9836,2018-01-24 11:41:23.674,1.304381
9837,2018-01-24 11:41:23.774,1.304381
9838,2018-01-24 11:41:23.874,1.304381
9839,2018-01-24 11:41:23.974,1.304381
9840,2018-01-24 11:41:24.074,1.304381
9841,2018-01-24 11:41:24.174,1.304381
9842,2018-01-24 11:41:24.274,1.262322
9843,2018-01-24 11:41:24.374,1.262322
9844,2018-01-24 11:41:24.474,1.262322
9845,2018-01-24 11:41:24.574,1.262322
9846,2018-01-24 11:41:24.674,1.262322
9847,2018-01-24 11:41:24.775,1.262322
9848,2018-01-24 11:41:24.874,1.262322
9849,2018-01-24 11:41:24.974,1.262322
9850,2018-01-24 11:41:25.075,1.262322
9851,2018-01-24 11:41:25.174,1.262322
9852,2018-01-24 11:41:25.274,1.062678
9853,2018-01-24 11:41:25.374,1.062678
9854,2018-01-24 11:41:25.474,1.062678
9855,2018-01-24 11:41:25.574,1.062678
9856,2018-01-24 11:41:25.672,1.062678
9857,2018-01-24 11:41:25.772,1.062678
9858,2018-01-24 11:41:25.872,1.062678
9859,2018-01-24 11:41:25.972,1.062678
9860,2018-01-24 11:41:26.072,1.062678
9861,2018-01-24 11:41:26.172,1.062678
9862,2018-01-24 11:41:26.272,0.8618530000000001
9863,2018-01-24 11:41:26.372,0.8618530000000001
9864,2018-01-24 11:41:26.472,0.8618530000000001
9865,2018-01-24 11:41:26.573,0.8618530000000001
9866,2018-01-24 11:41:26.674,0.8618530000000001
9867,2018-01-24 11:41:26.774,0.8618530000000001
9868,2018-01-24 11:41:26.874,0.8618530000000001
9869,2018-01-24 11:41:26.974,0.8618530000000001
9870,2018-01-24 11:41:27.074,0.8618530000000001
9871,2018-01-24 11:41:27.173,0.8618530000000001
9872,2018-01-24 11:41:27.273,0.8618530000000001
9873,2018-01-24 11:41:27.374,0.8599709999999999
9874,2018-01-24 11:41:27.474,0.8599709999999999
9875,2018-01-24 11:41:27.573,0.8599709999999999
9876,2018-01-24 11:41:27.673,0.8599709999999999
9877,2018-01-24 11:41:27.773,0.8599709999999999
9878,2018-01-24 11:41:27.873,0.8599709999999999
9879,2018-01-24 11:41:27.973,0.8599709999999999
9880,2018-01-24 11:41:28.074,0.8599709999999999
9881,2018-01-24 11:41:28.173,0.8599709999999999
9882,2018-01-24 11:41:28.273,1.008183
9883,2018-01-24 11:41:28.373,1.008183
9884,2018-01-24 11:41:28.473,1.008183
9885,2018-01-24 11:41:28.573,1.008183
9886,2018-01-24 11:41:28.674,1.008183
9887,2018-01-24 11:41:28.774,1.008183
9888,2018-01-24 11:41:28.873,1.008183
9889,2018-01-24 11:41:28.973,1.008183
9890,2018-01-24 11:41:29.073,1.008183
9891,2018-01-24 11:41:29.173,1.008183
9892,2018-01-24 11:41:29.274,1.008183
9893,2018-01-24 11:41:29.373,1.242916
9894,2018-01-24 11:41:29.474,1.242916
9895,2018-01-24 11:41:29.574,1.242916
9896,2018-01-24 11:41:29.674,1.242916
9897,2018-01-24 11:41:29.774,1.242916
9898,2018-01-24 11:41:29.874,1.242916
9899,2018-01-24 11:41:29.974,1.242916
9900,2018-01-24 11:41:30.074,1.242916
9901,2018-01-24 11:41:30.174,1.242916
9902,2018-01-24 11:41:30.274,1.242916
9903,2018-01-24 11:41:30.374,1.352425
9904,2018-01-24 11:41:30.474,1.352425
9905,2018-01-24 11:41:30.574,1.352425
9906,2018-01-24 11:41:30.673,1.352425
9907,2018-01-24 11:41:30.773,1.352425
9908,2018-01-24 11:41:30.873,1.352425
9909,2018-01-24 11:41:30.973,1.352425
9910,2018-01-24 11:41:31.073,1.352425
9911,2018-01-24 11:41:31.174,1.352425
9912,2018-01-24 11:41:31.273,1.352425
9913,2018-01-24 11:41:31.373,1.363274
9914,2018-01-24 11:41:31.473,1.363274
9915,2018-01-24 11:41:31.573,1.363274
9916,2018-01-24 11:41:31.673,1.363274
9917,2018-01-24 11:41:31.773,1.363274
9918,2018-01-24 11:41:31.873,1.363274
9919,2018-01-24 11:41:31.973,1.363274
9920,2018-01-24 11:41:32.073,1.363274
9921,2018-01-24 11:41:32.173,1.363274
9922,2018-01-24 11:41:32.273,1.363274
9923,2018-01-24 11:41:32.373,1.457181
9924,2018-01-24 11:41:32.473,1.457181
9925,2018-01-24 11:41:32.573,1.457181
9926,2018-01-24 11:41:32.674,1.457181
9927,2018-01-24 11:41:32.775,1.457181
9928,2018-01-24 11:41:32.874,1.457181
9929,2018-01-24 11:41:32.974,1.457181
9930,2018-01-24 11:41:33.074,1.457181
9931,2018-01-24 11:41:33.175,1.457181
9932,2018-01-24 11:41:33.274,1.457181
9933,2018-01-24 11:41:33.374,1.585326
9934,2018-01-24 11:41:33.474,1.585326
9935,2018-01-24 11:41:33.574,1.585326
9936,2018-01-24 11:41:33.674,1.585326
9937,2018-01-24 11:41:33.774,1.585326
9938,2018-01-24 11:41:33.874,1.585326
9939,2018-01-24 11:41:33.974,1.585326
9940,2018-01-24 11:41:34.074,1.585326
9941,2018-01-24 11:41:34.174,1.585326
9942,2018-01-24 11:41:34.274,1.585326
9943,2018-01-24 11:41:34.374,1.781505
9944,2018-01-24 11:41:34.474,1.781505
9945,2018-01-24 11:41:34.574,1.781505
9946,2018-01-24 11:41:34.674,1.781505
9947,2018-01-24 11:41:34.775,1.781505
9948,2018-01-24 11:41:34.874,1.781505
9949,2018-01-24 11:41:34.975,1.781505
9950,2018-01-24 11:41:35.074,1.781505
9951,2018-01-24 11:41:35.174,1.781505
9952,2018-01-24 11:41:35.274,1.781505
9953,2018-01-24 11:41:35.374,1.958607
9954,2018-01-24 11:41:35.474,1.958607
9955,2018-01-24 11:41:35.574,1.958607
9956,2018-01-24 11:41:35.673,1.958607
9957,2018-01-24 11:41:35.773,1.958607
9958,2018-01-24 11:41:35.873,1.958607
9959,2018-01-24 11:41:35.973,1.958607
9960,2018-01-24 11:41:36.073,1.958607
9961,2018-01-24 11:41:36.173,1.958607
9962,2018-01-24 11:41:36.273,1.958607
9963,2018-01-24 11:41:36.373,1.9888599999999999
9964,2018-01-24 11:41:36.473,1.9888599999999999
9965,2018-01-24 11:41:36.573,1.9888599999999999
9966,2018-01-24 11:41:36.673,1.9888599999999999
9967,2018-01-24 11:41:36.774,1.9888599999999999
9968,2018-01-24 11:41:36.873,1.9888599999999999
9969,2018-01-24 11:41:36.974,1.9888599999999999
9970,2018-01-24 11:41:37.074,1.9888599999999999
9971,2018-01-24 11:41:37.174,1.9888599999999999
9972,2018-01-24 11:41:37.274,1.865587
9973,2018-01-24 11:41:37.373,1.865587
9974,2018-01-24 11:41:37.473,1.865587
9975,2018-01-24 11:41:37.574,1.865587
9976,2018-01-24 11:41:37.673,1.865587
9977,2018-01-24 11:41:37.773,1.865587
9978,2018-01-24 11:41:37.873,1.865587
9979,2018-01-24 11:41:37.973,1.865587
9980,2018-01-24 11:41:38.073,1.865587
9981,2018-01-24 11:41:38.173,1.865587
9982,2018-01-24 11:41:38.274,1.736116
9983,2018-01-24 11:41:38.373,1.736116
9984,2018-01-24 11:41:38.473,1.736116
9985,2018-01-24 11:41:38.573,1.736116
9986,2018-01-24 11:41:38.674,1.736116
9987,2018-01-24 11:41:38.774,1.736116
9988,2018-01-24 11:41:38.874,1.736116
9989,2018-01-24 11:41:38.974,1.736116
9990,2018-01-24 11:41:39.075,1.736116
9991,2018-01-24 11:41:39.175,1.736116
9992,2018-01-24 11:41:39.275,1.6828379999999998
9993,2018-01-24 11:41:39.374,1.6828379999999998
9994,2018-01-24 11:41:39.474,1.6828379999999998
9995,2018-01-24 11:41:39.574,1.6828379999999998
9996,2018-01-24 11:41:39.674,1.6828379999999998
9997,2018-01-24 11:41:39.774,1.6828379999999998
9998,2018-01-24 11:41:39.874,1.6828379999999998
9999,2018-01-24 11:41:39.974,1.6828379999999998
10000,2018-01-24 11:41:40.074,1.6828379999999998
10001,2018-01-24 11:41:40.174,1.6828379999999998
10002,2018-01-24 11:41:40.274,1.79257
10003,2018-01-24 11:41:40.374,1.79257
10004,2018-01-24 11:41:40.474,1.79257
10005,2018-01-24 11:41:40.574,1.79257
10006,2018-01-24 11:41:40.674,1.79257
10007,2018-01-24 11:41:40.773,1.79257
10008,2018-01-24 11:41:40.873,1.79257
10009,2018-01-24 11:41:40.973,1.79257
10010,2018-01-24 11:41:41.073,1.79257
10011,2018-01-24 11:41:41.174,1.79257
10012,2018-01-24 11:41:41.273,1.965174
10013,2018-01-24 11:41:41.373,1.965174
10014,2018-01-24 11:41:41.474,1.965174
10015,2018-01-24 11:41:41.574,1.965174
10016,2018-01-24 11:41:41.674,1.965174
10017,2018-01-24 11:41:41.774,1.965174
10018,2018-01-24 11:41:41.874,1.965174
10019,2018-01-24 11:41:41.974,1.965174
10020,2018-01-24 11:41:42.074,1.965174
10021,2018-01-24 11:41:42.174,1.965174
10022,2018-01-24 11:41:42.274,1.952593
10023,2018-01-24 11:41:42.374,1.952593
10024,2018-01-24 11:41:42.474,1.952593
10025,2018-01-24 11:41:42.574,1.952593
10026,2018-01-24 11:41:42.674,1.952593
10027,2018-01-24 11:41:42.774,1.952593
10028,2018-01-24 11:41:42.875,1.952593
10029,2018-01-24 11:41:42.974,1.952593
10030,2018-01-24 11:41:43.074,1.952593
10031,2018-01-24 11:41:43.174,1.952593
10032,2018-01-24 11:41:43.274,1.952593
10033,2018-01-24 11:41:43.374,1.666125
10034,2018-01-24 11:41:43.474,1.666125
10035,2018-01-24 11:41:43.574,1.666125
10036,2018-01-24 11:41:43.674,1.666125
10037,2018-01-24 11:41:43.774,1.666125
10038,2018-01-24 11:41:43.874,1.666125
10039,2018-01-24 11:41:43.974,1.666125
10040,2018-01-24 11:41:44.074,1.666125
10041,2018-01-24 11:41:44.174,1.666125
10042,2018-01-24 11:41:44.274,1.666125
10043,2018-01-24 11:41:44.374,1.259077
10044,2018-01-24 11:41:44.474,1.259077
10045,2018-01-24 11:41:44.574,1.259077
10046,2018-01-24 11:41:44.674,1.259077
10047,2018-01-24 11:41:44.776,1.259077
10048,2018-01-24 11:41:44.875,1.259077
10049,2018-01-24 11:41:44.975,1.259077
10050,2018-01-24 11:41:45.075,1.259077
10051,2018-01-24 11:41:45.175,1.259077
10052,2018-01-24 11:41:45.276,1.259077
10053,2018-01-24 11:41:45.375,0.923867
10054,2018-01-24 11:41:45.475,0.923867
10055,2018-01-24 11:41:45.576,0.923867
10056,2018-01-24 11:41:45.673,0.923867
10057,2018-01-24 11:41:45.773,0.923867
10058,2018-01-24 11:41:45.873,0.923867
10059,2018-01-24 11:41:45.973,0.923867
10060,2018-01-24 11:41:46.073,0.923867
10061,2018-01-24 11:41:46.173,0.923867
10062,2018-01-24 11:41:46.273,0.923867
10063,2018-01-24 11:41:46.373,0.7840269999999999
10064,2018-01-24 11:41:46.473,0.7840269999999999
10065,2018-01-24 11:41:46.573,0.7840269999999999
10066,2018-01-24 11:41:46.673,0.7840269999999999
10067,2018-01-24 11:41:46.773,0.7840269999999999
10068,2018-01-24 11:41:46.873,0.7840269999999999
10069,2018-01-24 11:41:46.973,0.7840269999999999
10070,2018-01-24 11:41:47.073,0.7840269999999999
10071,2018-01-24 11:41:47.173,0.7840269999999999
10072,2018-01-24 11:41:47.273,0.832031
10073,2018-01-24 11:41:47.373,0.832031
10074,2018-01-24 11:41:47.473,0.832031
10075,2018-01-24 11:41:47.573,0.832031
10076,2018-01-24 11:41:47.674,0.832031
10077,2018-01-24 11:41:47.774,0.832031
10078,2018-01-24 11:41:47.874,0.832031
10079,2018-01-24 11:41:47.974,0.832031
10080,2018-01-24 11:41:48.074,0.832031
10081,2018-01-24 11:41:48.174,0.832031
10082,2018-01-24 11:41:48.274,0.8902190000000001
10083,2018-01-24 11:41:48.374,0.8902190000000001
10084,2018-01-24 11:41:48.474,0.8902190000000001
10085,2018-01-24 11:41:48.574,0.8902190000000001
10086,2018-01-24 11:41:48.674,0.8902190000000001
10087,2018-01-24 11:41:48.774,0.8902190000000001
10088,2018-01-24 11:41:48.874,0.8902190000000001
10089,2018-01-24 11:41:48.974,0.8902190000000001
10090,2018-01-24 11:41:49.074,0.8902190000000001
10091,2018-01-24 11:41:49.174,0.8902190000000001
10092,2018-01-24 11:41:49.274,0.822368
10093,2018-01-24 11:41:49.374,0.822368
10094,2018-01-24 11:41:49.474,0.822368
10095,2018-01-24 11:41:49.574,0.822368
10096,2018-01-24 11:41:49.674,0.822368
10097,2018-01-24 11:41:49.774,0.822368
10098,2018-01-24 11:41:49.874,0.822368
10099,2018-01-24 11:41:49.974,0.822368
10100,2018-01-24 11:41:50.074,0.822368
10101,2018-01-24 11:41:50.174,0.822368
10102,2018-01-24 11:41:50.274,0.822368
10103,2018-01-24 11:41:50.374,0.6205419999999999
10104,2018-01-24 11:41:50.474,0.6205419999999999
10105,2018-01-24 11:41:50.574,0.6205419999999999
10106,2018-01-24 11:41:50.674,0.6205419999999999
10107,2018-01-24 11:41:50.774,0.6205419999999999
10108,2018-01-24 11:41:50.874,0.6205419999999999
10109,2018-01-24 11:41:50.974,0.6205419999999999
10110,2018-01-24 11:41:51.074,0.6205419999999999
10111,2018-01-24 11:41:51.174,0.6205419999999999
10112,2018-01-24 11:41:51.274,0.312748
10113,2018-01-24 11:41:51.375,0.312748
10114,2018-01-24 11:41:51.474,0.312748
10115,2018-01-24 11:41:51.574,0.312748
10116,2018-01-24 11:41:51.674,0.312748
10117,2018-01-24 11:41:51.774,0.312748
10118,2018-01-24 11:41:51.874,0.312748
10119,2018-01-24 11:41:51.974,0.312748
10120,2018-01-24 11:41:52.074,0.312748
10121,2018-01-24 11:41:52.174,0.312748
10122,2018-01-24 11:41:52.274,0.018346
10123,2018-01-24 11:41:52.374,0.018346
10124,2018-01-24 11:41:52.474,0.018346
10125,2018-01-24 11:41:52.574,0.018346
10126,2018-01-24 11:41:52.674,0.018346
10127,2018-01-24 11:41:52.774,0.018346
10128,2018-01-24 11:41:52.874,0.018346
10129,2018-01-24 11:41:52.974,0.018346
10130,2018-01-24 11:41:53.074,0.018346
10131,2018-01-24 11:41:53.174,0.018346
10132,2018-01-24 11:41:53.274,-0.17632299999999998
10133,2018-01-24 11:41:53.374,-0.17632299999999998
10134,2018-01-24 11:41:53.474,-0.17632299999999998
10135,2018-01-24 11:41:53.575,-0.17632299999999998
10136,2018-01-24 11:41:53.674,-0.17632299999999998
10137,2018-01-24 11:41:53.775,-0.17632299999999998
10138,2018-01-24 11:41:53.875,-0.17632299999999998
10139,2018-01-24 11:41:53.975,-0.17632299999999998
10140,2018-01-24 11:41:54.075,-0.17632299999999998
10141,2018-01-24 11:41:54.175,-0.17632299999999998
10142,2018-01-24 11:41:54.275,-0.17536500000000002
10143,2018-01-24 11:41:54.375,-0.17536500000000002
10144,2018-01-24 11:41:54.475,-0.17536500000000002
10145,2018-01-24 11:41:54.575,-0.17536500000000002
10146,2018-01-24 11:41:54.675,-0.17536500000000002
10147,2018-01-24 11:41:54.776,-0.17536500000000002
10148,2018-01-24 11:41:54.875,-0.17536500000000002
10149,2018-01-24 11:41:54.975,-0.17536500000000002
10150,2018-01-24 11:41:55.076,-0.17536500000000002
10151,2018-01-24 11:41:55.176,-0.17536500000000002
10152,2018-01-24 11:41:55.275,-0.17536500000000002
10153,2018-01-24 11:41:55.376,-0.056999
10154,2018-01-24 11:41:55.475,-0.056999
10155,2018-01-24 11:41:55.575,-0.056999
10156,2018-01-24 11:41:55.673,-0.056999
10157,2018-01-24 11:41:55.773,-0.056999
10158,2018-01-24 11:41:55.873,-0.056999
10159,2018-01-24 11:41:55.973,-0.056999
10160,2018-01-24 11:41:56.073,-0.056999
10161,2018-01-24 11:41:56.173,-0.056999
10162,2018-01-24 11:41:56.273,0.067825
10163,2018-01-24 11:41:56.373,0.067825
10164,2018-01-24 11:41:56.473,0.067825
10165,2018-01-24 11:41:56.573,0.067825
10166,2018-01-24 11:41:56.673,0.067825
10167,2018-01-24 11:41:56.775,0.067825
10168,2018-01-24 11:41:56.874,0.067825
10169,2018-01-24 11:41:56.974,0.067825
10170,2018-01-24 11:41:57.074,0.067825
10171,2018-01-24 11:41:57.174,0.067825
10172,2018-01-24 11:41:57.274,0.216594
10173,2018-01-24 11:41:57.374,0.216594
10174,2018-01-24 11:41:57.475,0.216594
10175,2018-01-24 11:41:57.574,0.216594
10176,2018-01-24 11:41:57.674,0.216594
10177,2018-01-24 11:41:57.774,0.216594
10178,2018-01-24 11:41:57.874,0.216594
10179,2018-01-24 11:41:57.974,0.216594
10180,2018-01-24 11:41:58.074,0.216594
10181,2018-01-24 11:41:58.174,0.216594
10182,2018-01-24 11:41:58.274,0.278986
10183,2018-01-24 11:41:58.374,0.278986
10184,2018-01-24 11:41:58.474,0.278986
10185,2018-01-24 11:41:58.574,0.278986
10186,2018-01-24 11:41:58.674,0.278986
10187,2018-01-24 11:41:58.774,0.278986
10188,2018-01-24 11:41:58.875,0.278986
10189,2018-01-24 11:41:58.975,0.278986
10190,2018-01-24 11:41:59.074,0.278986
10191,2018-01-24 11:41:59.175,0.278986
10192,2018-01-24 11:41:59.274,0.334144
10193,2018-01-24 11:41:59.374,0.334144
10194,2018-01-24 11:41:59.475,0.334144
10195,2018-01-24 11:41:59.575,0.334144
10196,2018-01-24 11:41:59.675,0.334144
10197,2018-01-24 11:41:59.775,0.334144
10198,2018-01-24 11:41:59.875,0.334144
10199,2018-01-24 11:41:59.975,0.334144
10200,2018-01-24 11:42:00.075,0.334144
10201,2018-01-24 11:42:00.175,0.334144
10202,2018-01-24 11:42:00.275,0.334144
10203,2018-01-24 11:42:00.375,0.387347
10204,2018-01-24 11:42:00.475,0.387347
10205,2018-01-24 11:42:00.575,0.387347
10206,2018-01-24 11:42:00.674,0.387347
10207,2018-01-24 11:42:00.774,0.387347
10208,2018-01-24 11:42:00.874,0.387347
10209,2018-01-24 11:42:00.974,0.387347
10210,2018-01-24 11:42:01.074,0.387347
10211,2018-01-24 11:42:01.174,0.387347
10212,2018-01-24 11:42:01.275,0.417195
10213,2018-01-24 11:42:01.375,0.417195
10214,2018-01-24 11:42:01.474,0.417195
10215,2018-01-24 11:42:01.575,0.417195
10216,2018-01-24 11:42:01.674,0.417195
10217,2018-01-24 11:42:01.774,0.417195
10218,2018-01-24 11:42:01.874,0.417195
10219,2018-01-24 11:42:01.974,0.417195
10220,2018-01-24 11:42:02.074,0.417195
10221,2018-01-24 11:42:02.174,0.417195
10222,2018-01-24 11:42:02.274,0.435313
10223,2018-01-24 11:42:02.374,0.435313
10224,2018-01-24 11:42:02.474,0.435313
10225,2018-01-24 11:42:02.575,0.435313
10226,2018-01-24 11:42:02.674,0.435313
10227,2018-01-24 11:42:02.775,0.435313
10228,2018-01-24 11:42:02.875,0.435313
10229,2018-01-24 11:42:02.975,0.435313
10230,2018-01-24 11:42:03.075,0.435313
10231,2018-01-24 11:42:03.176,0.435313
10232,2018-01-24 11:42:03.275,0.435313
10233,2018-01-24 11:42:03.375,0.484389
10234,2018-01-24 11:42:03.476,0.484389
10235,2018-01-24 11:42:03.576,0.484389
10236,2018-01-24 11:42:03.675,0.484389
10237,2018-01-24 11:42:03.775,0.484389
10238,2018-01-24 11:42:03.875,0.484389
10239,2018-01-24 11:42:03.975,0.484389
10240,2018-01-24 11:42:04.075,0.484389
10241,2018-01-24 11:42:04.175,0.484389
10242,2018-01-24 11:42:04.275,0.6167020000000001
10243,2018-01-24 11:42:04.375,0.6167020000000001
10244,2018-01-24 11:42:04.475,0.6167020000000001
10245,2018-01-24 11:42:04.575,0.6167020000000001
10246,2018-01-24 11:42:04.675,0.6167020000000001
10247,2018-01-24 11:42:04.776,0.6167020000000001
10248,2018-01-24 11:42:04.875,0.6167020000000001
10249,2018-01-24 11:42:04.975,0.6167020000000001
10250,2018-01-24 11:42:05.075,0.6167020000000001
10251,2018-01-24 11:42:05.175,0.6167020000000001
10252,2018-01-24 11:42:05.275,0.6167020000000001
10253,2018-01-24 11:42:05.376,0.829707
10254,2018-01-24 11:42:05.475,0.829707
10255,2018-01-24 11:42:05.576,0.829707
10256,2018-01-24 11:42:05.673,0.829707
10257,2018-01-24 11:42:05.774,0.829707
10258,2018-01-24 11:42:05.873,0.829707
10259,2018-01-24 11:42:05.974,0.829707
10260,2018-01-24 11:42:06.074,0.829707
10261,2018-01-24 11:42:06.174,0.829707
10262,2018-01-24 11:42:06.274,0.829707
10263,2018-01-24 11:42:06.374,1.024224
10264,2018-01-24 11:42:06.474,1.024224
10265,2018-01-24 11:42:06.574,1.024224
10266,2018-01-24 11:42:06.674,1.024224
10267,2018-01-24 11:42:06.774,1.024224
10268,2018-01-24 11:42:06.874,1.024224
10269,2018-01-24 11:42:06.974,1.024224
10270,2018-01-24 11:42:07.075,1.024224
10271,2018-01-24 11:42:07.174,1.024224
10272,2018-01-24 11:42:07.275,1.024224
10273,2018-01-24 11:42:07.374,1.145982
10274,2018-01-24 11:42:07.475,1.145982
10275,2018-01-24 11:42:07.574,1.145982
10276,2018-01-24 11:42:07.674,1.145982
10277,2018-01-24 11:42:07.774,1.145982
10278,2018-01-24 11:42:07.874,1.145982
10279,2018-01-24 11:42:07.974,1.145982
10280,2018-01-24 11:42:08.074,1.145982
10281,2018-01-24 11:42:08.174,1.145982
10282,2018-01-24 11:42:08.274,1.145982
10283,2018-01-24 11:42:08.374,1.1706299999999998
10284,2018-01-24 11:42:08.474,1.1706299999999998
10285,2018-01-24 11:42:08.574,1.1706299999999998
10286,2018-01-24 11:42:08.674,1.1706299999999998
10287,2018-01-24 11:42:08.775,1.1706299999999998
10288,2018-01-24 11:42:08.875,1.1706299999999998
10289,2018-01-24 11:42:08.975,1.1706299999999998
10290,2018-01-24 11:42:09.075,1.1706299999999998
10291,2018-01-24 11:42:09.175,1.1706299999999998
10292,2018-01-24 11:42:09.275,1.1706299999999998
10293,2018-01-24 11:42:09.376,1.172549
10294,2018-01-24 11:42:09.475,1.172549
10295,2018-01-24 11:42:09.576,1.172549
10296,2018-01-24 11:42:09.675,1.172549
10297,2018-01-24 11:42:09.775,1.172549
10298,2018-01-24 11:42:09.875,1.172549
10299,2018-01-24 11:42:09.975,1.172549
10300,2018-01-24 11:42:10.075,1.172549
10301,2018-01-24 11:42:10.175,1.172549
10302,2018-01-24 11:42:10.275,1.172549
10303,2018-01-24 11:42:10.375,1.269918
10304,2018-01-24 11:42:10.475,1.269918
10305,2018-01-24 11:42:10.575,1.269918
10306,2018-01-24 11:42:10.674,1.269918
10307,2018-01-24 11:42:10.775,1.269918
10308,2018-01-24 11:42:10.874,1.269918
10309,2018-01-24 11:42:10.974,1.269918
10310,2018-01-24 11:42:11.075,1.269918
10311,2018-01-24 11:42:11.175,1.269918
10312,2018-01-24 11:42:11.274,1.269918
10313,2018-01-24 11:42:11.374,1.473957
10314,2018-01-24 11:42:11.475,1.473957
10315,2018-01-24 11:42:11.575,1.473957
10316,2018-01-24 11:42:11.675,1.473957
10317,2018-01-24 11:42:11.775,1.473957
10318,2018-01-24 11:42:11.875,1.473957
10319,2018-01-24 11:42:11.975,1.473957
10320,2018-01-24 11:42:12.075,1.473957
10321,2018-01-24 11:42:12.175,1.473957
10322,2018-01-24 11:42:12.275,1.7317900000000002
10323,2018-01-24 11:42:12.375,1.7317900000000002
10324,2018-01-24 11:42:12.475,1.7317900000000002
10325,2018-01-24 11:42:12.575,1.7317900000000002
10326,2018-01-24 11:42:12.675,1.7317900000000002
10327,2018-01-24 11:42:12.775,1.7317900000000002
10328,2018-01-24 11:42:12.876,1.7317900000000002
10329,2018-01-24 11:42:12.975,1.7317900000000002
10330,2018-01-24 11:42:13.075,1.7317900000000002
10331,2018-01-24 11:42:13.176,1.7317900000000002
10332,2018-01-24 11:42:13.275,1.7317900000000002
10333,2018-01-24 11:42:13.375,1.929263
10334,2018-01-24 11:42:13.476,1.929263
10335,2018-01-24 11:42:13.576,1.929263
10336,2018-01-24 11:42:13.675,1.929263
10337,2018-01-24 11:42:13.775,1.929263
10338,2018-01-24 11:42:13.875,1.929263
10339,2018-01-24 11:42:13.975,1.929263
10340,2018-01-24 11:42:14.075,1.929263
10341,2018-01-24 11:42:14.175,1.929263
10342,2018-01-24 11:42:14.275,1.929263
10343,2018-01-24 11:42:14.375,1.948341
10344,2018-01-24 11:42:14.475,1.948341
10345,2018-01-24 11:42:14.575,1.948341
10346,2018-01-24 11:42:14.675,1.948341
10347,2018-01-24 11:42:14.775,1.948341
10348,2018-01-24 11:42:14.876,1.948341
10349,2018-01-24 11:42:14.976,1.948341
10350,2018-01-24 11:42:15.076,1.948341
10351,2018-01-24 11:42:15.176,1.948341
10352,2018-01-24 11:42:15.276,1.948341
10353,2018-01-24 11:42:15.377,1.866617
10354,2018-01-24 11:42:15.476,1.866617
10355,2018-01-24 11:42:15.576,1.866617
10356,2018-01-24 11:42:15.674,1.866617
10357,2018-01-24 11:42:15.774,1.866617
10358,2018-01-24 11:42:15.874,1.866617
10359,2018-01-24 11:42:15.974,1.866617
10360,2018-01-24 11:42:16.074,1.866617
10361,2018-01-24 11:42:16.174,1.866617
10362,2018-01-24 11:42:16.274,1.866617
10363,2018-01-24 11:42:16.374,1.888053
10364,2018-01-24 11:42:16.474,1.888053
10365,2018-01-24 11:42:16.574,1.888053
10366,2018-01-24 11:42:16.674,1.888053
10367,2018-01-24 11:42:16.774,1.888053
10368,2018-01-24 11:42:16.874,1.888053
10369,2018-01-24 11:42:16.974,1.888053
10370,2018-01-24 11:42:17.074,1.888053
10371,2018-01-24 11:42:17.174,1.888053
10372,2018-01-24 11:42:17.274,2.073678
10373,2018-01-24 11:42:17.374,2.073678
10374,2018-01-24 11:42:17.474,2.073678
10375,2018-01-24 11:42:17.574,2.073678
10376,2018-01-24 11:42:17.674,2.073678
10377,2018-01-24 11:42:17.776,2.073678
10378,2018-01-24 11:42:17.875,2.073678
10379,2018-01-24 11:42:17.975,2.073678
10380,2018-01-24 11:42:18.075,2.073678
10381,2018-01-24 11:42:18.175,2.073678
10382,2018-01-24 11:42:18.275,2.371838
10383,2018-01-24 11:42:18.375,2.371838
10384,2018-01-24 11:42:18.475,2.371838
10385,2018-01-24 11:42:18.575,2.371838
10386,2018-01-24 11:42:18.675,2.371838
10387,2018-01-24 11:42:18.775,2.371838
10388,2018-01-24 11:42:18.875,2.371838
10389,2018-01-24 11:42:18.975,2.371838
10390,2018-01-24 11:42:19.075,2.371838
10391,2018-01-24 11:42:19.175,2.371838
10392,2018-01-24 11:42:19.275,2.58071
10393,2018-01-24 11:42:19.375,2.58071
10394,2018-01-24 11:42:19.475,2.58071
10395,2018-01-24 11:42:19.575,2.58071
10396,2018-01-24 11:42:19.675,2.58071
10397,2018-01-24 11:42:19.775,2.58071
10398,2018-01-24 11:42:19.875,2.58071
10399,2018-01-24 11:42:19.975,2.58071
10400,2018-01-24 11:42:20.075,2.58071
10401,2018-01-24 11:42:20.175,2.58071
10402,2018-01-24 11:42:20.275,2.62318
10403,2018-01-24 11:42:20.375,2.62318
10404,2018-01-24 11:42:20.475,2.62318
10405,2018-01-24 11:42:20.575,2.62318
10406,2018-01-24 11:42:20.674,2.62318
10407,2018-01-24 11:42:20.775,2.62318
10408,2018-01-24 11:42:20.875,2.62318
10409,2018-01-24 11:42:20.976,2.62318
10410,2018-01-24 11:42:21.075,2.62318
10411,2018-01-24 11:42:21.176,2.62318
10412,2018-01-24 11:42:21.275,2.533373
10413,2018-01-24 11:42:21.376,2.533373
10414,2018-01-24 11:42:21.476,2.533373
10415,2018-01-24 11:42:21.575,2.533373
10416,2018-01-24 11:42:21.675,2.533373
10417,2018-01-24 11:42:21.775,2.533373
10418,2018-01-24 11:42:21.875,2.533373
10419,2018-01-24 11:42:21.975,2.533373
10420,2018-01-24 11:42:22.075,2.533373
10421,2018-01-24 11:42:22.175,2.533373
10422,2018-01-24 11:42:22.275,2.345352
10423,2018-01-24 11:42:22.375,2.345352
10424,2018-01-24 11:42:22.475,2.345352
10425,2018-01-24 11:42:22.575,2.345352
10426,2018-01-24 11:42:22.675,2.345352
10427,2018-01-24 11:42:22.775,2.345352
10428,2018-01-24 11:42:22.875,2.345352
10429,2018-01-24 11:42:22.975,2.345352
10430,2018-01-24 11:42:23.076,2.345352
10431,2018-01-24 11:42:23.175,2.345352
10432,2018-01-24 11:42:23.276,2.248383
10433,2018-01-24 11:42:23.375,2.248383
10434,2018-01-24 11:42:23.475,2.248383
10435,2018-01-24 11:42:23.575,2.248383
10436,2018-01-24 11:42:23.675,2.248383
10437,2018-01-24 11:42:23.777,2.248383
10438,2018-01-24 11:42:23.876,2.248383
10439,2018-01-24 11:42:23.976,2.248383
10440,2018-01-24 11:42:24.076,2.248383
10441,2018-01-24 11:42:24.176,2.248383
10442,2018-01-24 11:42:24.276,2.248383
10443,2018-01-24 11:42:24.376,2.255575
10444,2018-01-24 11:42:24.476,2.255575
10445,2018-01-24 11:42:24.576,2.255575
10446,2018-01-24 11:42:24.676,2.255575
10447,2018-01-24 11:42:24.776,2.255575
10448,2018-01-24 11:42:24.877,2.255575
10449,2018-01-24 11:42:24.977,2.255575
10450,2018-01-24 11:42:25.077,2.255575
10451,2018-01-24 11:42:25.177,2.255575
10452,2018-01-24 11:42:25.276,2.354086
10453,2018-01-24 11:42:25.376,2.354086
10454,2018-01-24 11:42:25.477,2.354086
10455,2018-01-24 11:42:25.577,2.354086
10456,2018-01-24 11:42:25.674,2.354086
10457,2018-01-24 11:42:25.774,2.354086
10458,2018-01-24 11:42:25.874,2.354086
10459,2018-01-24 11:42:25.974,2.354086
10460,2018-01-24 11:42:26.074,2.354086
10461,2018-01-24 11:42:26.174,2.354086
10462,2018-01-24 11:42:26.274,2.457212
10463,2018-01-24 11:42:26.374,2.457212
10464,2018-01-24 11:42:26.474,2.457212
10465,2018-01-24 11:42:26.574,2.457212
10466,2018-01-24 11:42:26.674,2.457212
10467,2018-01-24 11:42:26.774,2.457212
10468,2018-01-24 11:42:26.874,2.457212
10469,2018-01-24 11:42:26.975,2.457212
10470,2018-01-24 11:42:27.075,2.457212
10471,2018-01-24 11:42:27.175,2.457212
10472,2018-01-24 11:42:27.275,2.557462
10473,2018-01-24 11:42:27.376,2.557462
10474,2018-01-24 11:42:27.475,2.557462
10475,2018-01-24 11:42:27.575,2.557462
10476,2018-01-24 11:42:27.675,2.557462
10477,2018-01-24 11:42:27.775,2.557462
10478,2018-01-24 11:42:27.875,2.557462
10479,2018-01-24 11:42:27.975,2.557462
10480,2018-01-24 11:42:28.075,2.557462
10481,2018-01-24 11:42:28.175,2.557462
10482,2018-01-24 11:42:28.275,2.633692
10483,2018-01-24 11:42:28.375,2.633692
10484,2018-01-24 11:42:28.475,2.633692
10485,2018-01-24 11:42:28.575,2.633692
10486,2018-01-24 11:42:28.675,2.633692
10487,2018-01-24 11:42:28.775,2.633692
10488,2018-01-24 11:42:28.875,2.633692
10489,2018-01-24 11:42:28.976,2.633692
10490,2018-01-24 11:42:29.075,2.633692
10491,2018-01-24 11:42:29.175,2.633692
10492,2018-01-24 11:42:29.276,2.61672
10493,2018-01-24 11:42:29.375,2.61672
10494,2018-01-24 11:42:29.475,2.61672
10495,2018-01-24 11:42:29.575,2.61672
10496,2018-01-24 11:42:29.676,2.61672
10497,2018-01-24 11:42:29.775,2.61672
10498,2018-01-24 11:42:29.875,2.61672
10499,2018-01-24 11:42:29.976,2.61672
10500,2018-01-24 11:42:30.076,2.61672
10501,2018-01-24 11:42:30.176,2.61672
10502,2018-01-24 11:42:30.276,2.393272
10503,2018-01-24 11:42:30.376,2.393272
10504,2018-01-24 11:42:30.476,2.393272
10505,2018-01-24 11:42:30.576,2.393272
10506,2018-01-24 11:42:30.675,2.393272
10507,2018-01-24 11:42:30.775,2.393272
10508,2018-01-24 11:42:30.875,2.393272
10509,2018-01-24 11:42:30.976,2.393272
10510,2018-01-24 11:42:31.076,2.393272
10511,2018-01-24 11:42:31.176,2.393272
10512,2018-01-24 11:42:31.276,2.393272
10513,2018-01-24 11:42:31.376,2.196352
10514,2018-01-24 11:42:31.476,2.196352
10515,2018-01-24 11:42:31.575,2.196352
10516,2018-01-24 11:42:31.676,2.196352
10517,2018-01-24 11:42:31.775,2.196352
10518,2018-01-24 11:42:31.875,2.196352
10519,2018-01-24 11:42:31.975,2.196352
10520,2018-01-24 11:42:32.075,2.196352
10521,2018-01-24 11:42:32.175,2.196352
10522,2018-01-24 11:42:32.275,2.196352
10523,2018-01-24 11:42:32.375,2.077506
10524,2018-01-24 11:42:32.475,2.077506
10525,2018-01-24 11:42:32.575,2.077506
10526,2018-01-24 11:42:32.675,2.077506
10527,2018-01-24 11:42:32.775,2.077506
10528,2018-01-24 11:42:32.875,2.077506
10529,2018-01-24 11:42:32.976,2.077506
10530,2018-01-24 11:42:33.077,2.077506
10531,2018-01-24 11:42:33.176,2.077506
10532,2018-01-24 11:42:33.276,2.103406
10533,2018-01-24 11:42:33.377,2.103406
10534,2018-01-24 11:42:33.476,2.103406
10535,2018-01-24 11:42:33.577,2.103406
10536,2018-01-24 11:42:33.676,2.103406
10537,2018-01-24 11:42:33.776,2.103406
10538,2018-01-24 11:42:33.876,2.103406
10539,2018-01-24 11:42:33.976,2.103406
10540,2018-01-24 11:42:34.076,2.103406
10541,2018-01-24 11:42:34.176,2.103406
10542,2018-01-24 11:42:34.276,2.194466
10543,2018-01-24 11:42:34.376,2.194466
10544,2018-01-24 11:42:34.476,2.194466
10545,2018-01-24 11:42:34.576,2.194466
10546,2018-01-24 11:42:34.676,2.194466
10547,2018-01-24 11:42:34.776,2.194466
10548,2018-01-24 11:42:34.877,2.194466
10549,2018-01-24 11:42:34.976,2.194466
10550,2018-01-24 11:42:35.076,2.194466
10551,2018-01-24 11:42:35.177,2.194466
10552,2018-01-24 11:42:35.276,2.194466
10553,2018-01-24 11:42:35.376,2.178788
10554,2018-01-24 11:42:35.476,2.178788
10555,2018-01-24 11:42:35.576,2.178788
10556,2018-01-24 11:42:35.673,2.178788
10557,2018-01-24 11:42:35.773,2.178788
10558,2018-01-24 11:42:35.873,2.178788
10559,2018-01-24 11:42:35.974,2.178788
10560,2018-01-24 11:42:36.074,2.178788
10561,2018-01-24 11:42:36.174,2.178788
10562,2018-01-24 11:42:36.274,2.105477
10563,2018-01-24 11:42:36.374,2.105477
10564,2018-01-24 11:42:36.474,2.105477
10565,2018-01-24 11:42:36.574,2.105477
10566,2018-01-24 11:42:36.674,2.105477
10567,2018-01-24 11:42:36.774,2.105477
10568,2018-01-24 11:42:36.874,2.105477
10569,2018-01-24 11:42:36.974,2.105477
10570,2018-01-24 11:42:37.074,2.105477
10571,2018-01-24 11:42:37.174,2.105477
10572,2018-01-24 11:42:37.274,2.105477
10573,2018-01-24 11:42:37.374,2.04626
10574,2018-01-24 11:42:37.474,2.04626
10575,2018-01-24 11:42:37.574,2.04626
10576,2018-01-24 11:42:37.674,2.04626
10577,2018-01-24 11:42:37.774,2.04626
10578,2018-01-24 11:42:37.874,2.04626
10579,2018-01-24 11:42:37.974,2.04626
10580,2018-01-24 11:42:38.074,2.04626
10581,2018-01-24 11:42:38.174,2.04626
10582,2018-01-24 11:42:38.274,2.04626
10583,2018-01-24 11:42:38.374,2.132635
10584,2018-01-24 11:42:38.474,2.132635
10585,2018-01-24 11:42:38.574,2.132635
10586,2018-01-24 11:42:38.674,2.132635
10587,2018-01-24 11:42:38.774,2.132635
10588,2018-01-24 11:42:38.874,2.132635
10589,2018-01-24 11:42:38.974,2.132635
10590,2018-01-24 11:42:39.075,2.132635
10591,2018-01-24 11:42:39.175,2.132635
10592,2018-01-24 11:42:39.275,2.291548
10593,2018-01-24 11:42:39.375,2.291548
10594,2018-01-24 11:42:39.475,2.291548
10595,2018-01-24 11:42:39.575,2.291548
10596,2018-01-24 11:42:39.675,2.291548
10597,2018-01-24 11:42:39.775,2.291548
10598,2018-01-24 11:42:39.875,2.291548
10599,2018-01-24 11:42:39.975,2.291548
10600,2018-01-24 11:42:40.075,2.291548
10601,2018-01-24 11:42:40.175,2.291548
10602,2018-01-24 11:42:40.275,2.291548
10603,2018-01-24 11:42:40.375,2.346266
10604,2018-01-24 11:42:40.475,2.346266
10605,2018-01-24 11:42:40.575,2.346266
10606,2018-01-24 11:42:40.674,2.346266
10607,2018-01-24 11:42:40.774,2.346266
10608,2018-01-24 11:42:40.875,2.346266
10609,2018-01-24 11:42:40.975,2.346266
10610,2018-01-24 11:42:41.074,2.346266
10611,2018-01-24 11:42:41.174,2.346266
10612,2018-01-24 11:42:41.274,2.2684509999999998
10613,2018-01-24 11:42:41.375,2.2684509999999998
10614,2018-01-24 11:42:41.474,2.2684509999999998
10615,2018-01-24 11:42:41.574,2.2684509999999998
10616,2018-01-24 11:42:41.675,2.2684509999999998
10617,2018-01-24 11:42:41.774,2.2684509999999998
10618,2018-01-24 11:42:41.874,2.2684509999999998
10619,2018-01-24 11:42:41.975,2.2684509999999998
10620,2018-01-24 11:42:42.075,2.2684509999999998
10621,2018-01-24 11:42:42.175,2.2684509999999998
10622,2018-01-24 11:42:42.275,2.146029
10623,2018-01-24 11:42:42.375,2.146029
10624,2018-01-24 11:42:42.475,2.146029
10625,2018-01-24 11:42:42.575,2.146029
10626,2018-01-24 11:42:42.675,2.146029
10627,2018-01-24 11:42:42.775,2.146029
10628,2018-01-24 11:42:42.875,2.146029
10629,2018-01-24 11:42:42.975,2.146029
10630,2018-01-24 11:42:43.075,2.146029
10631,2018-01-24 11:42:43.175,2.146029
10632,2018-01-24 11:42:43.275,2.13902
10633,2018-01-24 11:42:43.376,2.13902
10634,2018-01-24 11:42:43.475,2.13902
10635,2018-01-24 11:42:43.576,2.13902
10636,2018-01-24 11:42:43.676,2.13902
10637,2018-01-24 11:42:43.776,2.13902
10638,2018-01-24 11:42:43.875,2.13902
10639,2018-01-24 11:42:43.975,2.13902
10640,2018-01-24 11:42:44.075,2.13902
10641,2018-01-24 11:42:44.175,2.13902
10642,2018-01-24 11:42:44.275,2.328005
10643,2018-01-24 11:42:44.375,2.328005
10644,2018-01-24 11:42:44.475,2.328005
10645,2018-01-24 11:42:44.575,2.328005
10646,2018-01-24 11:42:44.675,2.328005
10647,2018-01-24 11:42:44.775,2.328005
10648,2018-01-24 11:42:44.875,2.328005
10649,2018-01-24 11:42:44.975,2.328005
10650,2018-01-24 11:42:45.075,2.328005
10651,2018-01-24 11:42:45.177,2.328005
10652,2018-01-24 11:42:45.276,2.5084299999999997
10653,2018-01-24 11:42:45.377,2.5084299999999997
10654,2018-01-24 11:42:45.476,2.5084299999999997
10655,2018-01-24 11:42:45.576,2.5084299999999997
10656,2018-01-24 11:42:45.675,2.5084299999999997
10657,2018-01-24 11:42:45.774,2.5084299999999997
10658,2018-01-24 11:42:45.874,2.5084299999999997
10659,2018-01-24 11:42:45.974,2.5084299999999997
10660,2018-01-24 11:42:46.074,2.5084299999999997
10661,2018-01-24 11:42:46.174,2.5084299999999997
10662,2018-01-24 11:42:46.274,2.557503
10663,2018-01-24 11:42:46.374,2.557503
10664,2018-01-24 11:42:46.474,2.557503
10665,2018-01-24 11:42:46.574,2.557503
10666,2018-01-24 11:42:46.674,2.557503
10667,2018-01-24 11:42:46.774,2.557503
10668,2018-01-24 11:42:46.874,2.557503
10669,2018-01-24 11:42:46.974,2.557503
10670,2018-01-24 11:42:47.075,2.557503
10671,2018-01-24 11:42:47.174,2.557503
10672,2018-01-24 11:42:47.274,2.429805
10673,2018-01-24 11:42:47.374,2.429805
10674,2018-01-24 11:42:47.475,2.429805
10675,2018-01-24 11:42:47.574,2.429805
10676,2018-01-24 11:42:47.674,2.429805
10677,2018-01-24 11:42:47.775,2.429805
10678,2018-01-24 11:42:47.874,2.429805
10679,2018-01-24 11:42:47.974,2.429805
10680,2018-01-24 11:42:48.074,2.429805
10681,2018-01-24 11:42:48.175,2.429805
10682,2018-01-24 11:42:48.275,2.429805
10683,2018-01-24 11:42:48.375,2.280635
10684,2018-01-24 11:42:48.475,2.280635
10685,2018-01-24 11:42:48.575,2.280635
10686,2018-01-24 11:42:48.675,2.280635
10687,2018-01-24 11:42:48.775,2.280635
10688,2018-01-24 11:42:48.875,2.280635
10689,2018-01-24 11:42:48.976,2.280635
10690,2018-01-24 11:42:49.076,2.280635
10691,2018-01-24 11:42:49.175,2.280635
10692,2018-01-24 11:42:49.275,2.280635
10693,2018-01-24 11:42:49.376,2.263147
10694,2018-01-24 11:42:49.475,2.263147
10695,2018-01-24 11:42:49.575,2.263147
10696,2018-01-24 11:42:49.675,2.263147
10697,2018-01-24 11:42:49.776,2.263147
10698,2018-01-24 11:42:49.875,2.263147
10699,2018-01-24 11:42:49.975,2.263147
10700,2018-01-24 11:42:50.075,2.263147
10701,2018-01-24 11:42:50.175,2.263147
10702,2018-01-24 11:42:50.275,2.263147
10703,2018-01-24 11:42:50.375,2.437668
10704,2018-01-24 11:42:50.475,2.437668
10705,2018-01-24 11:42:50.575,2.437668
10706,2018-01-24 11:42:50.674,2.437668
10707,2018-01-24 11:42:50.774,2.437668
10708,2018-01-24 11:42:50.874,2.437668
10709,2018-01-24 11:42:50.974,2.437668
10710,2018-01-24 11:42:51.075,2.437668
10711,2018-01-24 11:42:51.176,2.437668
10712,2018-01-24 11:42:51.276,2.437668
10713,2018-01-24 11:42:51.375,2.6990790000000002
10714,2018-01-24 11:42:51.475,2.6990790000000002
10715,2018-01-24 11:42:51.575,2.6990790000000002
10716,2018-01-24 11:42:51.676,2.6990790000000002
10717,2018-01-24 11:42:51.775,2.6990790000000002
10718,2018-01-24 11:42:51.876,2.6990790000000002
10719,2018-01-24 11:42:51.975,2.6990790000000002
10720,2018-01-24 11:42:52.075,2.6990790000000002
10721,2018-01-24 11:42:52.175,2.6990790000000002
10722,2018-01-24 11:42:52.275,2.6990790000000002
10723,2018-01-24 11:42:52.375,2.897434
10724,2018-01-24 11:42:52.475,2.897434
10725,2018-01-24 11:42:52.575,2.897434
10726,2018-01-24 11:42:52.675,2.897434
10727,2018-01-24 11:42:52.775,2.897434
10728,2018-01-24 11:42:52.875,2.897434
10729,2018-01-24 11:42:52.976,2.897434
10730,2018-01-24 11:42:53.076,2.897434
10731,2018-01-24 11:42:53.176,2.897434
10732,2018-01-24 11:42:53.275,2.897434
10733,2018-01-24 11:42:53.376,2.979161
10734,2018-01-24 11:42:53.475,2.979161
10735,2018-01-24 11:42:53.575,2.979161
10736,2018-01-24 11:42:53.676,2.979161
10737,2018-01-24 11:42:53.775,2.979161
10738,2018-01-24 11:42:53.875,2.979161
10739,2018-01-24 11:42:53.976,2.979161
10740,2018-01-24 11:42:54.076,2.979161
10741,2018-01-24 11:42:54.176,2.979161
10742,2018-01-24 11:42:54.276,2.979161
10743,2018-01-24 11:42:54.376,2.962079
10744,2018-01-24 11:42:54.476,2.962079
10745,2018-01-24 11:42:54.576,2.962079
10746,2018-01-24 11:42:54.676,2.962079
10747,2018-01-24 11:42:54.776,2.962079
10748,2018-01-24 11:42:54.876,2.962079
10749,2018-01-24 11:42:54.976,2.962079
10750,2018-01-24 11:42:55.076,2.962079
10751,2018-01-24 11:42:55.176,2.962079
10752,2018-01-24 11:42:55.276,2.962079
10753,2018-01-24 11:42:55.376,2.850171
10754,2018-01-24 11:42:55.476,2.850171
10755,2018-01-24 11:42:55.576,2.850171
10756,2018-01-24 11:42:55.674,2.850171
10757,2018-01-24 11:42:55.774,2.850171
10758,2018-01-24 11:42:55.874,2.850171
10759,2018-01-24 11:42:55.974,2.850171
10760,2018-01-24 11:42:56.074,2.850171
10761,2018-01-24 11:42:56.174,2.850171
10762,2018-01-24 11:42:56.274,2.850171
10763,2018-01-24 11:42:56.374,2.750659
10764,2018-01-24 11:42:56.474,2.750659
10765,2018-01-24 11:42:56.574,2.750659
10766,2018-01-24 11:42:56.674,2.750659
10767,2018-01-24 11:42:56.774,2.750659
10768,2018-01-24 11:42:56.874,2.750659
10769,2018-01-24 11:42:56.974,2.750659
10770,2018-01-24 11:42:57.074,2.750659
10771,2018-01-24 11:42:57.174,2.750659
10772,2018-01-24 11:42:57.275,2.750659
10773,2018-01-24 11:42:57.375,2.702544
10774,2018-01-24 11:42:57.475,2.702544
10775,2018-01-24 11:42:57.575,2.702544
10776,2018-01-24 11:42:57.675,2.702544
10777,2018-01-24 11:42:57.775,2.702544
10778,2018-01-24 11:42:57.875,2.702544
10779,2018-01-24 11:42:57.975,2.702544
10780,2018-01-24 11:42:58.075,2.702544
10781,2018-01-24 11:42:58.175,2.702544
10782,2018-01-24 11:42:58.275,2.702544
10783,2018-01-24 11:42:58.375,2.7669639999999998
10784,2018-01-24 11:42:58.475,2.7669639999999998
10785,2018-01-24 11:42:58.575,2.7669639999999998
10786,2018-01-24 11:42:58.675,2.7669639999999998
10787,2018-01-24 11:42:58.775,2.7669639999999998
10788,2018-01-24 11:42:58.875,2.7669639999999998
10789,2018-01-24 11:42:58.975,2.7669639999999998
10790,2018-01-24 11:42:59.075,2.7669639999999998
10791,2018-01-24 11:42:59.175,2.7669639999999998
10792,2018-01-24 11:42:59.275,2.7669639999999998
10793,2018-01-24 11:42:59.375,2.889055
10794,2018-01-24 11:42:59.475,2.889055
10795,2018-01-24 11:42:59.575,2.889055
10796,2018-01-24 11:42:59.675,2.889055
10797,2018-01-24 11:42:59.775,2.889055
10798,2018-01-24 11:42:59.875,2.889055
10799,2018-01-24 11:42:59.975,2.889055
10800,2018-01-24 11:43:00.076,2.889055
10801,2018-01-24 11:43:00.176,2.889055
10802,2018-01-24 11:43:00.276,2.889055
10803,2018-01-24 11:43:00.376,2.979784
10804,2018-01-24 11:43:00.476,2.979784
10805,2018-01-24 11:43:00.576,2.979784
10806,2018-01-24 11:43:00.675,2.979784
10807,2018-01-24 11:43:00.775,2.979784
10808,2018-01-24 11:43:00.875,2.979784
10809,2018-01-24 11:43:00.975,2.979784
10810,2018-01-24 11:43:01.075,2.979784
10811,2018-01-24 11:43:01.175,2.979784
10812,2018-01-24 11:43:01.275,2.979784
10813,2018-01-24 11:43:01.375,3.0268650000000004
10814,2018-01-24 11:43:01.475,3.0268650000000004
10815,2018-01-24 11:43:01.576,3.0268650000000004
10816,2018-01-24 11:43:01.675,3.0268650000000004
10817,2018-01-24 11:43:01.775,3.0268650000000004
10818,2018-01-24 11:43:01.875,3.0268650000000004
10819,2018-01-24 11:43:01.975,3.0268650000000004
10820,2018-01-24 11:43:02.075,3.0268650000000004
10821,2018-01-24 11:43:02.175,3.0268650000000004
10822,2018-01-24 11:43:02.275,3.0268650000000004
10823,2018-01-24 11:43:02.375,3.012363
10824,2018-01-24 11:43:02.475,3.012363
10825,2018-01-24 11:43:02.575,3.012363
10826,2018-01-24 11:43:02.675,3.012363
10827,2018-01-24 11:43:02.775,3.012363
10828,2018-01-24 11:43:02.875,3.012363
10829,2018-01-24 11:43:02.975,3.012363
10830,2018-01-24 11:43:03.075,3.012363
10831,2018-01-24 11:43:03.176,3.012363
10832,2018-01-24 11:43:03.276,3.012363
10833,2018-01-24 11:43:03.376,2.912446
10834,2018-01-24 11:43:03.476,2.912446
10835,2018-01-24 11:43:03.576,2.912446
10836,2018-01-24 11:43:03.676,2.912446
10837,2018-01-24 11:43:03.776,2.912446
10838,2018-01-24 11:43:03.876,2.912446
10839,2018-01-24 11:43:03.976,2.912446
10840,2018-01-24 11:43:04.076,2.912446
10841,2018-01-24 11:43:04.176,2.912446
10842,2018-01-24 11:43:04.276,2.912446
10843,2018-01-24 11:43:04.376,2.763751
10844,2018-01-24 11:43:04.476,2.763751
10845,2018-01-24 11:43:04.576,2.763751
10846,2018-01-24 11:43:04.676,2.763751
10847,2018-01-24 11:43:04.776,2.763751
10848,2018-01-24 11:43:04.876,2.763751
10849,2018-01-24 11:43:04.976,2.763751
10850,2018-01-24 11:43:05.076,2.763751
10851,2018-01-24 11:43:05.176,2.763751
10852,2018-01-24 11:43:05.276,2.533257
10853,2018-01-24 11:43:05.376,2.533257
10854,2018-01-24 11:43:05.476,2.533257
10855,2018-01-24 11:43:05.576,2.533257
10856,2018-01-24 11:43:05.674,2.533257
10857,2018-01-24 11:43:05.774,2.533257
10858,2018-01-24 11:43:05.874,2.533257
10859,2018-01-24 11:43:05.974,2.533257
10860,2018-01-24 11:43:06.074,2.533257
10861,2018-01-24 11:43:06.174,2.533257
10862,2018-01-24 11:43:06.275,2.360507
10863,2018-01-24 11:43:06.375,2.360507
10864,2018-01-24 11:43:06.475,2.360507
10865,2018-01-24 11:43:06.575,2.360507
10866,2018-01-24 11:43:06.675,2.360507
10867,2018-01-24 11:43:06.775,2.360507
10868,2018-01-24 11:43:06.875,2.360507
10869,2018-01-24 11:43:06.975,2.360507
10870,2018-01-24 11:43:07.075,2.360507
10871,2018-01-24 11:43:07.175,2.360507
10872,2018-01-24 11:43:07.275,2.267712
10873,2018-01-24 11:43:07.375,2.267712
10874,2018-01-24 11:43:07.475,2.267712
10875,2018-01-24 11:43:07.575,2.267712
10876,2018-01-24 11:43:07.675,2.267712
10877,2018-01-24 11:43:07.775,2.267712
10878,2018-01-24 11:43:07.875,2.267712
10879,2018-01-24 11:43:07.975,2.267712
10880,2018-01-24 11:43:08.075,2.267712
10881,2018-01-24 11:43:08.175,2.267712
10882,2018-01-24 11:43:08.275,2.267712
10883,2018-01-24 11:43:08.375,2.189971
10884,2018-01-24 11:43:08.475,2.189971
10885,2018-01-24 11:43:08.575,2.189971
10886,2018-01-24 11:43:08.675,2.189971
10887,2018-01-24 11:43:08.775,2.189971
10888,2018-01-24 11:43:08.875,2.189971
10889,2018-01-24 11:43:08.975,2.189971
10890,2018-01-24 11:43:09.075,2.189971
10891,2018-01-24 11:43:09.175,2.189971
10892,2018-01-24 11:43:09.276,2.043934
10893,2018-01-24 11:43:09.376,2.043934
10894,2018-01-24 11:43:09.476,2.043934
10895,2018-01-24 11:43:09.576,2.043934
10896,2018-01-24 11:43:09.676,2.043934
10897,2018-01-24 11:43:09.776,2.043934
10898,2018-01-24 11:43:09.876,2.043934
10899,2018-01-24 11:43:09.976,2.043934
10900,2018-01-24 11:43:10.076,2.043934
10901,2018-01-24 11:43:10.176,2.043934
10902,2018-01-24 11:43:10.276,2.043934
10903,2018-01-24 11:43:10.376,1.885905
10904,2018-01-24 11:43:10.476,1.885905
10905,2018-01-24 11:43:10.576,1.885905
10906,2018-01-24 11:43:10.675,1.885905
10907,2018-01-24 11:43:10.775,1.885905
10908,2018-01-24 11:43:10.875,1.885905
10909,2018-01-24 11:43:10.975,1.885905
10910,2018-01-24 11:43:11.076,1.885905
10911,2018-01-24 11:43:11.176,1.885905
10912,2018-01-24 11:43:11.276,1.885905
10913,2018-01-24 11:43:11.375,1.7906369999999998
10914,2018-01-24 11:43:11.475,1.7906369999999998
10915,2018-01-24 11:43:11.575,1.7906369999999998
10916,2018-01-24 11:43:11.676,1.7906369999999998
10917,2018-01-24 11:43:11.776,1.7906369999999998
10918,2018-01-24 11:43:11.876,1.7906369999999998
10919,2018-01-24 11:43:11.977,1.7906369999999998
10920,2018-01-24 11:43:12.075,1.7906369999999998
10921,2018-01-24 11:43:12.175,1.7906369999999998
10922,2018-01-24 11:43:12.276,1.7906369999999998
10923,2018-01-24 11:43:12.376,1.707876
10924,2018-01-24 11:43:12.476,1.707876
10925,2018-01-24 11:43:12.576,1.707876
10926,2018-01-24 11:43:12.676,1.707876
10927,2018-01-24 11:43:12.776,1.707876
10928,2018-01-24 11:43:12.876,1.707876
10929,2018-01-24 11:43:12.976,1.707876
10930,2018-01-24 11:43:13.077,1.707876
10931,2018-01-24 11:43:13.176,1.707876
10932,2018-01-24 11:43:13.277,1.707876
10933,2018-01-24 11:43:13.377,1.53269
10934,2018-01-24 11:43:13.477,1.53269
10935,2018-01-24 11:43:13.577,1.53269
10936,2018-01-24 11:43:13.676,1.53269
10937,2018-01-24 11:43:13.776,1.53269
10938,2018-01-24 11:43:13.876,1.53269
10939,2018-01-24 11:43:13.977,1.53269
10940,2018-01-24 11:43:14.076,1.53269
10941,2018-01-24 11:43:14.176,1.53269
10942,2018-01-24 11:43:14.276,1.53269
10943,2018-01-24 11:43:14.376,1.281575
10944,2018-01-24 11:43:14.476,1.281575
10945,2018-01-24 11:43:14.576,1.281575
10946,2018-01-24 11:43:14.676,1.281575
10947,2018-01-24 11:43:14.776,1.281575
10948,2018-01-24 11:43:14.876,1.281575
10949,2018-01-24 11:43:14.976,1.281575
10950,2018-01-24 11:43:15.077,1.281575
10951,2018-01-24 11:43:15.177,1.281575
10952,2018-01-24 11:43:15.277,1.021458
10953,2018-01-24 11:43:15.377,1.021458
10954,2018-01-24 11:43:15.478,1.021458
10955,2018-01-24 11:43:15.577,1.021458
10956,2018-01-24 11:43:15.676,1.021458
10957,2018-01-24 11:43:15.776,1.021458
10958,2018-01-24 11:43:15.875,1.021458
10959,2018-01-24 11:43:15.975,1.021458
10960,2018-01-24 11:43:16.075,1.021458
10961,2018-01-24 11:43:16.175,1.021458
10962,2018-01-24 11:43:16.275,0.8433609999999999
10963,2018-01-24 11:43:16.375,0.8433609999999999
10964,2018-01-24 11:43:16.475,0.8433609999999999
10965,2018-01-24 11:43:16.575,0.8433609999999999
10966,2018-01-24 11:43:16.675,0.8433609999999999
10967,2018-01-24 11:43:16.775,0.8433609999999999
10968,2018-01-24 11:43:16.875,0.8433609999999999
10969,2018-01-24 11:43:16.975,0.8433609999999999
10970,2018-01-24 11:43:17.075,0.8433609999999999
10971,2018-01-24 11:43:17.175,0.8433609999999999
10972,2018-01-24 11:43:17.275,0.7377630000000001
10973,2018-01-24 11:43:17.375,0.7377630000000001
10974,2018-01-24 11:43:17.475,0.7377630000000001
10975,2018-01-24 11:43:17.575,0.7377630000000001
10976,2018-01-24 11:43:17.675,0.7377630000000001
10977,2018-01-24 11:43:17.776,0.7377630000000001
10978,2018-01-24 11:43:17.876,0.7377630000000001
10979,2018-01-24 11:43:17.975,0.7377630000000001
10980,2018-01-24 11:43:18.075,0.7377630000000001
10981,2018-01-24 11:43:18.175,0.7377630000000001
10982,2018-01-24 11:43:18.275,0.739051
10983,2018-01-24 11:43:18.376,0.739051
10984,2018-01-24 11:43:18.476,0.739051
10985,2018-01-24 11:43:18.576,0.739051
10986,2018-01-24 11:43:18.676,0.739051
10987,2018-01-24 11:43:18.776,0.739051
10988,2018-01-24 11:43:18.876,0.739051
10989,2018-01-24 11:43:18.976,0.739051
10990,2018-01-24 11:43:19.077,0.739051
10991,2018-01-24 11:43:19.177,0.739051
10992,2018-01-24 11:43:19.276,0.739051
10993,2018-01-24 11:43:19.377,0.7740619999999999
10994,2018-01-24 11:43:19.476,0.7740619999999999
10995,2018-01-24 11:43:19.576,0.7740619999999999
10996,2018-01-24 11:43:19.676,0.7740619999999999
10997,2018-01-24 11:43:19.776,0.7740619999999999
10998,2018-01-24 11:43:19.877,0.7740619999999999
10999,2018-01-24 11:43:19.976,0.7740619999999999
11000,2018-01-24 11:43:20.076,0.7740619999999999
11001,2018-01-24 11:43:20.176,0.7740619999999999
11002,2018-01-24 11:43:20.276,0.7740619999999999
11003,2018-01-24 11:43:20.376,0.731039
11004,2018-01-24 11:43:20.476,0.731039
11005,2018-01-24 11:43:20.576,0.731039
11006,2018-01-24 11:43:20.675,0.731039
11007,2018-01-24 11:43:20.775,0.731039
11008,2018-01-24 11:43:20.875,0.731039
11009,2018-01-24 11:43:20.975,0.731039
11010,2018-01-24 11:43:21.076,0.731039
11011,2018-01-24 11:43:21.175,0.731039
11012,2018-01-24 11:43:21.276,0.731039
11013,2018-01-24 11:43:21.376,0.5734929999999999
11014,2018-01-24 11:43:21.476,0.5734929999999999
11015,2018-01-24 11:43:21.577,0.5734929999999999
11016,2018-01-24 11:43:21.677,0.5734929999999999
11017,2018-01-24 11:43:21.776,0.5734929999999999
11018,2018-01-24 11:43:21.876,0.5734929999999999
11019,2018-01-24 11:43:21.976,0.5734929999999999
11020,2018-01-24 11:43:22.076,0.5734929999999999
11021,2018-01-24 11:43:22.176,0.5734929999999999
11022,2018-01-24 11:43:22.276,0.460004
11023,2018-01-24 11:43:22.376,0.460004
11024,2018-01-24 11:43:22.476,0.460004
11025,2018-01-24 11:43:22.576,0.460004
11026,2018-01-24 11:43:22.676,0.460004
11027,2018-01-24 11:43:22.776,0.460004
11028,2018-01-24 11:43:22.876,0.460004
11029,2018-01-24 11:43:22.976,0.460004
11030,2018-01-24 11:43:23.076,0.460004
11031,2018-01-24 11:43:23.176,0.460004
11032,2018-01-24 11:43:23.277,0.460004
11033,2018-01-24 11:43:23.376,0.460674
11034,2018-01-24 11:43:23.477,0.460674
11035,2018-01-24 11:43:23.577,0.460674
11036,2018-01-24 11:43:23.676,0.460674
11037,2018-01-24 11:43:23.776,0.460674
11038,2018-01-24 11:43:23.876,0.460674
11039,2018-01-24 11:43:23.976,0.460674
11040,2018-01-24 11:43:24.076,0.460674
11041,2018-01-24 11:43:24.176,0.460674
11042,2018-01-24 11:43:24.277,0.460674
11043,2018-01-24 11:43:24.377,0.525354
11044,2018-01-24 11:43:24.477,0.525354
11045,2018-01-24 11:43:24.577,0.525354
11046,2018-01-24 11:43:24.677,0.525354
11047,2018-01-24 11:43:24.777,0.525354
11048,2018-01-24 11:43:24.877,0.525354
11049,2018-01-24 11:43:24.977,0.525354
11050,2018-01-24 11:43:25.077,0.525354
11051,2018-01-24 11:43:25.178,0.525354
11052,2018-01-24 11:43:25.277,0.5671539999999999
11053,2018-01-24 11:43:25.377,0.5671539999999999
11054,2018-01-24 11:43:25.478,0.5671539999999999
11055,2018-01-24 11:43:25.578,0.5671539999999999
11056,2018-01-24 11:43:25.676,0.5671539999999999
11057,2018-01-24 11:43:25.775,0.5671539999999999
11058,2018-01-24 11:43:25.875,0.5671539999999999
11059,2018-01-24 11:43:25.975,0.5671539999999999
11060,2018-01-24 11:43:26.075,0.5671539999999999
11061,2018-01-24 11:43:26.175,0.5671539999999999
11062,2018-01-24 11:43:26.275,0.5470389999999999
11063,2018-01-24 11:43:26.375,0.5470389999999999
11064,2018-01-24 11:43:26.475,0.5470389999999999
11065,2018-01-24 11:43:26.575,0.5470389999999999
11066,2018-01-24 11:43:26.675,0.5470389999999999
11067,2018-01-24 11:43:26.775,0.5470389999999999
11068,2018-01-24 11:43:26.875,0.5470389999999999
11069,2018-01-24 11:43:26.975,0.5470389999999999
11070,2018-01-24 11:43:27.075,0.5470389999999999
11071,2018-01-24 11:43:27.175,0.5470389999999999
11072,2018-01-24 11:43:27.277,0.447968
11073,2018-01-24 11:43:27.376,0.447968
11074,2018-01-24 11:43:27.476,0.447968
11075,2018-01-24 11:43:27.576,0.447968
11076,2018-01-24 11:43:27.676,0.447968
11077,2018-01-24 11:43:27.776,0.447968
11078,2018-01-24 11:43:27.877,0.447968
11079,2018-01-24 11:43:27.976,0.447968
11080,2018-01-24 11:43:28.076,0.447968
11081,2018-01-24 11:43:28.176,0.447968
11082,2018-01-24 11:43:28.276,0.376942
11083,2018-01-24 11:43:28.376,0.376942
11084,2018-01-24 11:43:28.476,0.376942
11085,2018-01-24 11:43:28.576,0.376942
11086,2018-01-24 11:43:28.676,0.376942
11087,2018-01-24 11:43:28.776,0.376942
11088,2018-01-24 11:43:28.876,0.376942
11089,2018-01-24 11:43:28.976,0.376942
11090,2018-01-24 11:43:29.076,0.376942
11091,2018-01-24 11:43:29.176,0.376942
11092,2018-01-24 11:43:29.277,0.437529
11093,2018-01-24 11:43:29.377,0.437529
11094,2018-01-24 11:43:29.476,0.437529
11095,2018-01-24 11:43:29.576,0.437529
11096,2018-01-24 11:43:29.677,0.437529
11097,2018-01-24 11:43:29.776,0.437529
11098,2018-01-24 11:43:29.876,0.437529
11099,2018-01-24 11:43:29.976,0.437529
11100,2018-01-24 11:43:30.077,0.437529
11101,2018-01-24 11:43:30.177,0.437529
11102,2018-01-24 11:43:30.277,0.437529
11103,2018-01-24 11:43:30.377,0.6289159999999999
11104,2018-01-24 11:43:30.477,0.6289159999999999
11105,2018-01-24 11:43:30.577,0.6289159999999999
11106,2018-01-24 11:43:30.676,0.6289159999999999
11107,2018-01-24 11:43:30.776,0.6289159999999999
11108,2018-01-24 11:43:30.876,0.6289159999999999
11109,2018-01-24 11:43:30.976,0.6289159999999999
11110,2018-01-24 11:43:31.077,0.6289159999999999
11111,2018-01-24 11:43:31.176,0.6289159999999999
11112,2018-01-24 11:43:31.277,0.8257249999999999
11113,2018-01-24 11:43:31.376,0.8257249999999999
11114,2018-01-24 11:43:31.477,0.8257249999999999
11115,2018-01-24 11:43:31.576,0.8257249999999999
11116,2018-01-24 11:43:31.676,0.8257249999999999
11117,2018-01-24 11:43:31.776,0.8257249999999999
11118,2018-01-24 11:43:31.877,0.8257249999999999
11119,2018-01-24 11:43:31.976,0.8257249999999999
11120,2018-01-24 11:43:32.077,0.8257249999999999
11121,2018-01-24 11:43:32.176,0.8257249999999999
11122,2018-01-24 11:43:32.276,0.966595
11123,2018-01-24 11:43:32.376,0.966595
11124,2018-01-24 11:43:32.476,0.966595
11125,2018-01-24 11:43:32.576,0.966595
11126,2018-01-24 11:43:32.676,0.966595
11127,2018-01-24 11:43:32.776,0.966595
11128,2018-01-24 11:43:32.876,0.966595
11129,2018-01-24 11:43:32.976,0.966595
11130,2018-01-24 11:43:33.077,0.966595
11131,2018-01-24 11:43:33.176,0.966595
11132,2018-01-24 11:43:33.276,0.966595
11133,2018-01-24 11:43:33.377,1.004337
11134,2018-01-24 11:43:33.477,1.004337
11135,2018-01-24 11:43:33.577,1.004337
11136,2018-01-24 11:43:33.677,1.004337
11137,2018-01-24 11:43:33.777,1.004337
11138,2018-01-24 11:43:33.877,1.004337
11139,2018-01-24 11:43:33.978,1.004337
11140,2018-01-24 11:43:34.077,1.004337
11141,2018-01-24 11:43:34.177,1.004337
11142,2018-01-24 11:43:34.277,1.004337
11143,2018-01-24 11:43:34.377,0.8787370000000001
11144,2018-01-24 11:43:34.477,0.8787370000000001
11145,2018-01-24 11:43:34.577,0.8787370000000001
11146,2018-01-24 11:43:34.677,0.8787370000000001
11147,2018-01-24 11:43:34.777,0.8787370000000001
11148,2018-01-24 11:43:34.877,0.8787370000000001
11149,2018-01-24 11:43:34.977,0.8787370000000001
11150,2018-01-24 11:43:35.078,0.8787370000000001
11151,2018-01-24 11:43:35.177,0.8787370000000001
11152,2018-01-24 11:43:35.278,0.8787370000000001
11153,2018-01-24 11:43:35.378,0.733287
11154,2018-01-24 11:43:35.477,0.733287
11155,2018-01-24 11:43:35.578,0.733287
11156,2018-01-24 11:43:35.676,0.733287
11157,2018-01-24 11:43:35.775,0.733287
11158,2018-01-24 11:43:35.876,0.733287
11159,2018-01-24 11:43:35.975,0.733287
11160,2018-01-24 11:43:36.075,0.733287
11161,2018-01-24 11:43:36.175,0.733287
11162,2018-01-24 11:43:36.275,0.6795640000000001
11163,2018-01-24 11:43:36.376,0.6795640000000001
11164,2018-01-24 11:43:36.476,0.6795640000000001
11165,2018-01-24 11:43:36.576,0.6795640000000001
11166,2018-01-24 11:43:36.676,0.6795640000000001
11167,2018-01-24 11:43:36.776,0.6795640000000001
11168,2018-01-24 11:43:36.876,0.6795640000000001
11169,2018-01-24 11:43:36.976,0.6795640000000001
11170,2018-01-24 11:43:37.076,0.6795640000000001
11171,2018-01-24 11:43:37.177,0.6795640000000001
11172,2018-01-24 11:43:37.276,0.7519549999999999
11173,2018-01-24 11:43:37.376,0.7519549999999999
11174,2018-01-24 11:43:37.476,0.7519549999999999
11175,2018-01-24 11:43:37.576,0.7519549999999999
11176,2018-01-24 11:43:37.677,0.7519549999999999
11177,2018-01-24 11:43:37.777,0.7519549999999999
11178,2018-01-24 11:43:37.876,0.7519549999999999
11179,2018-01-24 11:43:37.976,0.7519549999999999
11180,2018-01-24 11:43:38.076,0.7519549999999999
11181,2018-01-24 11:43:38.176,0.7519549999999999
11182,2018-01-24 11:43:38.276,0.8734949999999999
11183,2018-01-24 11:43:38.376,0.8734949999999999
11184,2018-01-24 11:43:38.476,0.8734949999999999
11185,2018-01-24 11:43:38.576,0.8734949999999999
11186,2018-01-24 11:43:38.677,0.8734949999999999
11187,2018-01-24 11:43:38.776,0.8734949999999999
11188,2018-01-24 11:43:38.876,0.8734949999999999
11189,2018-01-24 11:43:38.976,0.8734949999999999
11190,2018-01-24 11:43:39.077,0.8734949999999999
11191,2018-01-24 11:43:39.176,0.8734949999999999
11192,2018-01-24 11:43:39.277,0.988173
11193,2018-01-24 11:43:39.376,0.988173
11194,2018-01-24 11:43:39.477,0.988173
11195,2018-01-24 11:43:39.577,0.988173
11196,2018-01-24 11:43:39.677,0.988173
11197,2018-01-24 11:43:39.778,0.988173
11198,2018-01-24 11:43:39.877,0.988173
11199,2018-01-24 11:43:39.977,0.988173
11200,2018-01-24 11:43:40.078,0.988173
11201,2018-01-24 11:43:40.177,0.988173
11202,2018-01-24 11:43:40.277,1.1415540000000002
11203,2018-01-24 11:43:40.377,1.1415540000000002
11204,2018-01-24 11:43:40.477,1.1415540000000002
11205,2018-01-24 11:43:40.577,1.1415540000000002
11206,2018-01-24 11:43:40.676,1.1415540000000002
11207,2018-01-24 11:43:40.776,1.1415540000000002
11208,2018-01-24 11:43:40.876,1.1415540000000002
11209,2018-01-24 11:43:40.976,1.1415540000000002
11210,2018-01-24 11:43:41.076,1.1415540000000002
11211,2018-01-24 11:43:41.177,1.1415540000000002
11212,2018-01-24 11:43:41.276,1.1415540000000002
11213,2018-01-24 11:43:41.376,1.265894
11214,2018-01-24 11:43:41.477,1.265894
11215,2018-01-24 11:43:41.577,1.265894
11216,2018-01-24 11:43:41.676,1.265894
11217,2018-01-24 11:43:41.776,1.265894
11218,2018-01-24 11:43:41.877,1.265894
11219,2018-01-24 11:43:41.977,1.265894
11220,2018-01-24 11:43:42.076,1.265894
11221,2018-01-24 11:43:42.176,1.265894
11222,2018-01-24 11:43:42.276,1.265894
11223,2018-01-24 11:43:42.377,1.296184
11224,2018-01-24 11:43:42.477,1.296184
11225,2018-01-24 11:43:42.577,1.296184
11226,2018-01-24 11:43:42.677,1.296184
11227,2018-01-24 11:43:42.777,1.296184
11228,2018-01-24 11:43:42.877,1.296184
11229,2018-01-24 11:43:42.977,1.296184
11230,2018-01-24 11:43:43.077,1.296184
11231,2018-01-24 11:43:43.177,1.296184
11232,2018-01-24 11:43:43.278,1.296184
11233,2018-01-24 11:43:43.378,1.193497
11234,2018-01-24 11:43:43.478,1.193497
11235,2018-01-24 11:43:43.577,1.193497
11236,2018-01-24 11:43:43.678,1.193497
11237,2018-01-24 11:43:43.778,1.193497
11238,2018-01-24 11:43:43.877,1.193497
11239,2018-01-24 11:43:43.977,1.193497
11240,2018-01-24 11:43:44.078,1.193497
11241,2018-01-24 11:43:44.177,1.193497
11242,2018-01-24 11:43:44.277,1.193497
11243,2018-01-24 11:43:44.377,1.00938
11244,2018-01-24 11:43:44.477,1.00938
11245,2018-01-24 11:43:44.577,1.00938
11246,2018-01-24 11:43:44.677,1.00938
11247,2018-01-24 11:43:44.777,1.00938
11248,2018-01-24 11:43:44.877,1.00938
11249,2018-01-24 11:43:44.977,1.00938
11250,2018-01-24 11:43:45.077,1.00938
11251,2018-01-24 11:43:45.177,1.00938
11252,2018-01-24 11:43:45.277,1.00938
11253,2018-01-24 11:43:45.378,0.88954
11254,2018-01-24 11:43:45.478,0.88954
11255,2018-01-24 11:43:45.576,0.88954
11256,2018-01-24 11:43:45.676,0.88954
11257,2018-01-24 11:43:45.776,0.88954
11258,2018-01-24 11:43:45.876,0.88954
11259,2018-01-24 11:43:45.976,0.88954
11260,2018-01-24 11:43:46.076,0.88954
11261,2018-01-24 11:43:46.176,0.88954
11262,2018-01-24 11:43:46.276,0.88954
11263,2018-01-24 11:43:46.376,0.940646
11264,2018-01-24 11:43:46.476,0.940646
11265,2018-01-24 11:43:46.576,0.940646
11266,2018-01-24 11:43:46.676,0.940646
11267,2018-01-24 11:43:46.776,0.940646
11268,2018-01-24 11:43:46.876,0.940646
11269,2018-01-24 11:43:46.976,0.940646
11270,2018-01-24 11:43:47.076,0.940646
11271,2018-01-24 11:43:47.176,0.940646
11272,2018-01-24 11:43:47.276,0.940646
11273,2018-01-24 11:43:47.376,1.085211
11274,2018-01-24 11:43:47.476,1.085211
11275,2018-01-24 11:43:47.576,1.085211
11276,2018-01-24 11:43:47.677,1.085211
11277,2018-01-24 11:43:47.776,1.085211
11278,2018-01-24 11:43:47.877,1.085211
11279,2018-01-24 11:43:47.977,1.085211
11280,2018-01-24 11:43:48.077,1.085211
11281,2018-01-24 11:43:48.176,1.085211
11282,2018-01-24 11:43:48.276,1.085211
11283,2018-01-24 11:43:48.377,1.21926
11284,2018-01-24 11:43:48.477,1.21926
11285,2018-01-24 11:43:48.577,1.21926
11286,2018-01-24 11:43:48.677,1.21926
11287,2018-01-24 11:43:48.777,1.21926
11288,2018-01-24 11:43:48.877,1.21926
11289,2018-01-24 11:43:48.977,1.21926
11290,2018-01-24 11:43:49.077,1.21926
11291,2018-01-24 11:43:49.177,1.21926
11292,2018-01-24 11:43:49.277,1.21926
11293,2018-01-24 11:43:49.377,1.184873
11294,2018-01-24 11:43:49.477,1.184873
11295,2018-01-24 11:43:49.577,1.184873
11296,2018-01-24 11:43:49.677,1.184873
11297,2018-01-24 11:43:49.777,1.184873
11298,2018-01-24 11:43:49.877,1.184873
11299,2018-01-24 11:43:49.977,1.184873
11300,2018-01-24 11:43:50.077,1.184873
11301,2018-01-24 11:43:50.177,1.184873
11302,2018-01-24 11:43:50.277,1.184873
11303,2018-01-24 11:43:50.377,1.00821
11304,2018-01-24 11:43:50.477,1.00821
11305,2018-01-24 11:43:50.576,1.00821
11306,2018-01-24 11:43:50.676,1.00821
11307,2018-01-24 11:43:50.776,1.00821
11308,2018-01-24 11:43:50.876,1.00821
11309,2018-01-24 11:43:50.976,1.00821
11310,2018-01-24 11:43:51.076,1.00821
11311,2018-01-24 11:43:51.177,1.00821
11312,2018-01-24 11:43:51.277,0.822801
11313,2018-01-24 11:43:51.376,0.822801
11314,2018-01-24 11:43:51.477,0.822801
11315,2018-01-24 11:43:51.577,0.822801
11316,2018-01-24 11:43:51.677,0.822801
11317,2018-01-24 11:43:51.777,0.822801
11318,2018-01-24 11:43:51.877,0.822801
11319,2018-01-24 11:43:51.978,0.822801
11320,2018-01-24 11:43:52.078,0.822801
11321,2018-01-24 11:43:52.177,0.822801
11322,2018-01-24 11:43:52.277,0.730521
11323,2018-01-24 11:43:52.377,0.730521
11324,2018-01-24 11:43:52.477,0.730521
11325,2018-01-24 11:43:52.577,0.730521
11326,2018-01-24 11:43:52.677,0.730521
11327,2018-01-24 11:43:52.777,0.730521
11328,2018-01-24 11:43:52.877,0.730521
11329,2018-01-24 11:43:52.977,0.730521
11330,2018-01-24 11:43:53.077,0.730521
11331,2018-01-24 11:43:53.178,0.730521
11332,2018-01-24 11:43:53.278,0.788632
11333,2018-01-24 11:43:53.377,0.788632
11334,2018-01-24 11:43:53.477,0.788632
11335,2018-01-24 11:43:53.578,0.788632
11336,2018-01-24 11:43:53.678,0.788632
11337,2018-01-24 11:43:53.777,0.788632
11338,2018-01-24 11:43:53.877,0.788632
11339,2018-01-24 11:43:53.978,0.788632
11340,2018-01-24 11:43:54.077,0.788632
11341,2018-01-24 11:43:54.178,0.788632
11342,2018-01-24 11:43:54.277,0.951679
11343,2018-01-24 11:43:54.378,0.951679
11344,2018-01-24 11:43:54.477,0.951679
11345,2018-01-24 11:43:54.578,0.951679
11346,2018-01-24 11:43:54.678,0.951679
11347,2018-01-24 11:43:54.778,0.951679
11348,2018-01-24 11:43:54.878,0.951679
11349,2018-01-24 11:43:54.978,0.951679
11350,2018-01-24 11:43:55.078,0.951679
11351,2018-01-24 11:43:55.178,0.951679
11352,2018-01-24 11:43:55.279,1.05359
11353,2018-01-24 11:43:55.378,1.05359
11354,2018-01-24 11:43:55.479,1.05359
11355,2018-01-24 11:43:55.576,1.05359
11356,2018-01-24 11:43:55.676,1.05359
11357,2018-01-24 11:43:55.777,1.05359
11358,2018-01-24 11:43:55.876,1.05359
11359,2018-01-24 11:43:55.977,1.05359
11360,2018-01-24 11:43:56.076,1.05359
11361,2018-01-24 11:43:56.176,1.05359
11362,2018-01-24 11:43:56.276,1.071709
11363,2018-01-24 11:43:56.376,1.071709
11364,2018-01-24 11:43:56.476,1.071709
11365,2018-01-24 11:43:56.576,1.071709
11366,2018-01-24 11:43:56.676,1.071709
11367,2018-01-24 11:43:56.776,1.071709
11368,2018-01-24 11:43:56.876,1.071709
11369,2018-01-24 11:43:56.976,1.071709
11370,2018-01-24 11:43:57.076,1.071709
11371,2018-01-24 11:43:57.176,1.071709
11372,2018-01-24 11:43:57.276,1.071709
11373,2018-01-24 11:43:57.376,1.02666
11374,2018-01-24 11:43:57.477,1.02666
11375,2018-01-24 11:43:57.577,1.02666
11376,2018-01-24 11:43:57.677,1.02666
11377,2018-01-24 11:43:57.778,1.02666
11378,2018-01-24 11:43:57.877,1.02666
11379,2018-01-24 11:43:57.977,1.02666
11380,2018-01-24 11:43:58.077,1.02666
11381,2018-01-24 11:43:58.177,1.02666
11382,2018-01-24 11:43:58.277,1.02666
11383,2018-01-24 11:43:58.377,1.059055
11384,2018-01-24 11:43:58.477,1.059055
11385,2018-01-24 11:43:58.577,1.059055
11386,2018-01-24 11:43:58.677,1.059055
11387,2018-01-24 11:43:58.777,1.059055
11388,2018-01-24 11:43:58.877,1.059055
11389,2018-01-24 11:43:58.977,1.059055
11390,2018-01-24 11:43:59.077,1.059055
11391,2018-01-24 11:43:59.177,1.059055
11392,2018-01-24 11:43:59.278,1.059055
11393,2018-01-24 11:43:59.377,1.15159
11394,2018-01-24 11:43:59.477,1.15159
11395,2018-01-24 11:43:59.577,1.15159
11396,2018-01-24 11:43:59.677,1.15159
11397,2018-01-24 11:43:59.777,1.15159
11398,2018-01-24 11:43:59.877,1.15159
11399,2018-01-24 11:43:59.977,1.15159
11400,2018-01-24 11:44:00.077,1.15159
11401,2018-01-24 11:44:00.177,1.15159
11402,2018-01-24 11:44:00.277,1.246745
11403,2018-01-24 11:44:00.377,1.246745
11404,2018-01-24 11:44:00.477,1.246745
11405,2018-01-24 11:44:00.577,1.246745
11406,2018-01-24 11:44:00.677,1.246745
11407,2018-01-24 11:44:00.777,1.246745
11408,2018-01-24 11:44:00.877,1.246745
11409,2018-01-24 11:44:00.977,1.246745
11410,2018-01-24 11:44:01.077,1.246745
11411,2018-01-24 11:44:01.178,1.246745
11412,2018-01-24 11:44:01.278,1.280872
11413,2018-01-24 11:44:01.377,1.280872
11414,2018-01-24 11:44:01.478,1.280872
11415,2018-01-24 11:44:01.578,1.280872
11416,2018-01-24 11:44:01.677,1.280872
11417,2018-01-24 11:44:01.778,1.280872
11418,2018-01-24 11:44:01.878,1.280872
11419,2018-01-24 11:44:01.977,1.280872
11420,2018-01-24 11:44:02.077,1.280872
11421,2018-01-24 11:44:02.177,1.280872
11422,2018-01-24 11:44:02.277,1.270651
11423,2018-01-24 11:44:02.377,1.270651
11424,2018-01-24 11:44:02.477,1.270651
11425,2018-01-24 11:44:02.577,1.270651
11426,2018-01-24 11:44:02.677,1.270651
11427,2018-01-24 11:44:02.777,1.270651
11428,2018-01-24 11:44:02.877,1.270651
11429,2018-01-24 11:44:02.977,1.270651
11430,2018-01-24 11:44:03.077,1.270651
11431,2018-01-24 11:44:03.178,1.270651
11432,2018-01-24 11:44:03.277,1.270651
11433,2018-01-24 11:44:03.377,1.289504
11434,2018-01-24 11:44:03.478,1.289504
11435,2018-01-24 11:44:03.578,1.289504
11436,2018-01-24 11:44:03.679,1.289504
11437,2018-01-24 11:44:03.779,1.289504
11438,2018-01-24 11:44:03.878,1.289504
11439,2018-01-24 11:44:03.979,1.289504
11440,2018-01-24 11:44:04.079,1.289504
11441,2018-01-24 11:44:04.179,1.289504
11442,2018-01-24 11:44:04.278,1.386507
11443,2018-01-24 11:44:04.378,1.386507
11444,2018-01-24 11:44:04.478,1.386507
11445,2018-01-24 11:44:04.578,1.386507
11446,2018-01-24 11:44:04.678,1.386507
11447,2018-01-24 11:44:04.778,1.386507
11448,2018-01-24 11:44:04.878,1.386507
11449,2018-01-24 11:44:04.978,1.386507
11450,2018-01-24 11:44:05.078,1.386507
11451,2018-01-24 11:44:05.178,1.386507
11452,2018-01-24 11:44:05.278,1.520444
11453,2018-01-24 11:44:05.379,1.520444
11454,2018-01-24 11:44:05.479,1.520444
11455,2018-01-24 11:44:05.576,1.520444
11456,2018-01-24 11:44:05.676,1.520444
11457,2018-01-24 11:44:05.777,1.520444
11458,2018-01-24 11:44:05.876,1.520444
11459,2018-01-24 11:44:05.977,1.520444
11460,2018-01-24 11:44:06.076,1.520444
11461,2018-01-24 11:44:06.176,1.520444
11462,2018-01-24 11:44:06.276,1.613239
11463,2018-01-24 11:44:06.376,1.613239
11464,2018-01-24 11:44:06.476,1.613239
11465,2018-01-24 11:44:06.577,1.613239
11466,2018-01-24 11:44:06.677,1.613239
11467,2018-01-24 11:44:06.777,1.613239
11468,2018-01-24 11:44:06.877,1.613239
11469,2018-01-24 11:44:06.977,1.613239
11470,2018-01-24 11:44:07.077,1.613239
11471,2018-01-24 11:44:07.177,1.613239
11472,2018-01-24 11:44:07.277,1.68216
11473,2018-01-24 11:44:07.378,1.68216
11474,2018-01-24 11:44:07.478,1.68216
11475,2018-01-24 11:44:07.577,1.68216
11476,2018-01-24 11:44:07.677,1.68216
11477,2018-01-24 11:44:07.778,1.68216
11478,2018-01-24 11:44:07.878,1.68216
11479,2018-01-24 11:44:07.978,1.68216
11480,2018-01-24 11:44:08.077,1.68216
11481,2018-01-24 11:44:08.177,1.68216
11482,2018-01-24 11:44:08.277,1.68216
11483,2018-01-24 11:44:08.377,1.6783560000000002
11484,2018-01-24 11:44:08.477,1.6783560000000002
11485,2018-01-24 11:44:08.577,1.6783560000000002
11486,2018-01-24 11:44:08.677,1.6783560000000002
11487,2018-01-24 11:44:08.777,1.6783560000000002
11488,2018-01-24 11:44:08.877,1.6783560000000002
11489,2018-01-24 11:44:08.977,1.6783560000000002
11490,2018-01-24 11:44:09.077,1.6783560000000002
11491,2018-01-24 11:44:09.177,1.6783560000000002
11492,2018-01-24 11:44:09.277,1.682891
11493,2018-01-24 11:44:09.377,1.682891
11494,2018-01-24 11:44:09.477,1.682891
11495,2018-01-24 11:44:09.578,1.682891
11496,2018-01-24 11:44:09.678,1.682891
11497,2018-01-24 11:44:09.778,1.682891
11498,2018-01-24 11:44:09.878,1.682891
11499,2018-01-24 11:44:09.979,1.682891
11500,2018-01-24 11:44:10.079,1.682891
11501,2018-01-24 11:44:10.179,1.682891
11502,2018-01-24 11:44:10.278,1.682891
11503,2018-01-24 11:44:10.378,1.7792259999999998
11504,2018-01-24 11:44:10.478,1.7792259999999998
11505,2018-01-24 11:44:10.577,1.7792259999999998
11506,2018-01-24 11:44:10.677,1.7792259999999998
11507,2018-01-24 11:44:10.777,1.7792259999999998
11508,2018-01-24 11:44:10.877,1.7792259999999998
11509,2018-01-24 11:44:10.977,1.7792259999999998
11510,2018-01-24 11:44:11.077,1.7792259999999998
11511,2018-01-24 11:44:11.177,1.7792259999999998
11512,2018-01-24 11:44:11.277,1.935004
11513,2018-01-24 11:44:11.377,1.935004
11514,2018-01-24 11:44:11.477,1.935004
11515,2018-01-24 11:44:11.577,1.935004
11516,2018-01-24 11:44:11.677,1.935004
11517,2018-01-24 11:44:11.777,1.935004
11518,2018-01-24 11:44:11.877,1.935004
11519,2018-01-24 11:44:11.978,1.935004
11520,2018-01-24 11:44:12.077,1.935004
11521,2018-01-24 11:44:12.177,1.935004
11522,2018-01-24 11:44:12.277,1.935004
11523,2018-01-24 11:44:12.377,2.0775740000000003
11524,2018-01-24 11:44:12.478,2.0775740000000003
11525,2018-01-24 11:44:12.578,2.0775740000000003
11526,2018-01-24 11:44:12.678,2.0775740000000003
11527,2018-01-24 11:44:12.778,2.0775740000000003
11528,2018-01-24 11:44:12.878,2.0775740000000003
11529,2018-01-24 11:44:12.978,2.0775740000000003
11530,2018-01-24 11:44:13.078,2.0775740000000003
11531,2018-01-24 11:44:13.178,2.0775740000000003
11532,2018-01-24 11:44:13.278,2.112848
11533,2018-01-24 11:44:13.379,2.112848
11534,2018-01-24 11:44:13.479,2.112848
11535,2018-01-24 11:44:13.579,2.112848
11536,2018-01-24 11:44:13.678,2.112848
11537,2018-01-24 11:44:13.779,2.112848
11538,2018-01-24 11:44:13.879,2.112848
11539,2018-01-24 11:44:13.979,2.112848
11540,2018-01-24 11:44:14.078,2.112848
11541,2018-01-24 11:44:14.178,2.112848
11542,2018-01-24 11:44:14.278,2.112848
11543,2018-01-24 11:44:14.378,2.029204
11544,2018-01-24 11:44:14.478,2.029204
11545,2018-01-24 11:44:14.578,2.029204
11546,2018-01-24 11:44:14.678,2.029204
11547,2018-01-24 11:44:14.778,2.029204
11548,2018-01-24 11:44:14.878,2.029204
11549,2018-01-24 11:44:14.978,2.029204
11550,2018-01-24 11:44:15.078,2.029204
11551,2018-01-24 11:44:15.178,2.029204
11552,2018-01-24 11:44:15.279,2.029204
11553,2018-01-24 11:44:15.379,1.920838
11554,2018-01-24 11:44:15.479,1.920838
11555,2018-01-24 11:44:15.577,1.920838
11556,2018-01-24 11:44:15.677,1.920838
11557,2018-01-24 11:44:15.777,1.920838
11558,2018-01-24 11:44:15.878,1.920838
11559,2018-01-24 11:44:15.978,1.920838
11560,2018-01-24 11:44:16.078,1.920838
11561,2018-01-24 11:44:16.177,1.920838
11562,2018-01-24 11:44:16.277,1.920838
11563,2018-01-24 11:44:16.377,1.897777
11564,2018-01-24 11:44:16.477,1.897777
11565,2018-01-24 11:44:16.577,1.897777
11566,2018-01-24 11:44:16.677,1.897777
11567,2018-01-24 11:44:16.777,1.897777
11568,2018-01-24 11:44:16.877,1.897777
11569,2018-01-24 11:44:16.977,1.897777
11570,2018-01-24 11:44:17.077,1.897777
11571,2018-01-24 11:44:17.177,1.897777
11572,2018-01-24 11:44:17.278,1.897777
11573,2018-01-24 11:44:17.377,1.968322
11574,2018-01-24 11:44:17.477,1.968322
11575,2018-01-24 11:44:17.577,1.968322
11576,2018-01-24 11:44:17.678,1.968322
11577,2018-01-24 11:44:17.777,1.968322
11578,2018-01-24 11:44:17.878,1.968322
11579,2018-01-24 11:44:17.977,1.968322
11580,2018-01-24 11:44:18.078,1.968322
11581,2018-01-24 11:44:18.177,1.968322
11582,2018-01-24 11:44:18.277,1.968322
11583,2018-01-24 11:44:18.377,1.988577
11584,2018-01-24 11:44:18.478,1.988577
11585,2018-01-24 11:44:18.578,1.988577
11586,2018-01-24 11:44:18.678,1.988577
11587,2018-01-24 11:44:18.778,1.988577
11588,2018-01-24 11:44:18.878,1.988577
11589,2018-01-24 11:44:18.978,1.988577
11590,2018-01-24 11:44:19.078,1.988577
11591,2018-01-24 11:44:19.178,1.988577
11592,2018-01-24 11:44:19.278,1.9350779999999999
11593,2018-01-24 11:44:19.378,1.9350779999999999
11594,2018-01-24 11:44:19.478,1.9350779999999999
11595,2018-01-24 11:44:19.578,1.9350779999999999
11596,2018-01-24 11:44:19.679,1.9350779999999999
11597,2018-01-24 11:44:19.779,1.9350779999999999
11598,2018-01-24 11:44:19.879,1.9350779999999999
11599,2018-01-24 11:44:19.978,1.9350779999999999
11600,2018-01-24 11:44:20.079,1.9350779999999999
11601,2018-01-24 11:44:20.178,1.9350779999999999
11602,2018-01-24 11:44:20.278,1.850807
11603,2018-01-24 11:44:20.378,1.850807
11604,2018-01-24 11:44:20.478,1.850807
11605,2018-01-24 11:44:20.577,1.850807
11606,2018-01-24 11:44:20.677,1.850807
11607,2018-01-24 11:44:20.777,1.850807
11608,2018-01-24 11:44:20.877,1.850807
11609,2018-01-24 11:44:20.977,1.850807
11610,2018-01-24 11:44:21.077,1.850807
11611,2018-01-24 11:44:21.177,1.850807
11612,2018-01-24 11:44:21.277,1.850807
11613,2018-01-24 11:44:21.377,1.8726509999999998
11614,2018-01-24 11:44:21.478,1.8726509999999998
11615,2018-01-24 11:44:21.578,1.8726509999999998
11616,2018-01-24 11:44:21.679,1.8726509999999998
11617,2018-01-24 11:44:21.778,1.8726509999999998
11618,2018-01-24 11:44:21.879,1.8726509999999998
11619,2018-01-24 11:44:21.979,1.8726509999999998
11620,2018-01-24 11:44:22.079,1.8726509999999998
11621,2018-01-24 11:44:22.179,1.8726509999999998
11622,2018-01-24 11:44:22.278,1.954636
11623,2018-01-24 11:44:22.378,1.954636
11624,2018-01-24 11:44:22.478,1.954636
11625,2018-01-24 11:44:22.578,1.954636
11626,2018-01-24 11:44:22.678,1.954636
11627,2018-01-24 11:44:22.778,1.954636
11628,2018-01-24 11:44:22.878,1.954636
11629,2018-01-24 11:44:22.978,1.954636
11630,2018-01-24 11:44:23.078,1.954636
11631,2018-01-24 11:44:23.178,1.954636
11632,2018-01-24 11:44:23.278,2.02046
11633,2018-01-24 11:44:23.378,2.02046
11634,2018-01-24 11:44:23.478,2.02046
11635,2018-01-24 11:44:23.578,2.02046
11636,2018-01-24 11:44:23.679,2.02046
11637,2018-01-24 11:44:23.778,2.02046
11638,2018-01-24 11:44:23.878,2.02046
11639,2018-01-24 11:44:23.979,2.02046
11640,2018-01-24 11:44:24.079,2.02046
11641,2018-01-24 11:44:24.178,2.02046
11642,2018-01-24 11:44:24.278,2.003931
11643,2018-01-24 11:44:24.378,2.003931
11644,2018-01-24 11:44:24.478,2.003931
11645,2018-01-24 11:44:24.579,2.003931
11646,2018-01-24 11:44:24.679,2.003931
11647,2018-01-24 11:44:24.779,2.003931
11648,2018-01-24 11:44:24.879,2.003931
11649,2018-01-24 11:44:24.979,2.003931
11650,2018-01-24 11:44:25.079,2.003931
11651,2018-01-24 11:44:25.179,2.003931
11652,2018-01-24 11:44:25.279,2.003931
11653,2018-01-24 11:44:25.380,1.869444
11654,2018-01-24 11:44:25.480,1.869444
11655,2018-01-24 11:44:25.577,1.869444
11656,2018-01-24 11:44:25.678,1.869444
11657,2018-01-24 11:44:25.778,1.869444
11658,2018-01-24 11:44:25.877,1.869444
11659,2018-01-24 11:44:25.978,1.869444
11660,2018-01-24 11:44:26.077,1.869444
11661,2018-01-24 11:44:26.177,1.869444
11662,2018-01-24 11:44:26.277,1.7469119999999998
11663,2018-01-24 11:44:26.377,1.7469119999999998
11664,2018-01-24 11:44:26.477,1.7469119999999998
11665,2018-01-24 11:44:26.577,1.7469119999999998
11666,2018-01-24 11:44:26.677,1.7469119999999998
11667,2018-01-24 11:44:26.778,1.7469119999999998
11668,2018-01-24 11:44:26.878,1.7469119999999998
11669,2018-01-24 11:44:26.977,1.7469119999999998
11670,2018-01-24 11:44:27.077,1.7469119999999998
11671,2018-01-24 11:44:27.177,1.7469119999999998
11672,2018-01-24 11:44:27.278,1.7469119999999998
11673,2018-01-24 11:44:27.377,1.780859
11674,2018-01-24 11:44:27.477,1.780859
11675,2018-01-24 11:44:27.578,1.780859
11676,2018-01-24 11:44:27.678,1.780859
11677,2018-01-24 11:44:27.779,1.780859
11678,2018-01-24 11:44:27.878,1.780859
11679,2018-01-24 11:44:27.979,1.780859
11680,2018-01-24 11:44:28.079,1.780859
11681,2018-01-24 11:44:28.178,1.780859
11682,2018-01-24 11:44:28.278,1.780859
11683,2018-01-24 11:44:28.378,1.982203
11684,2018-01-24 11:44:28.478,1.982203
11685,2018-01-24 11:44:28.578,1.982203
11686,2018-01-24 11:44:28.678,1.982203
11687,2018-01-24 11:44:28.778,1.982203
11688,2018-01-24 11:44:28.878,1.982203
11689,2018-01-24 11:44:28.978,1.982203
11690,2018-01-24 11:44:29.078,1.982203
11691,2018-01-24 11:44:29.179,1.982203
11692,2018-01-24 11:44:29.279,1.982203
11693,2018-01-24 11:44:29.379,2.228154
11694,2018-01-24 11:44:29.479,2.228154
11695,2018-01-24 11:44:29.578,2.228154
11696,2018-01-24 11:44:29.678,2.228154
11697,2018-01-24 11:44:29.779,2.228154
11698,2018-01-24 11:44:29.878,2.228154
11699,2018-01-24 11:44:29.979,2.228154
11700,2018-01-24 11:44:30.079,2.228154
11701,2018-01-24 11:44:30.178,2.228154
11702,2018-01-24 11:44:30.278,2.228154
11703,2018-01-24 11:44:30.378,2.369431
11704,2018-01-24 11:44:30.478,2.369431
11705,2018-01-24 11:44:30.578,2.369431
11706,2018-01-24 11:44:30.679,2.369431
11707,2018-01-24 11:44:30.778,2.369431
11708,2018-01-24 11:44:30.878,2.369431
11709,2018-01-24 11:44:30.978,2.369431
11710,2018-01-24 11:44:31.078,2.369431
11711,2018-01-24 11:44:31.178,2.369431
11712,2018-01-24 11:44:31.278,2.369431
11713,2018-01-24 11:44:31.378,2.373454
11714,2018-01-24 11:44:31.478,2.373454
11715,2018-01-24 11:44:31.578,2.373454
11716,2018-01-24 11:44:31.678,2.373454
11717,2018-01-24 11:44:31.778,2.373454
11718,2018-01-24 11:44:31.878,2.373454
11719,2018-01-24 11:44:31.979,2.373454
11720,2018-01-24 11:44:32.078,2.373454
11721,2018-01-24 11:44:32.178,2.373454
11722,2018-01-24 11:44:32.278,2.373454
11723,2018-01-24 11:44:32.378,2.346522
11724,2018-01-24 11:44:32.478,2.346522
11725,2018-01-24 11:44:32.578,2.346522
11726,2018-01-24 11:44:32.678,2.346522
11727,2018-01-24 11:44:32.778,2.346522
11728,2018-01-24 11:44:32.878,2.346522
11729,2018-01-24 11:44:32.978,2.346522
11730,2018-01-24 11:44:33.078,2.346522
11731,2018-01-24 11:44:33.178,2.346522
11732,2018-01-24 11:44:33.278,2.346522
11733,2018-01-24 11:44:33.378,2.3862259999999997
11734,2018-01-24 11:44:33.478,2.3862259999999997
11735,2018-01-24 11:44:33.579,2.3862259999999997
11736,2018-01-24 11:44:33.678,2.3862259999999997
11737,2018-01-24 11:44:33.779,2.3862259999999997
11738,2018-01-24 11:44:33.879,2.3862259999999997
11739,2018-01-24 11:44:33.980,2.3862259999999997
11740,2018-01-24 11:44:34.079,2.3862259999999997
11741,2018-01-24 11:44:34.179,2.3862259999999997
11742,2018-01-24 11:44:34.280,2.3862259999999997
11743,2018-01-24 11:44:34.379,2.552928
11744,2018-01-24 11:44:34.479,2.552928
11745,2018-01-24 11:44:34.579,2.552928
11746,2018-01-24 11:44:34.679,2.552928
11747,2018-01-24 11:44:34.779,2.552928
11748,2018-01-24 11:44:34.879,2.552928
11749,2018-01-24 11:44:34.979,2.552928
11750,2018-01-24 11:44:35.079,2.552928
11751,2018-01-24 11:44:35.180,2.552928
11752,2018-01-24 11:44:35.279,2.552928
11753,2018-01-24 11:44:35.380,2.768479
11754,2018-01-24 11:44:35.479,2.768479
11755,2018-01-24 11:44:35.577,2.768479
11756,2018-01-24 11:44:35.677,2.768479
11757,2018-01-24 11:44:35.777,2.768479
11758,2018-01-24 11:44:35.877,2.768479
11759,2018-01-24 11:44:35.978,2.768479
11760,2018-01-24 11:44:36.077,2.768479
11761,2018-01-24 11:44:36.177,2.768479
11762,2018-01-24 11:44:36.277,2.768479
11763,2018-01-24 11:44:36.377,2.974323
11764,2018-01-24 11:44:36.477,2.974323
11765,2018-01-24 11:44:36.578,2.974323
11766,2018-01-24 11:44:36.678,2.974323
11767,2018-01-24 11:44:36.778,2.974323
11768,2018-01-24 11:44:36.878,2.974323
11769,2018-01-24 11:44:36.978,2.974323
11770,2018-01-24 11:44:37.078,2.974323
11771,2018-01-24 11:44:37.178,2.974323
11772,2018-01-24 11:44:37.278,3.095377
11773,2018-01-24 11:44:37.378,3.095377
11774,2018-01-24 11:44:37.478,3.095377
11775,2018-01-24 11:44:37.578,3.095377
11776,2018-01-24 11:44:37.678,3.095377
11777,2018-01-24 11:44:37.778,3.095377
11778,2018-01-24 11:44:37.878,3.095377
11779,2018-01-24 11:44:37.978,3.095377
11780,2018-01-24 11:44:38.078,3.095377
11781,2018-01-24 11:44:38.178,3.095377
11782,2018-01-24 11:44:38.278,3.095377
11783,2018-01-24 11:44:38.378,3.059032
11784,2018-01-24 11:44:38.478,3.059032
11785,2018-01-24 11:44:38.578,3.059032
11786,2018-01-24 11:44:38.678,3.059032
11787,2018-01-24 11:44:38.778,3.059032
11788,2018-01-24 11:44:38.878,3.059032
11789,2018-01-24 11:44:38.978,3.059032
11790,2018-01-24 11:44:39.078,3.059032
11791,2018-01-24 11:44:39.178,3.059032
11792,2018-01-24 11:44:39.278,3.059032
11793,2018-01-24 11:44:39.378,2.949744
11794,2018-01-24 11:44:39.478,2.949744
11795,2018-01-24 11:44:39.578,2.949744
11796,2018-01-24 11:44:39.679,2.949744
11797,2018-01-24 11:44:39.780,2.949744
11798,2018-01-24 11:44:39.879,2.949744
11799,2018-01-24 11:44:39.979,2.949744
11800,2018-01-24 11:44:40.079,2.949744
11801,2018-01-24 11:44:40.179,2.949744
11802,2018-01-24 11:44:40.279,2.949744
11803,2018-01-24 11:44:40.379,2.813229
11804,2018-01-24 11:44:40.479,2.813229
11805,2018-01-24 11:44:40.578,2.813229
11806,2018-01-24 11:44:40.678,2.813229
11807,2018-01-24 11:44:40.778,2.813229
11808,2018-01-24 11:44:40.878,2.813229
11809,2018-01-24 11:44:40.978,2.813229
11810,2018-01-24 11:44:41.078,2.813229
11811,2018-01-24 11:44:41.178,2.813229
11812,2018-01-24 11:44:41.278,2.813229
11813,2018-01-24 11:44:41.378,2.735012
11814,2018-01-24 11:44:41.478,2.735012
11815,2018-01-24 11:44:41.578,2.735012
11816,2018-01-24 11:44:41.678,2.735012
11817,2018-01-24 11:44:41.778,2.735012
11818,2018-01-24 11:44:41.879,2.735012
11819,2018-01-24 11:44:41.979,2.735012
11820,2018-01-24 11:44:42.079,2.735012
11821,2018-01-24 11:44:42.178,2.735012
11822,2018-01-24 11:44:42.278,2.735012
11823,2018-01-24 11:44:42.378,2.7215830000000003
11824,2018-01-24 11:44:42.478,2.7215830000000003
11825,2018-01-24 11:44:42.578,2.7215830000000003
11826,2018-01-24 11:44:42.679,2.7215830000000003
11827,2018-01-24 11:44:42.779,2.7215830000000003
11828,2018-01-24 11:44:42.879,2.7215830000000003
11829,2018-01-24 11:44:42.979,2.7215830000000003
11830,2018-01-24 11:44:43.079,2.7215830000000003
11831,2018-01-24 11:44:43.179,2.7215830000000003
11832,2018-01-24 11:44:43.279,2.7215830000000003
11833,2018-01-24 11:44:43.379,2.714129
11834,2018-01-24 11:44:43.480,2.714129
11835,2018-01-24 11:44:43.579,2.714129
11836,2018-01-24 11:44:43.679,2.714129
11837,2018-01-24 11:44:43.780,2.714129
11838,2018-01-24 11:44:43.879,2.714129
11839,2018-01-24 11:44:43.979,2.714129
11840,2018-01-24 11:44:44.080,2.714129
11841,2018-01-24 11:44:44.180,2.714129
11842,2018-01-24 11:44:44.280,2.714129
11843,2018-01-24 11:44:44.379,2.626716
11844,2018-01-24 11:44:44.479,2.626716
11845,2018-01-24 11:44:44.579,2.626716
11846,2018-01-24 11:44:44.679,2.626716
11847,2018-01-24 11:44:44.779,2.626716
11848,2018-01-24 11:44:44.879,2.626716
11849,2018-01-24 11:44:44.979,2.626716
11850,2018-01-24 11:44:45.079,2.626716
11851,2018-01-24 11:44:45.179,2.626716
11852,2018-01-24 11:44:45.279,2.626716
11853,2018-01-24 11:44:45.379,2.372825
11854,2018-01-24 11:44:45.480,2.372825
11855,2018-01-24 11:44:45.577,2.372825
11856,2018-01-24 11:44:45.678,2.372825
11857,2018-01-24 11:44:45.778,2.372825
11858,2018-01-24 11:44:45.878,2.372825
11859,2018-01-24 11:44:45.978,2.372825
11860,2018-01-24 11:44:46.079,2.372825
11861,2018-01-24 11:44:46.179,2.372825
11862,2018-01-24 11:44:46.278,2.372825
11863,2018-01-24 11:44:46.378,2.009869
11864,2018-01-24 11:44:46.478,2.009869
11865,2018-01-24 11:44:46.578,2.009869
11866,2018-01-24 11:44:46.678,2.009869
11867,2018-01-24 11:44:46.778,2.009869
11868,2018-01-24 11:44:46.878,2.009869
11869,2018-01-24 11:44:46.978,2.009869
11870,2018-01-24 11:44:47.078,2.009869
11871,2018-01-24 11:44:47.178,2.009869
11872,2018-01-24 11:44:47.278,2.009869
11873,2018-01-24 11:44:47.378,1.6635950000000002
11874,2018-01-24 11:44:47.478,1.6635950000000002
11875,2018-01-24 11:44:47.579,1.6635950000000002
11876,2018-01-24 11:44:47.678,1.6635950000000002
11877,2018-01-24 11:44:47.778,1.6635950000000002
11878,2018-01-24 11:44:47.879,1.6635950000000002
11879,2018-01-24 11:44:47.978,1.6635950000000002
11880,2018-01-24 11:44:48.078,1.6635950000000002
11881,2018-01-24 11:44:48.178,1.6635950000000002
11882,2018-01-24 11:44:48.278,1.6635950000000002
11883,2018-01-24 11:44:48.378,1.411667
11884,2018-01-24 11:44:48.478,1.411667
11885,2018-01-24 11:44:48.578,1.411667
11886,2018-01-24 11:44:48.678,1.411667
11887,2018-01-24 11:44:48.779,1.411667
11888,2018-01-24 11:44:48.879,1.411667
11889,2018-01-24 11:44:48.979,1.411667
11890,2018-01-24 11:44:49.079,1.411667
11891,2018-01-24 11:44:49.179,1.411667
11892,2018-01-24 11:44:49.279,1.411667
11893,2018-01-24 11:44:49.379,1.3315299999999999
11894,2018-01-24 11:44:49.479,1.3315299999999999
11895,2018-01-24 11:44:49.580,1.3315299999999999
11896,2018-01-24 11:44:49.679,1.3315299999999999
11897,2018-01-24 11:44:49.779,1.3315299999999999
11898,2018-01-24 11:44:49.879,1.3315299999999999
11899,2018-01-24 11:44:49.979,1.3315299999999999
11900,2018-01-24 11:44:50.080,1.3315299999999999
11901,2018-01-24 11:44:50.179,1.3315299999999999
11902,2018-01-24 11:44:50.279,1.3315299999999999
11903,2018-01-24 11:44:50.379,1.369497
11904,2018-01-24 11:44:50.479,1.369497
11905,2018-01-24 11:44:50.578,1.369497
11906,2018-01-24 11:44:50.678,1.369497
11907,2018-01-24 11:44:50.778,1.369497
11908,2018-01-24 11:44:50.878,1.369497
11909,2018-01-24 11:44:50.978,1.369497
11910,2018-01-24 11:44:51.078,1.369497
11911,2018-01-24 11:44:51.179,1.369497
11912,2018-01-24 11:44:51.278,1.369497
11913,2018-01-24 11:44:51.378,1.413625
11914,2018-01-24 11:44:51.478,1.413625
11915,2018-01-24 11:44:51.578,1.413625
11916,2018-01-24 11:44:51.679,1.413625
11917,2018-01-24 11:44:51.779,1.413625
11918,2018-01-24 11:44:51.880,1.413625
11919,2018-01-24 11:44:51.980,1.413625
11920,2018-01-24 11:44:52.079,1.413625
11921,2018-01-24 11:44:52.180,1.413625
11922,2018-01-24 11:44:52.279,1.413625
11923,2018-01-24 11:44:52.379,1.29976
11924,2018-01-24 11:44:52.479,1.29976
11925,2018-01-24 11:44:52.579,1.29976
11926,2018-01-24 11:44:52.679,1.29976
11927,2018-01-24 11:44:52.779,1.29976
11928,2018-01-24 11:44:52.879,1.29976
11929,2018-01-24 11:44:52.979,1.29976
11930,2018-01-24 11:44:53.079,1.29976
11931,2018-01-24 11:44:53.179,1.29976
11932,2018-01-24 11:44:53.279,1.063656
11933,2018-01-24 11:44:53.379,1.063656
11934,2018-01-24 11:44:53.480,1.063656
11935,2018-01-24 11:44:53.580,1.063656
11936,2018-01-24 11:44:53.679,1.063656
11937,2018-01-24 11:44:53.780,1.063656
11938,2018-01-24 11:44:53.880,1.063656
11939,2018-01-24 11:44:53.979,1.063656
11940,2018-01-24 11:44:54.080,1.063656
11941,2018-01-24 11:44:54.180,1.063656
11942,2018-01-24 11:44:54.280,0.801871
11943,2018-01-24 11:44:54.380,0.801871
11944,2018-01-24 11:44:54.479,0.801871
11945,2018-01-24 11:44:54.579,0.801871
11946,2018-01-24 11:44:54.679,0.801871
11947,2018-01-24 11:44:54.780,0.801871
11948,2018-01-24 11:44:54.880,0.801871
11949,2018-01-24 11:44:54.980,0.801871
11950,2018-01-24 11:44:55.080,0.801871
11951,2018-01-24 11:44:55.180,0.801871
11952,2018-01-24 11:44:55.280,0.5864309999999999
11953,2018-01-24 11:44:55.380,0.5864309999999999
11954,2018-01-24 11:44:55.481,0.5864309999999999
11955,2018-01-24 11:44:55.578,0.5864309999999999
11956,2018-01-24 11:44:55.678,0.5864309999999999
11957,2018-01-24 11:44:55.779,0.5864309999999999
11958,2018-01-24 11:44:55.879,0.5864309999999999
11959,2018-01-24 11:44:55.978,0.5864309999999999
11960,2018-01-24 11:44:56.078,0.5864309999999999
11961,2018-01-24 11:44:56.178,0.5864309999999999
11962,2018-01-24 11:44:56.278,0.530461
11963,2018-01-24 11:44:56.378,0.530461
11964,2018-01-24 11:44:56.478,0.530461
11965,2018-01-24 11:44:56.578,0.530461
11966,2018-01-24 11:44:56.678,0.530461
11967,2018-01-24 11:44:56.778,0.530461
11968,2018-01-24 11:44:56.878,0.530461
11969,2018-01-24 11:44:56.978,0.530461
11970,2018-01-24 11:44:57.078,0.530461
11971,2018-01-24 11:44:57.178,0.530461
11972,2018-01-24 11:44:57.278,0.589278
11973,2018-01-24 11:44:57.378,0.589278
11974,2018-01-24 11:44:57.478,0.589278
11975,2018-01-24 11:44:57.578,0.589278
11976,2018-01-24 11:44:57.679,0.589278
11977,2018-01-24 11:44:57.779,0.589278
11978,2018-01-24 11:44:57.879,0.589278
11979,2018-01-24 11:44:57.979,0.589278
11980,2018-01-24 11:44:58.080,0.589278
11981,2018-01-24 11:44:58.179,0.589278
11982,2018-01-24 11:44:58.279,0.6805629999999999
11983,2018-01-24 11:44:58.379,0.6805629999999999
11984,2018-01-24 11:44:58.479,0.6805629999999999
11985,2018-01-24 11:44:58.579,0.6805629999999999
11986,2018-01-24 11:44:58.679,0.6805629999999999
11987,2018-01-24 11:44:58.779,0.6805629999999999
11988,2018-01-24 11:44:58.879,0.6805629999999999
11989,2018-01-24 11:44:58.979,0.6805629999999999
11990,2018-01-24 11:44:59.079,0.6805629999999999
11991,2018-01-24 11:44:59.180,0.6805629999999999
11992,2018-01-24 11:44:59.279,0.729783
11993,2018-01-24 11:44:59.379,0.729783
11994,2018-01-24 11:44:59.479,0.729783
11995,2018-01-24 11:44:59.580,0.729783
11996,2018-01-24 11:44:59.679,0.729783
11997,2018-01-24 11:44:59.780,0.729783
11998,2018-01-24 11:44:59.879,0.729783
11999,2018-01-24 11:44:59.979,0.729783
12000,2018-01-24 11:45:00.079,0.729783
12001,2018-01-24 11:45:00.179,0.729783
12002,2018-01-24 11:45:00.279,0.65691
12003,2018-01-24 11:45:00.380,0.65691
12004,2018-01-24 11:45:00.479,0.65691
12005,2018-01-24 11:45:00.578,0.65691
12006,2018-01-24 11:45:00.678,0.65691
12007,2018-01-24 11:45:00.778,0.65691
12008,2018-01-24 11:45:00.879,0.65691
12009,2018-01-24 11:45:00.979,0.65691
12010,2018-01-24 11:45:01.079,0.65691
12011,2018-01-24 11:45:01.179,0.65691
12012,2018-01-24 11:45:01.279,0.522346
12013,2018-01-24 11:45:01.379,0.522346
12014,2018-01-24 11:45:01.480,0.522346
12015,2018-01-24 11:45:01.579,0.522346
12016,2018-01-24 11:45:01.679,0.522346
12017,2018-01-24 11:45:01.779,0.522346
12018,2018-01-24 11:45:01.879,0.522346
12019,2018-01-24 11:45:01.979,0.522346
12020,2018-01-24 11:45:02.079,0.522346
12021,2018-01-24 11:45:02.179,0.522346
12022,2018-01-24 11:45:02.280,0.522346
12023,2018-01-24 11:45:02.379,0.496923
12024,2018-01-24 11:45:02.479,0.496923
12025,2018-01-24 11:45:02.579,0.496923
12026,2018-01-24 11:45:02.679,0.496923
12027,2018-01-24 11:45:02.779,0.496923
12028,2018-01-24 11:45:02.879,0.496923
12029,2018-01-24 11:45:02.979,0.496923
12030,2018-01-24 11:45:03.079,0.496923
12031,2018-01-24 11:45:03.180,0.496923
12032,2018-01-24 11:45:03.279,0.496923
12033,2018-01-24 11:45:03.379,0.604295
12034,2018-01-24 11:45:03.479,0.604295
12035,2018-01-24 11:45:03.579,0.604295
12036,2018-01-24 11:45:03.680,0.604295
12037,2018-01-24 11:45:03.779,0.604295
12038,2018-01-24 11:45:03.880,0.604295
12039,2018-01-24 11:45:03.981,0.604295
12040,2018-01-24 11:45:04.081,0.604295
12041,2018-01-24 11:45:04.181,0.604295
12042,2018-01-24 11:45:04.281,0.604295
12043,2018-01-24 11:45:04.380,0.799851
12044,2018-01-24 11:45:04.480,0.799851
12045,2018-01-24 11:45:04.580,0.799851
12046,2018-01-24 11:45:04.680,0.799851
12047,2018-01-24 11:45:04.780,0.799851
12048,2018-01-24 11:45:04.880,0.799851
12049,2018-01-24 11:45:04.980,0.799851
12050,2018-01-24 11:45:05.080,0.799851
12051,2018-01-24 11:45:05.181,0.799851
12052,2018-01-24 11:45:05.280,0.799851
12053,2018-01-24 11:45:05.380,0.9676969999999999
12054,2018-01-24 11:45:05.480,0.9676969999999999
12055,2018-01-24 11:45:05.578,0.9676969999999999
12056,2018-01-24 11:45:05.679,0.9676969999999999
12057,2018-01-24 11:45:05.778,0.9676969999999999
12058,2018-01-24 11:45:05.878,0.9676969999999999
12059,2018-01-24 11:45:05.979,0.9676969999999999
12060,2018-01-24 11:45:06.078,0.9676969999999999
12061,2018-01-24 11:45:06.179,0.9676969999999999
12062,2018-01-24 11:45:06.279,0.9676969999999999
12063,2018-01-24 11:45:06.378,1.041603
12064,2018-01-24 11:45:06.478,1.041603
12065,2018-01-24 11:45:06.578,1.041603
12066,2018-01-24 11:45:06.678,1.041603
12067,2018-01-24 11:45:06.778,1.041603
12068,2018-01-24 11:45:06.879,1.041603
12069,2018-01-24 11:45:06.979,1.041603
12070,2018-01-24 11:45:07.079,1.041603
12071,2018-01-24 11:45:07.180,1.041603
12072,2018-01-24 11:45:07.279,1.041603
12073,2018-01-24 11:45:07.379,1.0950280000000001
12074,2018-01-24 11:45:07.479,1.0950280000000001
12075,2018-01-24 11:45:07.580,1.0950280000000001
12076,2018-01-24 11:45:07.679,1.0950280000000001
12077,2018-01-24 11:45:07.779,1.0950280000000001
12078,2018-01-24 11:45:07.880,1.0950280000000001
12079,2018-01-24 11:45:07.979,1.0950280000000001
12080,2018-01-24 11:45:08.079,1.0950280000000001
12081,2018-01-24 11:45:08.179,1.0950280000000001
12082,2018-01-24 11:45:08.279,1.0950280000000001
12083,2018-01-24 11:45:08.380,1.1943139999999999
12084,2018-01-24 11:45:08.479,1.1943139999999999
12085,2018-01-24 11:45:08.579,1.1943139999999999
12086,2018-01-24 11:45:08.679,1.1943139999999999
12087,2018-01-24 11:45:08.779,1.1943139999999999
12088,2018-01-24 11:45:08.879,1.1943139999999999
12089,2018-01-24 11:45:08.979,1.1943139999999999
12090,2018-01-24 11:45:09.079,1.1943139999999999
12091,2018-01-24 11:45:09.180,1.1943139999999999
12092,2018-01-24 11:45:09.279,1.1943139999999999
12093,2018-01-24 11:45:09.379,1.355957
12094,2018-01-24 11:45:09.479,1.355957
12095,2018-01-24 11:45:09.579,1.355957
12096,2018-01-24 11:45:09.679,1.355957
12097,2018-01-24 11:45:09.779,1.355957
12098,2018-01-24 11:45:09.879,1.355957
12099,2018-01-24 11:45:09.980,1.355957
12100,2018-01-24 11:45:10.081,1.355957
12101,2018-01-24 11:45:10.180,1.355957
12102,2018-01-24 11:45:10.281,1.355957
12103,2018-01-24 11:45:10.380,1.5285600000000001
12104,2018-01-24 11:45:10.480,1.5285600000000001
12105,2018-01-24 11:45:10.579,1.5285600000000001
12106,2018-01-24 11:45:10.679,1.5285600000000001
12107,2018-01-24 11:45:10.779,1.5285600000000001
12108,2018-01-24 11:45:10.879,1.5285600000000001
12109,2018-01-24 11:45:10.979,1.5285600000000001
12110,2018-01-24 11:45:11.079,1.5285600000000001
12111,2018-01-24 11:45:11.180,1.5285600000000001
12112,2018-01-24 11:45:11.279,1.5285600000000001
12113,2018-01-24 11:45:11.379,1.641541
12114,2018-01-24 11:45:11.479,1.641541
12115,2018-01-24 11:45:11.579,1.641541
12116,2018-01-24 11:45:11.679,1.641541
12117,2018-01-24 11:45:11.779,1.641541
12118,2018-01-24 11:45:11.879,1.641541
12119,2018-01-24 11:45:11.979,1.641541
12120,2018-01-24 11:45:12.079,1.641541
12121,2018-01-24 11:45:12.180,1.641541
12122,2018-01-24 11:45:12.280,1.6976639999999998
12123,2018-01-24 11:45:12.379,1.6976639999999998
12124,2018-01-24 11:45:12.479,1.6976639999999998
12125,2018-01-24 11:45:12.579,1.6976639999999998
12126,2018-01-24 11:45:12.679,1.6976639999999998
12127,2018-01-24 11:45:12.779,1.6976639999999998
12128,2018-01-24 11:45:12.879,1.6976639999999998
12129,2018-01-24 11:45:12.980,1.6976639999999998
12130,2018-01-24 11:45:13.080,1.6976639999999998
12131,2018-01-24 11:45:13.180,1.6976639999999998
12132,2018-01-24 11:45:13.280,1.6976639999999998
12133,2018-01-24 11:45:13.380,1.773672
12134,2018-01-24 11:45:13.480,1.773672
12135,2018-01-24 11:45:13.580,1.773672
12136,2018-01-24 11:45:13.681,1.773672
12137,2018-01-24 11:45:13.780,1.773672
12138,2018-01-24 11:45:13.880,1.773672
12139,2018-01-24 11:45:13.980,1.773672
12140,2018-01-24 11:45:14.080,1.773672
12141,2018-01-24 11:45:14.181,1.773672
12142,2018-01-24 11:45:14.281,1.773672
12143,2018-01-24 11:45:14.381,1.927826
12144,2018-01-24 11:45:14.480,1.927826
12145,2018-01-24 11:45:14.580,1.927826
12146,2018-01-24 11:45:14.680,1.927826
12147,2018-01-24 11:45:14.780,1.927826
12148,2018-01-24 11:45:14.880,1.927826
12149,2018-01-24 11:45:14.980,1.927826
12150,2018-01-24 11:45:15.080,1.927826
12151,2018-01-24 11:45:15.180,1.927826
12152,2018-01-24 11:45:15.280,1.927826
12153,2018-01-24 11:45:15.380,2.115224
12154,2018-01-24 11:45:15.480,2.115224
12155,2018-01-24 11:45:15.578,2.115224
12156,2018-01-24 11:45:15.679,2.115224
12157,2018-01-24 11:45:15.778,2.115224
12158,2018-01-24 11:45:15.880,2.115224
12159,2018-01-24 11:45:15.979,2.115224
12160,2018-01-24 11:45:16.079,2.115224
12161,2018-01-24 11:45:16.179,2.115224
12162,2018-01-24 11:45:16.280,2.115224
12163,2018-01-24 11:45:16.379,2.2703
12164,2018-01-24 11:45:16.479,2.2703
12165,2018-01-24 11:45:16.579,2.2703
12166,2018-01-24 11:45:16.679,2.2703
12167,2018-01-24 11:45:16.779,2.2703
12168,2018-01-24 11:45:16.879,2.2703
12169,2018-01-24 11:45:16.979,2.2703
12170,2018-01-24 11:45:17.079,2.2703
12171,2018-01-24 11:45:17.180,2.2703
12172,2018-01-24 11:45:17.279,2.2703
12173,2018-01-24 11:45:17.379,2.243291
12174,2018-01-24 11:45:17.479,2.243291
12175,2018-01-24 11:45:17.579,2.243291
12176,2018-01-24 11:45:17.679,2.243291
12177,2018-01-24 11:45:17.780,2.243291
12178,2018-01-24 11:45:17.879,2.243291
12179,2018-01-24 11:45:17.979,2.243291
12180,2018-01-24 11:45:18.079,2.243291
12181,2018-01-24 11:45:18.179,2.243291
12182,2018-01-24 11:45:18.279,2.243291
12183,2018-01-24 11:45:18.380,2.0289580000000003
12184,2018-01-24 11:45:18.479,2.0289580000000003
12185,2018-01-24 11:45:18.579,2.0289580000000003
12186,2018-01-24 11:45:18.679,2.0289580000000003
12187,2018-01-24 11:45:18.779,2.0289580000000003
12188,2018-01-24 11:45:18.880,2.0289580000000003
12189,2018-01-24 11:45:18.980,2.0289580000000003
12190,2018-01-24 11:45:19.080,2.0289580000000003
12191,2018-01-24 11:45:19.181,2.0289580000000003
12192,2018-01-24 11:45:19.280,2.0289580000000003
12193,2018-01-24 11:45:19.380,1.730389
12194,2018-01-24 11:45:19.480,1.730389
12195,2018-01-24 11:45:19.580,1.730389
12196,2018-01-24 11:45:19.680,1.730389
12197,2018-01-24 11:45:19.780,1.730389
12198,2018-01-24 11:45:19.880,1.730389
12199,2018-01-24 11:45:19.980,1.730389
12200,2018-01-24 11:45:20.081,1.730389
12201,2018-01-24 11:45:20.181,1.730389
12202,2018-01-24 11:45:20.281,1.730389
12203,2018-01-24 11:45:20.380,1.4863540000000002
12204,2018-01-24 11:45:20.480,1.4863540000000002
12205,2018-01-24 11:45:20.579,1.4863540000000002
12206,2018-01-24 11:45:20.679,1.4863540000000002
12207,2018-01-24 11:45:20.779,1.4863540000000002
12208,2018-01-24 11:45:20.879,1.4863540000000002
12209,2018-01-24 11:45:20.979,1.4863540000000002
12210,2018-01-24 11:45:21.079,1.4863540000000002
12211,2018-01-24 11:45:21.179,1.4863540000000002
12212,2018-01-24 11:45:21.279,1.4863540000000002
12213,2018-01-24 11:45:21.379,1.337624
12214,2018-01-24 11:45:21.479,1.337624
12215,2018-01-24 11:45:21.579,1.337624
12216,2018-01-24 11:45:21.679,1.337624
12217,2018-01-24 11:45:21.779,1.337624
12218,2018-01-24 11:45:21.879,1.337624
12219,2018-01-24 11:45:21.980,1.337624
12220,2018-01-24 11:45:22.080,1.337624
12221,2018-01-24 11:45:22.181,1.337624
12222,2018-01-24 11:45:22.281,1.337624
12223,2018-01-24 11:45:22.380,1.306927
12224,2018-01-24 11:45:22.480,1.306927
12225,2018-01-24 11:45:22.580,1.306927
12226,2018-01-24 11:45:22.680,1.306927
12227,2018-01-24 11:45:22.780,1.306927
12228,2018-01-24 11:45:22.880,1.306927
12229,2018-01-24 11:45:22.980,1.306927
12230,2018-01-24 11:45:23.080,1.306927
12231,2018-01-24 11:45:23.181,1.306927
12232,2018-01-24 11:45:23.280,1.339284
12233,2018-01-24 11:45:23.380,1.339284
12234,2018-01-24 11:45:23.480,1.339284
12235,2018-01-24 11:45:23.580,1.339284
12236,2018-01-24 11:45:23.680,1.339284
12237,2018-01-24 11:45:23.780,1.339284
12238,2018-01-24 11:45:23.880,1.339284
12239,2018-01-24 11:45:23.980,1.339284
12240,2018-01-24 11:45:24.080,1.339284
12241,2018-01-24 11:45:24.180,1.339284
12242,2018-01-24 11:45:24.281,1.339284
12243,2018-01-24 11:45:24.380,1.3170709999999999
12244,2018-01-24 11:45:24.481,1.3170709999999999
12245,2018-01-24 11:45:24.580,1.3170709999999999
12246,2018-01-24 11:45:24.680,1.3170709999999999
12247,2018-01-24 11:45:24.780,1.3170709999999999
12248,2018-01-24 11:45:24.880,1.3170709999999999
12249,2018-01-24 11:45:24.981,1.3170709999999999
12250,2018-01-24 11:45:25.081,1.3170709999999999
12251,2018-01-24 11:45:25.181,1.3170709999999999
12252,2018-01-24 11:45:25.281,1.151367
12253,2018-01-24 11:45:25.381,1.151367
12254,2018-01-24 11:45:25.481,1.151367
12255,2018-01-24 11:45:25.579,1.151367
12256,2018-01-24 11:45:25.679,1.151367
12257,2018-01-24 11:45:25.780,1.151367
12258,2018-01-24 11:45:25.879,1.151367
12259,2018-01-24 11:45:25.979,1.151367
12260,2018-01-24 11:45:26.080,1.151367
12261,2018-01-24 11:45:26.180,1.151367
12262,2018-01-24 11:45:26.279,1.151367
12263,2018-01-24 11:45:26.379,0.7939849999999999
12264,2018-01-24 11:45:26.479,0.7939849999999999
12265,2018-01-24 11:45:26.579,0.7939849999999999
12266,2018-01-24 11:45:26.679,0.7939849999999999
12267,2018-01-24 11:45:26.779,0.7939849999999999
12268,2018-01-24 11:45:26.879,0.7939849999999999
12269,2018-01-24 11:45:26.979,0.7939849999999999
12270,2018-01-24 11:45:27.079,0.7939849999999999
12271,2018-01-24 11:45:27.179,0.7939849999999999
12272,2018-01-24 11:45:27.279,0.7939849999999999
12273,2018-01-24 11:45:27.379,0.43210299999999996
12274,2018-01-24 11:45:27.479,0.43210299999999996
12275,2018-01-24 11:45:27.580,0.43210299999999996
12276,2018-01-24 11:45:27.680,0.43210299999999996
12277,2018-01-24 11:45:27.779,0.43210299999999996
12278,2018-01-24 11:45:27.879,0.43210299999999996
12279,2018-01-24 11:45:27.980,0.43210299999999996
12280,2018-01-24 11:45:28.080,0.43210299999999996
12281,2018-01-24 11:45:28.181,0.43210299999999996
12282,2018-01-24 11:45:28.280,0.43210299999999996
12283,2018-01-24 11:45:28.380,0.095311
12284,2018-01-24 11:45:28.481,0.095311
12285,2018-01-24 11:45:28.580,0.095311
12286,2018-01-24 11:45:28.680,0.095311
12287,2018-01-24 11:45:28.780,0.095311
12288,2018-01-24 11:45:28.880,0.095311
12289,2018-01-24 11:45:28.980,0.095311
12290,2018-01-24 11:45:29.080,0.095311
12291,2018-01-24 11:45:29.180,0.095311
12292,2018-01-24 11:45:29.280,0.095311
12293,2018-01-24 11:45:29.380,-0.034861
12294,2018-01-24 11:45:29.480,-0.034861
12295,2018-01-24 11:45:29.581,-0.034861
12296,2018-01-24 11:45:29.680,-0.034861
12297,2018-01-24 11:45:29.780,-0.034861
12298,2018-01-24 11:45:29.881,-0.034861
12299,2018-01-24 11:45:29.980,-0.034861
12300,2018-01-24 11:45:30.080,-0.034861
12301,2018-01-24 11:45:30.180,-0.034861
12302,2018-01-24 11:45:30.281,-0.034861
12303,2018-01-24 11:45:30.381,-0.037925
12304,2018-01-24 11:45:30.480,-0.037925
12305,2018-01-24 11:45:30.579,-0.037925
12306,2018-01-24 11:45:30.679,-0.037925
12307,2018-01-24 11:45:30.779,-0.037925
12308,2018-01-24 11:45:30.879,-0.037925
12309,2018-01-24 11:45:30.980,-0.037925
12310,2018-01-24 11:45:31.080,-0.037925
12311,2018-01-24 11:45:31.180,-0.037925
12312,2018-01-24 11:45:31.280,-0.037925
12313,2018-01-24 11:45:31.380,0.044501
12314,2018-01-24 11:45:31.480,0.044501
12315,2018-01-24 11:45:31.580,0.044501
12316,2018-01-24 11:45:31.680,0.044501
12317,2018-01-24 11:45:31.780,0.044501
12318,2018-01-24 11:45:31.880,0.044501
12319,2018-01-24 11:45:31.980,0.044501
12320,2018-01-24 11:45:32.080,0.044501
12321,2018-01-24 11:45:32.180,0.044501
12322,2018-01-24 11:45:32.280,0.044501
12323,2018-01-24 11:45:32.381,0.15187
12324,2018-01-24 11:45:32.480,0.15187
12325,2018-01-24 11:45:32.580,0.15187
12326,2018-01-24 11:45:32.680,0.15187
12327,2018-01-24 11:45:32.780,0.15187
12328,2018-01-24 11:45:32.880,0.15187
12329,2018-01-24 11:45:32.980,0.15187
12330,2018-01-24 11:45:33.080,0.15187
12331,2018-01-24 11:45:33.180,0.15187
12332,2018-01-24 11:45:33.280,0.208065
12333,2018-01-24 11:45:33.380,0.208065
12334,2018-01-24 11:45:33.480,0.208065
12335,2018-01-24 11:45:33.581,0.208065
12336,2018-01-24 11:45:33.680,0.208065
12337,2018-01-24 11:45:33.781,0.208065
12338,2018-01-24 11:45:33.880,0.208065
12339,2018-01-24 11:45:33.980,0.208065
12340,2018-01-24 11:45:34.081,0.208065
12341,2018-01-24 11:45:34.181,0.208065
12342,2018-01-24 11:45:34.281,0.28746700000000003
12343,2018-01-24 11:45:34.381,0.28746700000000003
12344,2018-01-24 11:45:34.481,0.28746700000000003
12345,2018-01-24 11:45:34.581,0.28746700000000003
12346,2018-01-24 11:45:34.681,0.28746700000000003
12347,2018-01-24 11:45:34.781,0.28746700000000003
12348,2018-01-24 11:45:34.881,0.28746700000000003
12349,2018-01-24 11:45:34.981,0.28746700000000003
12350,2018-01-24 11:45:35.081,0.28746700000000003
12351,2018-01-24 11:45:35.181,0.28746700000000003
12352,2018-01-24 11:45:35.281,0.28746700000000003
12353,2018-01-24 11:45:35.381,0.407676
12354,2018-01-24 11:45:35.481,0.407676
12355,2018-01-24 11:45:35.580,0.407676
12356,2018-01-24 11:45:35.679,0.407676
12357,2018-01-24 11:45:35.779,0.407676
12358,2018-01-24 11:45:35.879,0.407676
12359,2018-01-24 11:45:35.979,0.407676
12360,2018-01-24 11:45:36.080,0.407676
12361,2018-01-24 11:45:36.179,0.407676
12362,2018-01-24 11:45:36.279,0.574006
12363,2018-01-24 11:45:36.380,0.574006
12364,2018-01-24 11:45:36.479,0.574006
12365,2018-01-24 11:45:36.579,0.574006
12366,2018-01-24 11:45:36.679,0.574006
12367,2018-01-24 11:45:36.779,0.574006
12368,2018-01-24 11:45:36.879,0.574006
12369,2018-01-24 11:45:36.979,0.574006
12370,2018-01-24 11:45:37.080,0.574006
12371,2018-01-24 11:45:37.180,0.574006
12372,2018-01-24 11:45:37.280,0.787048
12373,2018-01-24 11:45:37.380,0.787048
12374,2018-01-24 11:45:37.480,0.787048
12375,2018-01-24 11:45:37.580,0.787048
12376,2018-01-24 11:45:37.680,0.787048
12377,2018-01-24 11:45:37.780,0.787048
12378,2018-01-24 11:45:37.880,0.787048
12379,2018-01-24 11:45:37.981,0.787048
12380,2018-01-24 11:45:38.081,0.787048
12381,2018-01-24 11:45:38.180,0.787048
12382,2018-01-24 11:45:38.280,0.787048
12383,2018-01-24 11:45:38.380,1.053958
12384,2018-01-24 11:45:38.481,1.053958
12385,2018-01-24 11:45:38.580,1.053958
12386,2018-01-24 11:45:38.680,1.053958
12387,2018-01-24 11:45:38.780,1.053958
12388,2018-01-24 11:45:38.880,1.053958
12389,2018-01-24 11:45:38.980,1.053958
12390,2018-01-24 11:45:39.080,1.053958
12391,2018-01-24 11:45:39.180,1.053958
12392,2018-01-24 11:45:39.280,1.053958
12393,2018-01-24 11:45:39.380,1.448014
12394,2018-01-24 11:45:39.480,1.448014
12395,2018-01-24 11:45:39.580,1.448014
12396,2018-01-24 11:45:39.680,1.448014
12397,2018-01-24 11:45:39.780,1.448014
12398,2018-01-24 11:45:39.880,1.448014
12399,2018-01-24 11:45:39.981,1.448014
12400,2018-01-24 11:45:40.080,1.448014
12401,2018-01-24 11:45:40.181,1.448014
12402,2018-01-24 11:45:40.281,1.448014
12403,2018-01-24 11:45:40.382,1.875019
12404,2018-01-24 11:45:40.481,1.875019
12405,2018-01-24 11:45:40.580,1.875019
12406,2018-01-24 11:45:40.680,1.875019
12407,2018-01-24 11:45:40.780,1.875019
12408,2018-01-24 11:45:40.880,1.875019
12409,2018-01-24 11:45:40.980,1.875019
12410,2018-01-24 11:45:41.080,1.875019
12411,2018-01-24 11:45:41.180,1.875019
12412,2018-01-24 11:45:41.280,1.875019
12413,2018-01-24 11:45:41.380,2.278042
12414,2018-01-24 11:45:41.480,2.278042
12415,2018-01-24 11:45:41.580,2.278042
12416,2018-01-24 11:45:41.680,2.278042
12417,2018-01-24 11:45:41.780,2.278042
12418,2018-01-24 11:45:41.881,2.278042
12419,2018-01-24 11:45:41.980,2.278042
12420,2018-01-24 11:45:42.080,2.278042
12421,2018-01-24 11:45:42.180,2.278042
12422,2018-01-24 11:45:42.280,2.278042
12423,2018-01-24 11:45:42.381,2.601664
12424,2018-01-24 11:45:42.480,2.601664
12425,2018-01-24 11:45:42.580,2.601664
12426,2018-01-24 11:45:42.680,2.601664
12427,2018-01-24 11:45:42.780,2.601664
12428,2018-01-24 11:45:42.880,2.601664
12429,2018-01-24 11:45:42.980,2.601664
12430,2018-01-24 11:45:43.081,2.601664
12431,2018-01-24 11:45:43.180,2.601664
12432,2018-01-24 11:45:43.281,2.601664
12433,2018-01-24 11:45:43.381,2.885033
12434,2018-01-24 11:45:43.481,2.885033
12435,2018-01-24 11:45:43.581,2.885033
12436,2018-01-24 11:45:43.681,2.885033
12437,2018-01-24 11:45:43.782,2.885033
12438,2018-01-24 11:45:43.882,2.885033
12439,2018-01-24 11:45:43.981,2.885033
12440,2018-01-24 11:45:44.081,2.885033
12441,2018-01-24 11:45:44.182,2.885033
12442,2018-01-24 11:45:44.281,2.885033
12443,2018-01-24 11:45:44.381,3.226366
12444,2018-01-24 11:45:44.481,3.226366
12445,2018-01-24 11:45:44.581,3.226366
12446,2018-01-24 11:45:44.681,3.226366
12447,2018-01-24 11:45:44.781,3.226366
12448,2018-01-24 11:45:44.881,3.226366
12449,2018-01-24 11:45:44.981,3.226366
12450,2018-01-24 11:45:45.081,3.226366
12451,2018-01-24 11:45:45.181,3.226366
12452,2018-01-24 11:45:45.281,3.226366
12453,2018-01-24 11:45:45.381,3.562644
12454,2018-01-24 11:45:45.481,3.562644
12455,2018-01-24 11:45:45.579,3.562644
12456,2018-01-24 11:45:45.680,3.562644
12457,2018-01-24 11:45:45.780,3.562644
12458,2018-01-24 11:45:45.879,3.562644
12459,2018-01-24 11:45:45.979,3.562644
12460,2018-01-24 11:45:46.080,3.562644
12461,2018-01-24 11:45:46.181,3.562644
12462,2018-01-24 11:45:46.280,3.562644
12463,2018-01-24 11:45:46.380,3.780408
12464,2018-01-24 11:45:46.481,3.780408
12465,2018-01-24 11:45:46.580,3.780408
12466,2018-01-24 11:45:46.680,3.780408
12467,2018-01-24 11:45:46.780,3.780408
12468,2018-01-24 11:45:46.880,3.780408
12469,2018-01-24 11:45:46.980,3.780408
12470,2018-01-24 11:45:47.080,3.780408
12471,2018-01-24 11:45:47.180,3.780408
12472,2018-01-24 11:45:47.280,3.780408
12473,2018-01-24 11:45:47.380,3.7814769999999998
12474,2018-01-24 11:45:47.480,3.7814769999999998
12475,2018-01-24 11:45:47.580,3.7814769999999998
12476,2018-01-24 11:45:47.680,3.7814769999999998
12477,2018-01-24 11:45:47.780,3.7814769999999998
12478,2018-01-24 11:45:47.881,3.7814769999999998
12479,2018-01-24 11:45:47.981,3.7814769999999998
12480,2018-01-24 11:45:48.080,3.7814769999999998
12481,2018-01-24 11:45:48.181,3.7814769999999998
12482,2018-01-24 11:45:48.281,3.7814769999999998
12483,2018-01-24 11:45:48.381,3.619425
12484,2018-01-24 11:45:48.480,3.619425
12485,2018-01-24 11:45:48.580,3.619425
12486,2018-01-24 11:45:48.680,3.619425
12487,2018-01-24 11:45:48.780,3.619425
12488,2018-01-24 11:45:48.880,3.619425
12489,2018-01-24 11:45:48.980,3.619425
12490,2018-01-24 11:45:49.080,3.619425
12491,2018-01-24 11:45:49.181,3.619425
12492,2018-01-24 11:45:49.281,3.619425
12493,2018-01-24 11:45:49.381,3.4654540000000003
12494,2018-01-24 11:45:49.481,3.4654540000000003
12495,2018-01-24 11:45:49.581,3.4654540000000003
12496,2018-01-24 11:45:49.682,3.4654540000000003
12497,2018-01-24 11:45:49.782,3.4654540000000003
12498,2018-01-24 11:45:49.881,3.4654540000000003
12499,2018-01-24 11:45:49.981,3.4654540000000003
12500,2018-01-24 11:45:50.082,3.4654540000000003
12501,2018-01-24 11:45:50.181,3.4654540000000003
12502,2018-01-24 11:45:50.281,3.4654540000000003
12503,2018-01-24 11:45:50.381,3.496482
12504,2018-01-24 11:45:50.482,3.496482
12505,2018-01-24 11:45:50.580,3.496482
12506,2018-01-24 11:45:50.680,3.496482
12507,2018-01-24 11:45:50.780,3.496482
12508,2018-01-24 11:45:50.880,3.496482
12509,2018-01-24 11:45:50.980,3.496482
12510,2018-01-24 11:45:51.080,3.496482
12511,2018-01-24 11:45:51.180,3.496482
12512,2018-01-24 11:45:51.280,3.496482
12513,2018-01-24 11:45:51.380,3.705723
12514,2018-01-24 11:45:51.480,3.705723
12515,2018-01-24 11:45:51.580,3.705723
12516,2018-01-24 11:45:51.680,3.705723
12517,2018-01-24 11:45:51.780,3.705723
12518,2018-01-24 11:45:51.881,3.705723
12519,2018-01-24 11:45:51.980,3.705723
12520,2018-01-24 11:45:52.081,3.705723
12521,2018-01-24 11:45:52.181,3.705723
12522,2018-01-24 11:45:52.281,3.95105
12523,2018-01-24 11:45:52.381,3.95105
12524,2018-01-24 11:45:52.481,3.95105
12525,2018-01-24 11:45:52.581,3.95105
12526,2018-01-24 11:45:52.681,3.95105
12527,2018-01-24 11:45:52.781,3.95105
12528,2018-01-24 11:45:52.881,3.95105
12529,2018-01-24 11:45:52.981,3.95105
12530,2018-01-24 11:45:53.081,3.95105
12531,2018-01-24 11:45:53.181,3.95105
12532,2018-01-24 11:45:53.281,3.95105
12533,2018-01-24 11:45:53.381,3.957916
12534,2018-01-24 11:45:53.481,3.957916
12535,2018-01-24 11:45:53.581,3.957916
12536,2018-01-24 11:45:53.681,3.957916
12537,2018-01-24 11:45:53.781,3.957916
12538,2018-01-24 11:45:53.881,3.957916
12539,2018-01-24 11:45:53.981,3.957916
12540,2018-01-24 11:45:54.081,3.957916
12541,2018-01-24 11:45:54.182,3.957916
12542,2018-01-24 11:45:54.281,3.957916
12543,2018-01-24 11:45:54.381,3.721448000000001
12544,2018-01-24 11:45:54.481,3.721448000000001
12545,2018-01-24 11:45:54.581,3.721448000000001
12546,2018-01-24 11:45:54.681,3.721448000000001
12547,2018-01-24 11:45:54.781,3.721448000000001
12548,2018-01-24 11:45:54.881,3.721448000000001
12549,2018-01-24 11:45:54.981,3.721448000000001
12550,2018-01-24 11:45:55.081,3.721448000000001
12551,2018-01-24 11:45:55.182,3.721448000000001
12552,2018-01-24 11:45:55.282,3.721448000000001
12553,2018-01-24 11:45:55.382,3.374954
12554,2018-01-24 11:45:55.482,3.374954
12555,2018-01-24 11:45:55.579,3.374954
12556,2018-01-24 11:45:55.680,3.374954
12557,2018-01-24 11:45:55.779,3.374954
12558,2018-01-24 11:45:55.879,3.374954
12559,2018-01-24 11:45:55.979,3.374954
12560,2018-01-24 11:45:56.079,3.374954
12561,2018-01-24 11:45:56.180,3.374954
12562,2018-01-24 11:45:56.280,3.374954
12563,2018-01-24 11:45:56.379,3.0298580000000004
12564,2018-01-24 11:45:56.480,3.0298580000000004
12565,2018-01-24 11:45:56.579,3.0298580000000004
12566,2018-01-24 11:45:56.679,3.0298580000000004
12567,2018-01-24 11:45:56.779,3.0298580000000004
12568,2018-01-24 11:45:56.879,3.0298580000000004
12569,2018-01-24 11:45:56.979,3.0298580000000004
12570,2018-01-24 11:45:57.079,3.0298580000000004
12571,2018-01-24 11:45:57.180,3.0298580000000004
12572,2018-01-24 11:45:57.279,3.0298580000000004
12573,2018-01-24 11:45:57.379,2.817366
12574,2018-01-24 11:45:57.479,2.817366
12575,2018-01-24 11:45:57.579,2.817366
12576,2018-01-24 11:45:57.680,2.817366
12577,2018-01-24 11:45:57.779,2.817366
12578,2018-01-24 11:45:57.879,2.817366
12579,2018-01-24 11:45:57.980,2.817366
12580,2018-01-24 11:45:58.080,2.817366
12581,2018-01-24 11:45:58.181,2.817366
12582,2018-01-24 11:45:58.280,2.817366
12583,2018-01-24 11:45:58.380,2.7293990000000004
12584,2018-01-24 11:45:58.481,2.7293990000000004
12585,2018-01-24 11:45:58.580,2.7293990000000004
12586,2018-01-24 11:45:58.680,2.7293990000000004
12587,2018-01-24 11:45:58.780,2.7293990000000004
12588,2018-01-24 11:45:58.880,2.7293990000000004
12589,2018-01-24 11:45:58.980,2.7293990000000004
12590,2018-01-24 11:45:59.080,2.7293990000000004
12591,2018-01-24 11:45:59.181,2.7293990000000004
12592,2018-01-24 11:45:59.280,2.7293990000000004
12593,2018-01-24 11:45:59.380,2.64435
12594,2018-01-24 11:45:59.480,2.64435
12595,2018-01-24 11:45:59.580,2.64435
12596,2018-01-24 11:45:59.681,2.64435
12597,2018-01-24 11:45:59.781,2.64435
12598,2018-01-24 11:45:59.880,2.64435
12599,2018-01-24 11:45:59.980,2.64435
12600,2018-01-24 11:46:00.081,2.64435
12601,2018-01-24 11:46:00.180,2.64435
12602,2018-01-24 11:46:00.280,2.64435
12603,2018-01-24 11:46:00.380,2.464998
12604,2018-01-24 11:46:00.480,2.464998
12605,2018-01-24 11:46:00.579,2.464998
12606,2018-01-24 11:46:00.679,2.464998
12607,2018-01-24 11:46:00.779,2.464998
12608,2018-01-24 11:46:00.879,2.464998
12609,2018-01-24 11:46:00.979,2.464998
12610,2018-01-24 11:46:01.079,2.464998
12611,2018-01-24 11:46:01.179,2.464998
12612,2018-01-24 11:46:01.280,2.464998
12613,2018-01-24 11:46:01.380,2.287272
12614,2018-01-24 11:46:01.480,2.287272
12615,2018-01-24 11:46:01.580,2.287272
12616,2018-01-24 11:46:01.681,2.287272
12617,2018-01-24 11:46:01.780,2.287272
12618,2018-01-24 11:46:01.881,2.287272
12619,2018-01-24 11:46:01.981,2.287272
12620,2018-01-24 11:46:02.081,2.287272
12621,2018-01-24 11:46:02.180,2.287272
12622,2018-01-24 11:46:02.281,2.287272
12623,2018-01-24 11:46:02.380,2.198613
12624,2018-01-24 11:46:02.481,2.198613
12625,2018-01-24 11:46:02.580,2.198613
12626,2018-01-24 11:46:02.680,2.198613
12627,2018-01-24 11:46:02.780,2.198613
12628,2018-01-24 11:46:02.880,2.198613
12629,2018-01-24 11:46:02.980,2.198613
12630,2018-01-24 11:46:03.080,2.198613
12631,2018-01-24 11:46:03.180,2.198613
12632,2018-01-24 11:46:03.280,2.198613
12633,2018-01-24 11:46:03.380,2.189978
12634,2018-01-24 11:46:03.480,2.189978
12635,2018-01-24 11:46:03.580,2.189978
12636,2018-01-24 11:46:03.681,2.189978
12637,2018-01-24 11:46:03.781,2.189978
12638,2018-01-24 11:46:03.881,2.189978
12639,2018-01-24 11:46:03.981,2.189978
12640,2018-01-24 11:46:04.080,2.189978
12641,2018-01-24 11:46:04.180,2.189978
12642,2018-01-24 11:46:04.282,2.09703
12643,2018-01-24 11:46:04.381,2.09703
12644,2018-01-24 11:46:04.482,2.09703
12645,2018-01-24 11:46:04.581,2.09703
12646,2018-01-24 11:46:04.681,2.09703
12647,2018-01-24 11:46:04.781,2.09703
12648,2018-01-24 11:46:04.881,2.09703
12649,2018-01-24 11:46:04.981,2.09703
12650,2018-01-24 11:46:05.081,2.09703
12651,2018-01-24 11:46:05.181,2.09703
12652,2018-01-24 11:46:05.281,1.863101
12653,2018-01-24 11:46:05.381,1.863101
12654,2018-01-24 11:46:05.481,1.863101
12655,2018-01-24 11:46:05.579,1.863101
12656,2018-01-24 11:46:05.679,1.863101
12657,2018-01-24 11:46:05.779,1.863101
12658,2018-01-24 11:46:05.880,1.863101
12659,2018-01-24 11:46:05.980,1.863101
12660,2018-01-24 11:46:06.080,1.863101
12661,2018-01-24 11:46:06.180,1.863101
12662,2018-01-24 11:46:06.280,1.598364
12663,2018-01-24 11:46:06.379,1.598364
12664,2018-01-24 11:46:06.480,1.598364
12665,2018-01-24 11:46:06.579,1.598364
12666,2018-01-24 11:46:06.679,1.598364
12667,2018-01-24 11:46:06.779,1.598364
12668,2018-01-24 11:46:06.879,1.598364
12669,2018-01-24 11:46:06.979,1.598364
12670,2018-01-24 11:46:07.079,1.598364
12671,2018-01-24 11:46:07.179,1.598364
12672,2018-01-24 11:46:07.279,1.598364
12673,2018-01-24 11:46:07.380,1.449192
12674,2018-01-24 11:46:07.480,1.449192
12675,2018-01-24 11:46:07.580,1.449192
12676,2018-01-24 11:46:07.680,1.449192
12677,2018-01-24 11:46:07.780,1.449192
12678,2018-01-24 11:46:07.881,1.449192
12679,2018-01-24 11:46:07.980,1.449192
12680,2018-01-24 11:46:08.080,1.449192
12681,2018-01-24 11:46:08.180,1.449192
12682,2018-01-24 11:46:08.281,1.449192
12683,2018-01-24 11:46:08.381,1.593276
12684,2018-01-24 11:46:08.480,1.593276
12685,2018-01-24 11:46:08.581,1.593276
12686,2018-01-24 11:46:08.680,1.593276
12687,2018-01-24 11:46:08.780,1.593276
12688,2018-01-24 11:46:08.880,1.593276
12689,2018-01-24 11:46:08.980,1.593276
12690,2018-01-24 11:46:09.080,1.593276
12691,2018-01-24 11:46:09.180,1.593276
12692,2018-01-24 11:46:09.280,1.919337
12693,2018-01-24 11:46:09.380,1.919337
12694,2018-01-24 11:46:09.480,1.919337
12695,2018-01-24 11:46:09.580,1.919337
12696,2018-01-24 11:46:09.681,1.919337
12697,2018-01-24 11:46:09.780,1.919337
12698,2018-01-24 11:46:09.880,1.919337
12699,2018-01-24 11:46:09.980,1.919337
12700,2018-01-24 11:46:10.080,1.919337
12701,2018-01-24 11:46:10.180,1.919337
12702,2018-01-24 11:46:10.281,2.189427
12703,2018-01-24 11:46:10.382,2.189427
12704,2018-01-24 11:46:10.482,2.189427
12705,2018-01-24 11:46:10.580,2.189427
12706,2018-01-24 11:46:10.680,2.189427
12707,2018-01-24 11:46:10.780,2.189427
12708,2018-01-24 11:46:10.880,2.189427
12709,2018-01-24 11:46:10.980,2.189427
12710,2018-01-24 11:46:11.080,2.189427
12711,2018-01-24 11:46:11.180,2.189427
12712,2018-01-24 11:46:11.280,2.312439
12713,2018-01-24 11:46:11.380,2.312439
12714,2018-01-24 11:46:11.480,2.312439
12715,2018-01-24 11:46:11.580,2.312439
12716,2018-01-24 11:46:11.680,2.312439
12717,2018-01-24 11:46:11.780,2.312439
12718,2018-01-24 11:46:11.880,2.312439
12719,2018-01-24 11:46:11.980,2.312439
12720,2018-01-24 11:46:12.080,2.312439
12721,2018-01-24 11:46:12.180,2.312439
12722,2018-01-24 11:46:12.280,2.22735
12723,2018-01-24 11:46:12.380,2.22735
12724,2018-01-24 11:46:12.480,2.22735
12725,2018-01-24 11:46:12.580,2.22735
12726,2018-01-24 11:46:12.680,2.22735
12727,2018-01-24 11:46:12.780,2.22735
12728,2018-01-24 11:46:12.880,2.22735
12729,2018-01-24 11:46:12.980,2.22735
12730,2018-01-24 11:46:13.080,2.22735
12731,2018-01-24 11:46:13.180,2.22735
12732,2018-01-24 11:46:13.281,2.22735
12733,2018-01-24 11:46:13.381,2.045851
12734,2018-01-24 11:46:13.481,2.045851
12735,2018-01-24 11:46:13.581,2.045851
12736,2018-01-24 11:46:13.681,2.045851
12737,2018-01-24 11:46:13.781,2.045851
12738,2018-01-24 11:46:13.881,2.045851
12739,2018-01-24 11:46:13.981,2.045851
12740,2018-01-24 11:46:14.081,2.045851
12741,2018-01-24 11:46:14.181,2.045851
12742,2018-01-24 11:46:14.281,1.894978
12743,2018-01-24 11:46:14.381,1.894978
12744,2018-01-24 11:46:14.481,1.894978
12745,2018-01-24 11:46:14.581,1.894978
12746,2018-01-24 11:46:14.681,1.894978
12747,2018-01-24 11:46:14.781,1.894978
12748,2018-01-24 11:46:14.881,1.894978
12749,2018-01-24 11:46:14.981,1.894978
12750,2018-01-24 11:46:15.081,1.894978
12751,2018-01-24 11:46:15.181,1.894978
12752,2018-01-24 11:46:15.281,1.894978
12753,2018-01-24 11:46:15.381,1.862029
12754,2018-01-24 11:46:15.481,1.862029
12755,2018-01-24 11:46:15.579,1.862029
12756,2018-01-24 11:46:15.679,1.862029
12757,2018-01-24 11:46:15.779,1.862029
12758,2018-01-24 11:46:15.880,1.862029
12759,2018-01-24 11:46:15.979,1.862029
12760,2018-01-24 11:46:16.079,1.862029
12761,2018-01-24 11:46:16.180,1.862029
12762,2018-01-24 11:46:16.280,1.9862229999999998
12763,2018-01-24 11:46:16.380,1.9862229999999998
12764,2018-01-24 11:46:16.481,1.9862229999999998
12765,2018-01-24 11:46:16.580,1.9862229999999998
12766,2018-01-24 11:46:16.680,1.9862229999999998
12767,2018-01-24 11:46:16.780,1.9862229999999998
12768,2018-01-24 11:46:16.880,1.9862229999999998
12769,2018-01-24 11:46:16.980,1.9862229999999998
12770,2018-01-24 11:46:17.080,1.9862229999999998
12771,2018-01-24 11:46:17.180,1.9862229999999998
12772,2018-01-24 11:46:17.280,2.147869
12773,2018-01-24 11:46:17.380,2.147869
12774,2018-01-24 11:46:17.480,2.147869
12775,2018-01-24 11:46:17.580,2.147869
12776,2018-01-24 11:46:17.680,2.147869
12777,2018-01-24 11:46:17.780,2.147869
12778,2018-01-24 11:46:17.881,2.147869
12779,2018-01-24 11:46:17.980,2.147869
12780,2018-01-24 11:46:18.080,2.147869
12781,2018-01-24 11:46:18.180,2.147869
12782,2018-01-24 11:46:18.281,2.279075
12783,2018-01-24 11:46:18.380,2.279075
12784,2018-01-24 11:46:18.480,2.279075
12785,2018-01-24 11:46:18.580,2.279075
12786,2018-01-24 11:46:18.680,2.279075
12787,2018-01-24 11:46:18.780,2.279075
12788,2018-01-24 11:46:18.880,2.279075
12789,2018-01-24 11:46:18.980,2.279075
12790,2018-01-24 11:46:19.080,2.279075
12791,2018-01-24 11:46:19.180,2.279075
12792,2018-01-24 11:46:19.281,2.288043
12793,2018-01-24 11:46:19.381,2.288043
12794,2018-01-24 11:46:19.481,2.288043
12795,2018-01-24 11:46:19.581,2.288043
12796,2018-01-24 11:46:19.681,2.288043
12797,2018-01-24 11:46:19.782,2.288043
12798,2018-01-24 11:46:19.881,2.288043
12799,2018-01-24 11:46:19.981,2.288043
12800,2018-01-24 11:46:20.081,2.288043
12801,2018-01-24 11:46:20.181,2.288043
12802,2018-01-24 11:46:20.281,2.214507
12803,2018-01-24 11:46:20.381,2.214507
12804,2018-01-24 11:46:20.481,2.214507
12805,2018-01-24 11:46:20.580,2.214507
12806,2018-01-24 11:46:20.680,2.214507
12807,2018-01-24 11:46:20.780,2.214507
12808,2018-01-24 11:46:20.880,2.214507
12809,2018-01-24 11:46:20.980,2.214507
12810,2018-01-24 11:46:21.080,2.214507
12811,2018-01-24 11:46:21.180,2.214507
12812,2018-01-24 11:46:21.280,2.136134
12813,2018-01-24 11:46:21.380,2.136134
12814,2018-01-24 11:46:21.480,2.136134
12815,2018-01-24 11:46:21.580,2.136134
12816,2018-01-24 11:46:21.680,2.136134
12817,2018-01-24 11:46:21.780,2.136134
12818,2018-01-24 11:46:21.880,2.136134
12819,2018-01-24 11:46:21.980,2.136134
12820,2018-01-24 11:46:22.080,2.136134
12821,2018-01-24 11:46:22.180,2.136134
12822,2018-01-24 11:46:22.280,2.0488310000000003
12823,2018-01-24 11:46:22.381,2.0488310000000003
12824,2018-01-24 11:46:22.481,2.0488310000000003
12825,2018-01-24 11:46:22.581,2.0488310000000003
12826,2018-01-24 11:46:22.681,2.0488310000000003
12827,2018-01-24 11:46:22.781,2.0488310000000003
12828,2018-01-24 11:46:22.881,2.0488310000000003
12829,2018-01-24 11:46:22.981,2.0488310000000003
12830,2018-01-24 11:46:23.081,2.0488310000000003
12831,2018-01-24 11:46:23.181,2.0488310000000003
12832,2018-01-24 11:46:23.281,1.889175
12833,2018-01-24 11:46:23.381,1.889175
12834,2018-01-24 11:46:23.481,1.889175
12835,2018-01-24 11:46:23.581,1.889175
12836,2018-01-24 11:46:23.681,1.889175
12837,2018-01-24 11:46:23.781,1.889175
12838,2018-01-24 11:46:23.881,1.889175
12839,2018-01-24 11:46:23.981,1.889175
12840,2018-01-24 11:46:24.081,1.889175
12841,2018-01-24 11:46:24.181,1.889175
12842,2018-01-24 11:46:24.281,1.624772
12843,2018-01-24 11:46:24.381,1.624772
12844,2018-01-24 11:46:24.481,1.624772
12845,2018-01-24 11:46:24.581,1.624772
12846,2018-01-24 11:46:24.681,1.624772
12847,2018-01-24 11:46:24.781,1.624772
12848,2018-01-24 11:46:24.881,1.624772
12849,2018-01-24 11:46:24.981,1.624772
12850,2018-01-24 11:46:25.081,1.624772
12851,2018-01-24 11:46:25.182,1.624772
12852,2018-01-24 11:46:25.282,1.30344
12853,2018-01-24 11:46:25.382,1.30344
12854,2018-01-24 11:46:25.482,1.30344
12855,2018-01-24 11:46:25.580,1.30344
12856,2018-01-24 11:46:25.680,1.30344
12857,2018-01-24 11:46:25.780,1.30344
12858,2018-01-24 11:46:25.881,1.30344
12859,2018-01-24 11:46:25.980,1.30344
12860,2018-01-24 11:46:26.081,1.30344
12861,2018-01-24 11:46:26.180,1.30344
12862,2018-01-24 11:46:26.280,1.049298
12863,2018-01-24 11:46:26.380,1.049298
12864,2018-01-24 11:46:26.480,1.049298
12865,2018-01-24 11:46:26.581,1.049298
12866,2018-01-24 11:46:26.681,1.049298
12867,2018-01-24 11:46:26.780,1.049298
12868,2018-01-24 11:46:26.880,1.049298
12869,2018-01-24 11:46:26.980,1.049298
12870,2018-01-24 11:46:27.080,1.049298
12871,2018-01-24 11:46:27.180,1.049298
12872,2018-01-24 11:46:27.280,0.903262
12873,2018-01-24 11:46:27.380,0.903262
12874,2018-01-24 11:46:27.480,0.903262
12875,2018-01-24 11:46:27.580,0.903262
12876,2018-01-24 11:46:27.680,0.903262
12877,2018-01-24 11:46:27.780,0.903262
12878,2018-01-24 11:46:27.881,0.903262
12879,2018-01-24 11:46:27.980,0.903262
12880,2018-01-24 11:46:28.080,0.903262
12881,2018-01-24 11:46:28.181,0.903262
12882,2018-01-24 11:46:28.280,0.8795370000000001
12883,2018-01-24 11:46:28.382,0.8795370000000001
12884,2018-01-24 11:46:28.481,0.8795370000000001
12885,2018-01-24 11:46:28.581,0.8795370000000001
12886,2018-01-24 11:46:28.681,0.8795370000000001
12887,2018-01-24 11:46:28.781,0.8795370000000001
12888,2018-01-24 11:46:28.881,0.8795370000000001
12889,2018-01-24 11:46:28.981,0.8795370000000001
12890,2018-01-24 11:46:29.081,0.8795370000000001
12891,2018-01-24 11:46:29.181,0.8795370000000001
12892,2018-01-24 11:46:29.281,0.928496
12893,2018-01-24 11:46:29.381,0.928496
12894,2018-01-24 11:46:29.481,0.928496
12895,2018-01-24 11:46:29.581,0.928496
12896,2018-01-24 11:46:29.682,0.928496
12897,2018-01-24 11:46:29.781,0.928496
12898,2018-01-24 11:46:29.882,0.928496
12899,2018-01-24 11:46:29.981,0.928496
12900,2018-01-24 11:46:30.081,0.928496
12901,2018-01-24 11:46:30.181,0.928496
12902,2018-01-24 11:46:30.281,0.9184209999999999
12903,2018-01-24 11:46:30.381,0.9184209999999999
12904,2018-01-24 11:46:30.481,0.9184209999999999
12905,2018-01-24 11:46:30.580,0.9184209999999999
12906,2018-01-24 11:46:30.680,0.9184209999999999
12907,2018-01-24 11:46:30.780,0.9184209999999999
12908,2018-01-24 11:46:30.880,0.9184209999999999
12909,2018-01-24 11:46:30.980,0.9184209999999999
12910,2018-01-24 11:46:31.080,0.9184209999999999
12911,2018-01-24 11:46:31.180,0.9184209999999999
12912,2018-01-24 11:46:31.281,0.9184209999999999
12913,2018-01-24 11:46:31.381,0.8173239999999999
12914,2018-01-24 11:46:31.481,0.8173239999999999
12915,2018-01-24 11:46:31.581,0.8173239999999999
12916,2018-01-24 11:46:31.681,0.8173239999999999
12917,2018-01-24 11:46:31.781,0.8173239999999999
12918,2018-01-24 11:46:31.881,0.8173239999999999
12919,2018-01-24 11:46:31.981,0.8173239999999999
12920,2018-01-24 11:46:32.081,0.8173239999999999
12921,2018-01-24 11:46:32.181,0.8173239999999999
12922,2018-01-24 11:46:32.281,0.8173239999999999
12923,2018-01-24 11:46:32.381,0.5994499999999999
12924,2018-01-24 11:46:32.481,0.5994499999999999
12925,2018-01-24 11:46:32.581,0.5994499999999999
12926,2018-01-24 11:46:32.681,0.5994499999999999
12927,2018-01-24 11:46:32.781,0.5994499999999999
12928,2018-01-24 11:46:32.881,0.5994499999999999
12929,2018-01-24 11:46:32.981,0.5994499999999999
12930,2018-01-24 11:46:33.081,0.5994499999999999
12931,2018-01-24 11:46:33.181,0.5994499999999999
12932,2018-01-24 11:46:33.281,0.5994499999999999
12933,2018-01-24 11:46:33.381,0.254875
12934,2018-01-24 11:46:33.481,0.254875
12935,2018-01-24 11:46:33.581,0.254875
12936,2018-01-24 11:46:33.681,0.254875
12937,2018-01-24 11:46:33.781,0.254875
12938,2018-01-24 11:46:33.881,0.254875
12939,2018-01-24 11:46:33.981,0.254875
12940,2018-01-24 11:46:34.081,0.254875
12941,2018-01-24 11:46:34.181,0.254875
12942,2018-01-24 11:46:34.281,0.254875
12943,2018-01-24 11:46:34.381,-0.075792
12944,2018-01-24 11:46:34.482,-0.075792
12945,2018-01-24 11:46:34.582,-0.075792
12946,2018-01-24 11:46:34.682,-0.075792
12947,2018-01-24 11:46:34.782,-0.075792
12948,2018-01-24 11:46:34.882,-0.075792
12949,2018-01-24 11:46:34.982,-0.075792
12950,2018-01-24 11:46:35.082,-0.075792
12951,2018-01-24 11:46:35.182,-0.075792
12952,2018-01-24 11:46:35.282,-0.075792
12953,2018-01-24 11:46:35.382,-0.29525300000000004
12954,2018-01-24 11:46:35.482,-0.29525300000000004
12955,2018-01-24 11:46:35.580,-0.29525300000000004
12956,2018-01-24 11:46:35.680,-0.29525300000000004
12957,2018-01-24 11:46:35.780,-0.29525300000000004
12958,2018-01-24 11:46:35.880,-0.29525300000000004
12959,2018-01-24 11:46:35.981,-0.29525300000000004
12960,2018-01-24 11:46:36.081,-0.29525300000000004
12961,2018-01-24 11:46:36.181,-0.29525300000000004
12962,2018-01-24 11:46:36.280,-0.352775
12963,2018-01-24 11:46:36.381,-0.352775
12964,2018-01-24 11:46:36.480,-0.352775
12965,2018-01-24 11:46:36.580,-0.352775
12966,2018-01-24 11:46:36.680,-0.352775
12967,2018-01-24 11:46:36.781,-0.352775
12968,2018-01-24 11:46:36.880,-0.352775
12969,2018-01-24 11:46:36.980,-0.352775
12970,2018-01-24 11:46:37.080,-0.352775
12971,2018-01-24 11:46:37.180,-0.352775
12972,2018-01-24 11:46:37.280,-0.247104
12973,2018-01-24 11:46:37.380,-0.247104
12974,2018-01-24 11:46:37.481,-0.247104
12975,2018-01-24 11:46:37.581,-0.247104
12976,2018-01-24 11:46:37.681,-0.247104
12977,2018-01-24 11:46:37.781,-0.247104
12978,2018-01-24 11:46:37.881,-0.247104
12979,2018-01-24 11:46:37.982,-0.247104
12980,2018-01-24 11:46:38.081,-0.247104
12981,2018-01-24 11:46:38.182,-0.247104
12982,2018-01-24 11:46:38.282,-0.082287
12983,2018-01-24 11:46:38.381,-0.082287
12984,2018-01-24 11:46:38.482,-0.082287
12985,2018-01-24 11:46:38.581,-0.082287
12986,2018-01-24 11:46:38.682,-0.082287
12987,2018-01-24 11:46:38.781,-0.082287
12988,2018-01-24 11:46:38.881,-0.082287
12989,2018-01-24 11:46:38.981,-0.082287
12990,2018-01-24 11:46:39.081,-0.082287
12991,2018-01-24 11:46:39.181,-0.082287
12992,2018-01-24 11:46:39.281,0.00479
12993,2018-01-24 11:46:39.381,0.00479
12994,2018-01-24 11:46:39.481,0.00479
12995,2018-01-24 11:46:39.581,0.00479
12996,2018-01-24 11:46:39.681,0.00479
12997,2018-01-24 11:46:39.781,0.00479
12998,2018-01-24 11:46:39.882,0.00479
12999,2018-01-24 11:46:39.981,0.00479
13000,2018-01-24 11:46:40.081,0.00479
13001,2018-01-24 11:46:40.181,0.00479
13002,2018-01-24 11:46:40.281,-0.06937
13003,2018-01-24 11:46:40.381,-0.06937
13004,2018-01-24 11:46:40.482,-0.06937
13005,2018-01-24 11:46:40.581,-0.06937
13006,2018-01-24 11:46:40.681,-0.06937
13007,2018-01-24 11:46:40.781,-0.06937
13008,2018-01-24 11:46:40.881,-0.06937
13009,2018-01-24 11:46:40.981,-0.06937
13010,2018-01-24 11:46:41.081,-0.06937
13011,2018-01-24 11:46:41.181,-0.06937
13012,2018-01-24 11:46:41.281,-0.312812
13013,2018-01-24 11:46:41.381,-0.312812
13014,2018-01-24 11:46:41.481,-0.312812
13015,2018-01-24 11:46:41.581,-0.312812
13016,2018-01-24 11:46:41.681,-0.312812
13017,2018-01-24 11:46:41.781,-0.312812
13018,2018-01-24 11:46:41.881,-0.312812
13019,2018-01-24 11:46:41.981,-0.312812
13020,2018-01-24 11:46:42.081,-0.312812
13021,2018-01-24 11:46:42.181,-0.312812
13022,2018-01-24 11:46:42.281,-0.56843
13023,2018-01-24 11:46:42.381,-0.56843
13024,2018-01-24 11:46:42.481,-0.56843
13025,2018-01-24 11:46:42.581,-0.56843
13026,2018-01-24 11:46:42.681,-0.56843
13027,2018-01-24 11:46:42.781,-0.56843
13028,2018-01-24 11:46:42.881,-0.56843
13029,2018-01-24 11:46:42.981,-0.56843
13030,2018-01-24 11:46:43.081,-0.56843
13031,2018-01-24 11:46:43.181,-0.56843
13032,2018-01-24 11:46:43.281,-0.614256
13033,2018-01-24 11:46:43.381,-0.614256
13034,2018-01-24 11:46:43.481,-0.614256
13035,2018-01-24 11:46:43.582,-0.614256
13036,2018-01-24 11:46:43.682,-0.614256
13037,2018-01-24 11:46:43.782,-0.614256
13038,2018-01-24 11:46:43.882,-0.614256
13039,2018-01-24 11:46:43.982,-0.614256
13040,2018-01-24 11:46:44.082,-0.614256
13041,2018-01-24 11:46:44.182,-0.614256
13042,2018-01-24 11:46:44.282,-0.614256
13043,2018-01-24 11:46:44.382,-0.5138619999999999
13044,2018-01-24 11:46:44.482,-0.5138619999999999
13045,2018-01-24 11:46:44.582,-0.5138619999999999
13046,2018-01-24 11:46:44.682,-0.5138619999999999
13047,2018-01-24 11:46:44.782,-0.5138619999999999
13048,2018-01-24 11:46:44.882,-0.5138619999999999
13049,2018-01-24 11:46:44.982,-0.5138619999999999
13050,2018-01-24 11:46:45.082,-0.5138619999999999
13051,2018-01-24 11:46:45.182,-0.5138619999999999
13052,2018-01-24 11:46:45.282,-0.5138619999999999
13053,2018-01-24 11:46:45.382,-0.380629
13054,2018-01-24 11:46:45.482,-0.380629
13055,2018-01-24 11:46:45.580,-0.380629
13056,2018-01-24 11:46:45.680,-0.380629
13057,2018-01-24 11:46:45.780,-0.380629
13058,2018-01-24 11:46:45.881,-0.380629
13059,2018-01-24 11:46:45.980,-0.380629
13060,2018-01-24 11:46:46.080,-0.380629
13061,2018-01-24 11:46:46.181,-0.380629
13062,2018-01-24 11:46:46.280,-0.380629
13063,2018-01-24 11:46:46.381,-0.308275
13064,2018-01-24 11:46:46.481,-0.308275
13065,2018-01-24 11:46:46.581,-0.308275
13066,2018-01-24 11:46:46.682,-0.308275
13067,2018-01-24 11:46:46.782,-0.308275
13068,2018-01-24 11:46:46.881,-0.308275
13069,2018-01-24 11:46:46.981,-0.308275
13070,2018-01-24 11:46:47.081,-0.308275
13071,2018-01-24 11:46:47.181,-0.308275
13072,2018-01-24 11:46:47.281,-0.326206
13073,2018-01-24 11:46:47.381,-0.326206
13074,2018-01-24 11:46:47.481,-0.326206
13075,2018-01-24 11:46:47.581,-0.326206
13076,2018-01-24 11:46:47.681,-0.326206
13077,2018-01-24 11:46:47.781,-0.326206
13078,2018-01-24 11:46:47.882,-0.326206
13079,2018-01-24 11:46:47.982,-0.326206
13080,2018-01-24 11:46:48.081,-0.326206
13081,2018-01-24 11:46:48.182,-0.326206
13082,2018-01-24 11:46:48.282,-0.326206
13083,2018-01-24 11:46:48.381,-0.354172
13084,2018-01-24 11:46:48.481,-0.354172
13085,2018-01-24 11:46:48.581,-0.354172
13086,2018-01-24 11:46:48.682,-0.354172
13087,2018-01-24 11:46:48.781,-0.354172
13088,2018-01-24 11:46:48.881,-0.354172
13089,2018-01-24 11:46:48.981,-0.354172
13090,2018-01-24 11:46:49.081,-0.354172
13091,2018-01-24 11:46:49.181,-0.354172
13092,2018-01-24 11:46:49.281,-0.34649800000000003
13093,2018-01-24 11:46:49.381,-0.34649800000000003
13094,2018-01-24 11:46:49.482,-0.34649800000000003
13095,2018-01-24 11:46:49.582,-0.34649800000000003
13096,2018-01-24 11:46:49.682,-0.34649800000000003
13097,2018-01-24 11:46:49.782,-0.34649800000000003
13098,2018-01-24 11:46:49.882,-0.34649800000000003
13099,2018-01-24 11:46:49.982,-0.34649800000000003
13100,2018-01-24 11:46:50.082,-0.34649800000000003
13101,2018-01-24 11:46:50.183,-0.34649800000000003
13102,2018-01-24 11:46:50.283,-0.34649800000000003
13103,2018-01-24 11:46:50.382,-0.311854
13104,2018-01-24 11:46:50.482,-0.311854
13105,2018-01-24 11:46:50.581,-0.311854
13106,2018-01-24 11:46:50.682,-0.311854
13107,2018-01-24 11:46:50.781,-0.311854
13108,2018-01-24 11:46:50.881,-0.311854
13109,2018-01-24 11:46:50.981,-0.311854
13110,2018-01-24 11:46:51.081,-0.311854
13111,2018-01-24 11:46:51.181,-0.311854
13112,2018-01-24 11:46:51.281,-0.311854
13113,2018-01-24 11:46:51.381,-0.23407600000000003
13114,2018-01-24 11:46:51.481,-0.23407600000000003
13115,2018-01-24 11:46:51.581,-0.23407600000000003
13116,2018-01-24 11:46:51.681,-0.23407600000000003
13117,2018-01-24 11:46:51.781,-0.23407600000000003
13118,2018-01-24 11:46:51.881,-0.23407600000000003
13119,2018-01-24 11:46:51.982,-0.23407600000000003
13120,2018-01-24 11:46:52.081,-0.23407600000000003
13121,2018-01-24 11:46:52.181,-0.23407600000000003
13122,2018-01-24 11:46:52.282,-0.23407600000000003
13123,2018-01-24 11:46:52.381,-0.19378599999999999
13124,2018-01-24 11:46:52.482,-0.19378599999999999
13125,2018-01-24 11:46:52.582,-0.19378599999999999
13126,2018-01-24 11:46:52.683,-0.19378599999999999
13127,2018-01-24 11:46:52.783,-0.19378599999999999
13128,2018-01-24 11:46:52.882,-0.19378599999999999
13129,2018-01-24 11:46:52.982,-0.19378599999999999
13130,2018-01-24 11:46:53.082,-0.19378599999999999
13131,2018-01-24 11:46:53.182,-0.19378599999999999
13132,2018-01-24 11:46:53.282,-0.19378599999999999
13133,2018-01-24 11:46:53.382,-0.267395
13134,2018-01-24 11:46:53.482,-0.267395
13135,2018-01-24 11:46:53.582,-0.267395
13136,2018-01-24 11:46:53.682,-0.267395
13137,2018-01-24 11:46:53.782,-0.267395
13138,2018-01-24 11:46:53.883,-0.267395
13139,2018-01-24 11:46:53.982,-0.267395
13140,2018-01-24 11:46:54.083,-0.267395
13141,2018-01-24 11:46:54.183,-0.267395
13142,2018-01-24 11:46:54.283,-0.267395
13143,2018-01-24 11:46:54.382,-0.4188560000000001
13144,2018-01-24 11:46:54.482,-0.4188560000000001
13145,2018-01-24 11:46:54.582,-0.4188560000000001
13146,2018-01-24 11:46:54.682,-0.4188560000000001
13147,2018-01-24 11:46:54.783,-0.4188560000000001
13148,2018-01-24 11:46:54.882,-0.4188560000000001
13149,2018-01-24 11:46:54.982,-0.4188560000000001
13150,2018-01-24 11:46:55.082,-0.4188560000000001
13151,2018-01-24 11:46:55.182,-0.4188560000000001
13152,2018-01-24 11:46:55.282,-0.4188560000000001
13153,2018-01-24 11:46:55.382,-0.563639
13154,2018-01-24 11:46:55.482,-0.563639
13155,2018-01-24 11:46:55.581,-0.563639
13156,2018-01-24 11:46:55.681,-0.563639
13157,2018-01-24 11:46:55.781,-0.563639
13158,2018-01-24 11:46:55.881,-0.563639
13159,2018-01-24 11:46:55.981,-0.563639
13160,2018-01-24 11:46:56.082,-0.563639
13161,2018-01-24 11:46:56.181,-0.563639
13162,2018-01-24 11:46:56.281,-0.563639
13163,2018-01-24 11:46:56.381,-0.6070300000000001
13164,2018-01-24 11:46:56.481,-0.6070300000000001
13165,2018-01-24 11:46:56.582,-0.6070300000000001
13166,2018-01-24 11:46:56.681,-0.6070300000000001
13167,2018-01-24 11:46:56.781,-0.6070300000000001
13168,2018-01-24 11:46:56.881,-0.6070300000000001
13169,2018-01-24 11:46:56.981,-0.6070300000000001
13170,2018-01-24 11:46:57.081,-0.6070300000000001
13171,2018-01-24 11:46:57.181,-0.6070300000000001
13172,2018-01-24 11:46:57.281,-0.6070300000000001
13173,2018-01-24 11:46:57.381,-0.5484749999999999
13174,2018-01-24 11:46:57.481,-0.5484749999999999
13175,2018-01-24 11:46:57.581,-0.5484749999999999
13176,2018-01-24 11:46:57.681,-0.5484749999999999
13177,2018-01-24 11:46:57.781,-0.5484749999999999
13178,2018-01-24 11:46:57.881,-0.5484749999999999
13179,2018-01-24 11:46:57.982,-0.5484749999999999
13180,2018-01-24 11:46:58.082,-0.5484749999999999
13181,2018-01-24 11:46:58.181,-0.5484749999999999
13182,2018-01-24 11:46:58.282,-0.5484749999999999
13183,2018-01-24 11:46:58.381,-0.5598759999999999
13184,2018-01-24 11:46:58.481,-0.5598759999999999
13185,2018-01-24 11:46:58.583,-0.5598759999999999
13186,2018-01-24 11:46:58.682,-0.5598759999999999
13187,2018-01-24 11:46:58.782,-0.5598759999999999
13188,2018-01-24 11:46:58.882,-0.5598759999999999
13189,2018-01-24 11:46:58.982,-0.5598759999999999
13190,2018-01-24 11:46:59.082,-0.5598759999999999
13191,2018-01-24 11:46:59.182,-0.5598759999999999
13192,2018-01-24 11:46:59.282,-0.5598759999999999
13193,2018-01-24 11:46:59.382,-0.6652520000000001
13194,2018-01-24 11:46:59.482,-0.6652520000000001
13195,2018-01-24 11:46:59.582,-0.6652520000000001
13196,2018-01-24 11:46:59.682,-0.6652520000000001
13197,2018-01-24 11:46:59.782,-0.6652520000000001
13198,2018-01-24 11:46:59.882,-0.6652520000000001
13199,2018-01-24 11:46:59.982,-0.6652520000000001
13200,2018-01-24 11:47:00.082,-0.6652520000000001
13201,2018-01-24 11:47:00.182,-0.6652520000000001
13202,2018-01-24 11:47:00.283,-0.852059
13203,2018-01-24 11:47:00.382,-0.852059
13204,2018-01-24 11:47:00.483,-0.852059
13205,2018-01-24 11:47:00.581,-0.852059
13206,2018-01-24 11:47:00.681,-0.852059
13207,2018-01-24 11:47:00.781,-0.852059
13208,2018-01-24 11:47:00.881,-0.852059
13209,2018-01-24 11:47:00.981,-0.852059
13210,2018-01-24 11:47:01.081,-0.852059
13211,2018-01-24 11:47:01.181,-0.852059
13212,2018-01-24 11:47:01.281,-0.852059
13213,2018-01-24 11:47:01.381,-0.996806
13214,2018-01-24 11:47:01.481,-0.996806
13215,2018-01-24 11:47:01.581,-0.996806
13216,2018-01-24 11:47:01.682,-0.996806
13217,2018-01-24 11:47:01.782,-0.996806
13218,2018-01-24 11:47:01.882,-0.996806
13219,2018-01-24 11:47:01.983,-0.996806
13220,2018-01-24 11:47:02.082,-0.996806
13221,2018-01-24 11:47:02.182,-0.996806
13222,2018-01-24 11:47:02.282,-1.120154
13223,2018-01-24 11:47:02.382,-1.120154
13224,2018-01-24 11:47:02.483,-1.120154
13225,2018-01-24 11:47:02.582,-1.120154
13226,2018-01-24 11:47:02.682,-1.120154
13227,2018-01-24 11:47:02.782,-1.120154
13228,2018-01-24 11:47:02.882,-1.120154
13229,2018-01-24 11:47:02.982,-1.120154
13230,2018-01-24 11:47:03.082,-1.120154
13231,2018-01-24 11:47:03.182,-1.120154
13232,2018-01-24 11:47:03.282,-1.282057
13233,2018-01-24 11:47:03.382,-1.282057
13234,2018-01-24 11:47:03.482,-1.282057
13235,2018-01-24 11:47:03.582,-1.282057
13236,2018-01-24 11:47:03.682,-1.282057
13237,2018-01-24 11:47:03.782,-1.282057
13238,2018-01-24 11:47:03.882,-1.282057
13239,2018-01-24 11:47:03.982,-1.282057
13240,2018-01-24 11:47:04.083,-1.282057
13241,2018-01-24 11:47:04.182,-1.282057
13242,2018-01-24 11:47:04.283,-1.282057
13243,2018-01-24 11:47:04.382,-1.372416
13244,2018-01-24 11:47:04.482,-1.372416
13245,2018-01-24 11:47:04.583,-1.372416
13246,2018-01-24 11:47:04.684,-1.372416
13247,2018-01-24 11:47:04.783,-1.372416
13248,2018-01-24 11:47:04.883,-1.372416
13249,2018-01-24 11:47:04.983,-1.372416
13250,2018-01-24 11:47:05.083,-1.372416
13251,2018-01-24 11:47:05.183,-1.372416
13252,2018-01-24 11:47:05.283,-1.385735
13253,2018-01-24 11:47:05.383,-1.385735
13254,2018-01-24 11:47:05.483,-1.385735
13255,2018-01-24 11:47:05.581,-1.385735
13256,2018-01-24 11:47:05.681,-1.385735
13257,2018-01-24 11:47:05.781,-1.385735
13258,2018-01-24 11:47:05.881,-1.385735
13259,2018-01-24 11:47:05.982,-1.385735
13260,2018-01-24 11:47:06.081,-1.385735
13261,2018-01-24 11:47:06.182,-1.385735
13262,2018-01-24 11:47:06.282,-1.385735
13263,2018-01-24 11:47:06.381,-1.262094
13264,2018-01-24 11:47:06.481,-1.262094
13265,2018-01-24 11:47:06.581,-1.262094
13266,2018-01-24 11:47:06.681,-1.262094
13267,2018-01-24 11:47:06.781,-1.262094
13268,2018-01-24 11:47:06.882,-1.262094
13269,2018-01-24 11:47:06.981,-1.262094
13270,2018-01-24 11:47:07.081,-1.262094
13271,2018-01-24 11:47:07.181,-1.262094
13272,2018-01-24 11:47:07.281,-1.262094
13273,2018-01-24 11:47:07.381,-1.087093
13274,2018-01-24 11:47:07.481,-1.087093
13275,2018-01-24 11:47:07.581,-1.087093
13276,2018-01-24 11:47:07.682,-1.087093
13277,2018-01-24 11:47:07.782,-1.087093
13278,2018-01-24 11:47:07.882,-1.087093
13279,2018-01-24 11:47:07.982,-1.087093
13280,2018-01-24 11:47:08.082,-1.087093
13281,2018-01-24 11:47:08.182,-1.087093
13282,2018-01-24 11:47:08.282,-1.087093
13283,2018-01-24 11:47:08.382,-1.012192
13284,2018-01-24 11:47:08.482,-1.012192
13285,2018-01-24 11:47:08.583,-1.012192
13286,2018-01-24 11:47:08.682,-1.012192
13287,2018-01-24 11:47:08.782,-1.012192
13288,2018-01-24 11:47:08.883,-1.012192
13289,2018-01-24 11:47:08.982,-1.012192
13290,2018-01-24 11:47:09.082,-1.012192
13291,2018-01-24 11:47:09.182,-1.012192
13292,2018-01-24 11:47:09.282,-1.126644
13293,2018-01-24 11:47:09.382,-1.126644
13294,2018-01-24 11:47:09.482,-1.126644
13295,2018-01-24 11:47:09.582,-1.126644
13296,2018-01-24 11:47:09.682,-1.126644
13297,2018-01-24 11:47:09.782,-1.126644
13298,2018-01-24 11:47:09.882,-1.126644
13299,2018-01-24 11:47:09.982,-1.126644
13300,2018-01-24 11:47:10.082,-1.126644
13301,2018-01-24 11:47:10.183,-1.126644
13302,2018-01-24 11:47:10.282,-1.263457
13303,2018-01-24 11:47:10.382,-1.263457
13304,2018-01-24 11:47:10.482,-1.263457
13305,2018-01-24 11:47:10.582,-1.263457
13306,2018-01-24 11:47:10.682,-1.263457
13307,2018-01-24 11:47:10.782,-1.263457
13308,2018-01-24 11:47:10.883,-1.263457
13309,2018-01-24 11:47:10.982,-1.263457
13310,2018-01-24 11:47:11.082,-1.263457
13311,2018-01-24 11:47:11.182,-1.263457
13312,2018-01-24 11:47:11.282,-1.263457
13313,2018-01-24 11:47:11.382,-1.317033
13314,2018-01-24 11:47:11.482,-1.317033
13315,2018-01-24 11:47:11.582,-1.317033
13316,2018-01-24 11:47:11.682,-1.317033
13317,2018-01-24 11:47:11.782,-1.317033
13318,2018-01-24 11:47:11.882,-1.317033
13319,2018-01-24 11:47:11.983,-1.317033
13320,2018-01-24 11:47:12.082,-1.317033
13321,2018-01-24 11:47:12.182,-1.317033
13322,2018-01-24 11:47:12.283,-1.317033
13323,2018-01-24 11:47:12.382,-1.216603
13324,2018-01-24 11:47:12.482,-1.216603
13325,2018-01-24 11:47:12.582,-1.216603
13326,2018-01-24 11:47:12.682,-1.216603
13327,2018-01-24 11:47:12.782,-1.216603
13328,2018-01-24 11:47:12.882,-1.216603
13329,2018-01-24 11:47:12.982,-1.216603
13330,2018-01-24 11:47:13.082,-1.216603
13331,2018-01-24 11:47:13.182,-1.216603
13332,2018-01-24 11:47:13.282,-1.216603
13333,2018-01-24 11:47:13.382,-1.0796059999999998
13334,2018-01-24 11:47:13.482,-1.0796059999999998
13335,2018-01-24 11:47:13.583,-1.0796059999999998
13336,2018-01-24 11:47:13.683,-1.0796059999999998
13337,2018-01-24 11:47:13.783,-1.0796059999999998
13338,2018-01-24 11:47:13.883,-1.0796059999999998
13339,2018-01-24 11:47:13.984,-1.0796059999999998
13340,2018-01-24 11:47:14.084,-1.0796059999999998
13341,2018-01-24 11:47:14.183,-1.0796059999999998
13342,2018-01-24 11:47:14.284,-1.0796059999999998
13343,2018-01-24 11:47:14.383,-0.933272
13344,2018-01-24 11:47:14.483,-0.933272
13345,2018-01-24 11:47:14.584,-0.933272
13346,2018-01-24 11:47:14.683,-0.933272
13347,2018-01-24 11:47:14.784,-0.933272
13348,2018-01-24 11:47:14.883,-0.933272
13349,2018-01-24 11:47:14.983,-0.933272
13350,2018-01-24 11:47:15.083,-0.933272
13351,2018-01-24 11:47:15.183,-0.933272
13352,2018-01-24 11:47:15.283,-0.933272
13353,2018-01-24 11:47:15.383,-0.73458
13354,2018-01-24 11:47:15.483,-0.73458
13355,2018-01-24 11:47:15.581,-0.73458
13356,2018-01-24 11:47:15.681,-0.73458
13357,2018-01-24 11:47:15.781,-0.73458
13358,2018-01-24 11:47:15.881,-0.73458
13359,2018-01-24 11:47:15.982,-0.73458
13360,2018-01-24 11:47:16.081,-0.73458
13361,2018-01-24 11:47:16.181,-0.73458
13362,2018-01-24 11:47:16.282,-0.73458
13363,2018-01-24 11:47:16.381,-0.461579
13364,2018-01-24 11:47:16.481,-0.461579
13365,2018-01-24 11:47:16.581,-0.461579
13366,2018-01-24 11:47:16.682,-0.461579
13367,2018-01-24 11:47:16.783,-0.461579
13368,2018-01-24 11:47:16.883,-0.461579
13369,2018-01-24 11:47:16.982,-0.461579
13370,2018-01-24 11:47:17.082,-0.461579
13371,2018-01-24 11:47:17.182,-0.461579
13372,2018-01-24 11:47:17.282,-0.461579
13373,2018-01-24 11:47:17.382,-0.225034
13374,2018-01-24 11:47:17.482,-0.225034
13375,2018-01-24 11:47:17.582,-0.225034
13376,2018-01-24 11:47:17.682,-0.225034
13377,2018-01-24 11:47:17.782,-0.225034
13378,2018-01-24 11:47:17.882,-0.225034
13379,2018-01-24 11:47:17.982,-0.225034
13380,2018-01-24 11:47:18.082,-0.225034
13381,2018-01-24 11:47:18.182,-0.225034
13382,2018-01-24 11:47:18.282,-0.225034
13383,2018-01-24 11:47:18.383,-0.073908
13384,2018-01-24 11:47:18.483,-0.073908
13385,2018-01-24 11:47:18.582,-0.073908
13386,2018-01-24 11:47:18.682,-0.073908
13387,2018-01-24 11:47:18.782,-0.073908
13388,2018-01-24 11:47:18.882,-0.073908
13389,2018-01-24 11:47:18.982,-0.073908
13390,2018-01-24 11:47:19.082,-0.073908
13391,2018-01-24 11:47:19.182,-0.073908
13392,2018-01-24 11:47:19.282,-0.073908
13393,2018-01-24 11:47:19.382,-0.004693
13394,2018-01-24 11:47:19.482,-0.004693
13395,2018-01-24 11:47:19.582,-0.004693
13396,2018-01-24 11:47:19.683,-0.004693
13397,2018-01-24 11:47:19.783,-0.004693
13398,2018-01-24 11:47:19.883,-0.004693
13399,2018-01-24 11:47:19.983,-0.004693
13400,2018-01-24 11:47:20.084,-0.004693
13401,2018-01-24 11:47:20.183,-0.004693
13402,2018-01-24 11:47:20.283,0.036517
13403,2018-01-24 11:47:20.384,0.036517
13404,2018-01-24 11:47:20.484,0.036517
13405,2018-01-24 11:47:20.582,0.036517
13406,2018-01-24 11:47:20.682,0.036517
13407,2018-01-24 11:47:20.783,0.036517
13408,2018-01-24 11:47:20.882,0.036517
13409,2018-01-24 11:47:20.982,0.036517
13410,2018-01-24 11:47:21.082,0.036517
13411,2018-01-24 11:47:21.182,0.036517
13412,2018-01-24 11:47:21.282,0.036517
13413,2018-01-24 11:47:21.382,0.093079
13414,2018-01-24 11:47:21.482,0.093079
13415,2018-01-24 11:47:21.582,0.093079
13416,2018-01-24 11:47:21.682,0.093079
13417,2018-01-24 11:47:21.782,0.093079
13418,2018-01-24 11:47:21.882,0.093079
13419,2018-01-24 11:47:21.982,0.093079
13420,2018-01-24 11:47:22.082,0.093079
13421,2018-01-24 11:47:22.182,0.093079
13422,2018-01-24 11:47:22.282,0.093079
13423,2018-01-24 11:47:22.382,0.209748
13424,2018-01-24 11:47:22.483,0.209748
13425,2018-01-24 11:47:22.582,0.209748
13426,2018-01-24 11:47:22.682,0.209748
13427,2018-01-24 11:47:22.783,0.209748
13428,2018-01-24 11:47:22.883,0.209748
13429,2018-01-24 11:47:22.983,0.209748
13430,2018-01-24 11:47:23.083,0.209748
13431,2018-01-24 11:47:23.183,0.209748
13432,2018-01-24 11:47:23.283,0.209748
13433,2018-01-24 11:47:23.383,0.358667
13434,2018-01-24 11:47:23.483,0.358667
13435,2018-01-24 11:47:23.583,0.358667
13436,2018-01-24 11:47:23.683,0.358667
13437,2018-01-24 11:47:23.783,0.358667
13438,2018-01-24 11:47:23.883,0.358667
13439,2018-01-24 11:47:23.984,0.358667
13440,2018-01-24 11:47:24.083,0.358667
13441,2018-01-24 11:47:24.183,0.358667
13442,2018-01-24 11:47:24.283,0.358667
13443,2018-01-24 11:47:24.383,0.469471
13444,2018-01-24 11:47:24.483,0.469471
13445,2018-01-24 11:47:24.583,0.469471
13446,2018-01-24 11:47:24.683,0.469471
13447,2018-01-24 11:47:24.783,0.469471
13448,2018-01-24 11:47:24.883,0.469471
13449,2018-01-24 11:47:24.983,0.469471
13450,2018-01-24 11:47:25.083,0.469471
13451,2018-01-24 11:47:25.183,0.469471
13452,2018-01-24 11:47:25.283,0.469471
13453,2018-01-24 11:47:25.383,0.668937
13454,2018-01-24 11:47:25.483,0.668937
13455,2018-01-24 11:47:25.581,0.668937
13456,2018-01-24 11:47:25.681,0.668937
13457,2018-01-24 11:47:25.781,0.668937
13458,2018-01-24 11:47:25.882,0.668937
13459,2018-01-24 11:47:25.982,0.668937
13460,2018-01-24 11:47:26.082,0.668937
13461,2018-01-24 11:47:26.182,0.668937
13462,2018-01-24 11:47:26.282,0.668937
13463,2018-01-24 11:47:26.383,0.81121
13464,2018-01-24 11:47:26.482,0.81121
13465,2018-01-24 11:47:26.582,0.81121
13466,2018-01-24 11:47:26.683,0.81121
13467,2018-01-24 11:47:26.782,0.81121
13468,2018-01-24 11:47:26.883,0.81121
13469,2018-01-24 11:47:26.982,0.81121
13470,2018-01-24 11:47:27.082,0.81121
13471,2018-01-24 11:47:27.182,0.81121
13472,2018-01-24 11:47:27.282,0.81121
13473,2018-01-24 11:47:27.382,0.910532
13474,2018-01-24 11:47:27.482,0.910532
13475,2018-01-24 11:47:27.582,0.910532
13476,2018-01-24 11:47:27.682,0.910532
13477,2018-01-24 11:47:27.782,0.910532
13478,2018-01-24 11:47:27.882,0.910532
13479,2018-01-24 11:47:27.982,0.910532
13480,2018-01-24 11:47:28.083,0.910532
13481,2018-01-24 11:47:28.182,0.910532
13482,2018-01-24 11:47:28.283,0.910532
13483,2018-01-24 11:47:28.382,1.0021799999999998
13484,2018-01-24 11:47:28.483,1.0021799999999998
13485,2018-01-24 11:47:28.582,1.0021799999999998
13486,2018-01-24 11:47:28.682,1.0021799999999998
13487,2018-01-24 11:47:28.783,1.0021799999999998
13488,2018-01-24 11:47:28.883,1.0021799999999998
13489,2018-01-24 11:47:28.983,1.0021799999999998
13490,2018-01-24 11:47:29.083,1.0021799999999998
13491,2018-01-24 11:47:29.183,1.0021799999999998
13492,2018-01-24 11:47:29.283,1.0021799999999998
13493,2018-01-24 11:47:29.383,1.099106
13494,2018-01-24 11:47:29.483,1.099106
13495,2018-01-24 11:47:29.583,1.099106
13496,2018-01-24 11:47:29.683,1.099106
13497,2018-01-24 11:47:29.783,1.099106
13498,2018-01-24 11:47:29.883,1.099106
13499,2018-01-24 11:47:29.983,1.099106
13500,2018-01-24 11:47:30.083,1.099106
13501,2018-01-24 11:47:30.184,1.099106
13502,2018-01-24 11:47:30.284,1.099106
13503,2018-01-24 11:47:30.383,1.234666
13504,2018-01-24 11:47:30.484,1.234666
13505,2018-01-24 11:47:30.582,1.234666
13506,2018-01-24 11:47:30.682,1.234666
13507,2018-01-24 11:47:30.782,1.234666
13508,2018-01-24 11:47:30.882,1.234666
13509,2018-01-24 11:47:30.983,1.234666
13510,2018-01-24 11:47:31.082,1.234666
13511,2018-01-24 11:47:31.182,1.234666
13512,2018-01-24 11:47:31.282,1.234666
13513,2018-01-24 11:47:31.382,1.3430360000000001
13514,2018-01-24 11:47:31.482,1.3430360000000001
13515,2018-01-24 11:47:31.582,1.3430360000000001
13516,2018-01-24 11:47:31.682,1.3430360000000001
13517,2018-01-24 11:47:31.782,1.3430360000000001
13518,2018-01-24 11:47:31.883,1.3430360000000001
13519,2018-01-24 11:47:31.983,1.3430360000000001
13520,2018-01-24 11:47:32.083,1.3430360000000001
13521,2018-01-24 11:47:32.183,1.3430360000000001
13522,2018-01-24 11:47:32.284,1.3430360000000001
13523,2018-01-24 11:47:32.384,1.290352
13524,2018-01-24 11:47:32.483,1.290352
13525,2018-01-24 11:47:32.583,1.290352
13526,2018-01-24 11:47:32.683,1.290352
13527,2018-01-24 11:47:32.783,1.290352
13528,2018-01-24 11:47:32.883,1.290352
13529,2018-01-24 11:47:32.983,1.290352
13530,2018-01-24 11:47:33.083,1.290352
13531,2018-01-24 11:47:33.183,1.290352
13532,2018-01-24 11:47:33.283,1.132547
13533,2018-01-24 11:47:33.383,1.132547
13534,2018-01-24 11:47:33.483,1.132547
13535,2018-01-24 11:47:33.583,1.132547
13536,2018-01-24 11:47:33.683,1.132547
13537,2018-01-24 11:47:33.783,1.132547
13538,2018-01-24 11:47:33.883,1.132547
13539,2018-01-24 11:47:33.983,1.132547
13540,2018-01-24 11:47:34.083,1.132547
13541,2018-01-24 11:47:34.183,1.132547
13542,2018-01-24 11:47:34.283,1.132547
13543,2018-01-24 11:47:34.383,0.928765
13544,2018-01-24 11:47:34.483,0.928765
13545,2018-01-24 11:47:34.583,0.928765
13546,2018-01-24 11:47:34.683,0.928765
13547,2018-01-24 11:47:34.785,0.928765
13548,2018-01-24 11:47:34.884,0.928765
13549,2018-01-24 11:47:34.984,0.928765
13550,2018-01-24 11:47:35.084,0.928765
13551,2018-01-24 11:47:35.184,0.928765
13552,2018-01-24 11:47:35.284,0.928765
13553,2018-01-24 11:47:35.384,0.8384739999999999
13554,2018-01-24 11:47:35.484,0.8384739999999999
13555,2018-01-24 11:47:35.582,0.8384739999999999
13556,2018-01-24 11:47:35.682,0.8384739999999999
13557,2018-01-24 11:47:35.782,0.8384739999999999
13558,2018-01-24 11:47:35.882,0.8384739999999999
13559,2018-01-24 11:47:35.982,0.8384739999999999
13560,2018-01-24 11:47:36.082,0.8384739999999999
13561,2018-01-24 11:47:36.183,0.8384739999999999
13562,2018-01-24 11:47:36.283,0.8384739999999999
13563,2018-01-24 11:47:36.382,0.8783549999999999
13564,2018-01-24 11:47:36.482,0.8783549999999999
13565,2018-01-24 11:47:36.582,0.8783549999999999
13566,2018-01-24 11:47:36.683,0.8783549999999999
13567,2018-01-24 11:47:36.783,0.8783549999999999
13568,2018-01-24 11:47:36.882,0.8783549999999999
13569,2018-01-24 11:47:36.982,0.8783549999999999
13570,2018-01-24 11:47:37.082,0.8783549999999999
13571,2018-01-24 11:47:37.182,0.8783549999999999
13572,2018-01-24 11:47:37.282,0.8783549999999999
13573,2018-01-24 11:47:37.382,0.9529219999999999
13574,2018-01-24 11:47:37.482,0.9529219999999999
13575,2018-01-24 11:47:37.582,0.9529219999999999
13576,2018-01-24 11:47:37.683,0.9529219999999999
13577,2018-01-24 11:47:37.783,0.9529219999999999
13578,2018-01-24 11:47:37.883,0.9529219999999999
13579,2018-01-24 11:47:37.983,0.9529219999999999
13580,2018-01-24 11:47:38.084,0.9529219999999999
13581,2018-01-24 11:47:38.183,0.9529219999999999
13582,2018-01-24 11:47:38.283,0.9529219999999999
13583,2018-01-24 11:47:38.384,1.022291
13584,2018-01-24 11:47:38.483,1.022291
13585,2018-01-24 11:47:38.584,1.022291
13586,2018-01-24 11:47:38.684,1.022291
13587,2018-01-24 11:47:38.784,1.022291
13588,2018-01-24 11:47:38.884,1.022291
13589,2018-01-24 11:47:38.983,1.022291
13590,2018-01-24 11:47:39.083,1.022291
13591,2018-01-24 11:47:39.183,1.022291
13592,2018-01-24 11:47:39.283,1.022291
13593,2018-01-24 11:47:39.383,1.042773
13594,2018-01-24 11:47:39.483,1.042773
13595,2018-01-24 11:47:39.583,1.042773
13596,2018-01-24 11:47:39.683,1.042773
13597,2018-01-24 11:47:39.783,1.042773
13598,2018-01-24 11:47:39.883,1.042773
13599,2018-01-24 11:47:39.983,1.042773
13600,2018-01-24 11:47:40.084,1.042773
13601,2018-01-24 11:47:40.184,1.042773
13602,2018-01-24 11:47:40.283,1.042773
13603,2018-01-24 11:47:40.383,1.073696
13604,2018-01-24 11:47:40.484,1.073696
13605,2018-01-24 11:47:40.583,1.073696
13606,2018-01-24 11:47:40.682,1.073696
13607,2018-01-24 11:47:40.782,1.073696
13608,2018-01-24 11:47:40.884,1.073696
13609,2018-01-24 11:47:40.983,1.073696
13610,2018-01-24 11:47:41.083,1.073696
13611,2018-01-24 11:47:41.183,1.073696
13612,2018-01-24 11:47:41.283,1.073696
13613,2018-01-24 11:47:41.383,1.153468
13614,2018-01-24 11:47:41.483,1.153468
13615,2018-01-24 11:47:41.583,1.153468
13616,2018-01-24 11:47:41.683,1.153468
13617,2018-01-24 11:47:41.783,1.153468
13618,2018-01-24 11:47:41.883,1.153468
13619,2018-01-24 11:47:41.983,1.153468
13620,2018-01-24 11:47:42.083,1.153468
13621,2018-01-24 11:47:42.184,1.153468
13622,2018-01-24 11:47:42.284,1.153468
13623,2018-01-24 11:47:42.383,1.256075
13624,2018-01-24 11:47:42.483,1.256075
13625,2018-01-24 11:47:42.583,1.256075
13626,2018-01-24 11:47:42.683,1.256075
13627,2018-01-24 11:47:42.783,1.256075
13628,2018-01-24 11:47:42.884,1.256075
13629,2018-01-24 11:47:42.983,1.256075
13630,2018-01-24 11:47:43.083,1.256075
13631,2018-01-24 11:47:43.183,1.256075
13632,2018-01-24 11:47:43.283,1.256075
13633,2018-01-24 11:47:43.383,1.299535
13634,2018-01-24 11:47:43.483,1.299535
13635,2018-01-24 11:47:43.583,1.299535
13636,2018-01-24 11:47:43.683,1.299535
13637,2018-01-24 11:47:43.783,1.299535
13638,2018-01-24 11:47:43.884,1.299535
13639,2018-01-24 11:47:43.984,1.299535
13640,2018-01-24 11:47:44.084,1.299535
13641,2018-01-24 11:47:44.184,1.299535
13642,2018-01-24 11:47:44.284,1.299535
13643,2018-01-24 11:47:44.385,1.244369
13644,2018-01-24 11:47:44.484,1.244369
13645,2018-01-24 11:47:44.584,1.244369
13646,2018-01-24 11:47:44.684,1.244369
13647,2018-01-24 11:47:44.785,1.244369
13648,2018-01-24 11:47:44.884,1.244369
13649,2018-01-24 11:47:44.984,1.244369
13650,2018-01-24 11:47:45.084,1.244369
13651,2018-01-24 11:47:45.184,1.244369
13652,2018-01-24 11:47:45.284,1.244369
13653,2018-01-24 11:47:45.384,1.107628
13654,2018-01-24 11:47:45.484,1.107628
13655,2018-01-24 11:47:45.582,1.107628
13656,2018-01-24 11:47:45.682,1.107628
13657,2018-01-24 11:47:45.782,1.107628
13658,2018-01-24 11:47:45.882,1.107628
13659,2018-01-24 11:47:45.982,1.107628
13660,2018-01-24 11:47:46.082,1.107628
13661,2018-01-24 11:47:46.183,1.107628
13662,2018-01-24 11:47:46.282,1.107628
13663,2018-01-24 11:47:46.383,1.013028
13664,2018-01-24 11:47:46.483,1.013028
13665,2018-01-24 11:47:46.582,1.013028
13666,2018-01-24 11:47:46.682,1.013028
13667,2018-01-24 11:47:46.782,1.013028
13668,2018-01-24 11:47:46.883,1.013028
13669,2018-01-24 11:47:46.984,1.013028
13670,2018-01-24 11:47:47.083,1.013028
13671,2018-01-24 11:47:47.183,1.013028
13672,2018-01-24 11:47:47.284,1.045059
13673,2018-01-24 11:47:47.383,1.045059
13674,2018-01-24 11:47:47.483,1.045059
13675,2018-01-24 11:47:47.583,1.045059
13676,2018-01-24 11:47:47.683,1.045059
13677,2018-01-24 11:47:47.783,1.045059
13678,2018-01-24 11:47:47.883,1.045059
13679,2018-01-24 11:47:47.983,1.045059
13680,2018-01-24 11:47:48.083,1.045059
13681,2018-01-24 11:47:48.184,1.045059
13682,2018-01-24 11:47:48.284,1.283821
13683,2018-01-24 11:47:48.383,1.283821
13684,2018-01-24 11:47:48.484,1.283821
13685,2018-01-24 11:47:48.583,1.283821
13686,2018-01-24 11:47:48.683,1.283821
13687,2018-01-24 11:47:48.783,1.283821
13688,2018-01-24 11:47:48.883,1.283821
13689,2018-01-24 11:47:48.983,1.283821
13690,2018-01-24 11:47:49.083,1.283821
13691,2018-01-24 11:47:49.183,1.283821
13692,2018-01-24 11:47:49.283,1.623344
13693,2018-01-24 11:47:49.383,1.623344
13694,2018-01-24 11:47:49.483,1.623344
13695,2018-01-24 11:47:49.583,1.623344
13696,2018-01-24 11:47:49.683,1.623344
13697,2018-01-24 11:47:49.784,1.623344
13698,2018-01-24 11:47:49.884,1.623344
13699,2018-01-24 11:47:49.984,1.623344
13700,2018-01-24 11:47:50.084,1.623344
13701,2018-01-24 11:47:50.184,1.623344
13702,2018-01-24 11:47:50.284,1.623344
13703,2018-01-24 11:47:50.384,1.959802
13704,2018-01-24 11:47:50.484,1.959802
13705,2018-01-24 11:47:50.583,1.959802
13706,2018-01-24 11:47:50.683,1.959802
13707,2018-01-24 11:47:50.783,1.959802
13708,2018-01-24 11:47:50.883,1.959802
13709,2018-01-24 11:47:50.983,1.959802
13710,2018-01-24 11:47:51.083,1.959802
13711,2018-01-24 11:47:51.183,1.959802
13712,2018-01-24 11:47:51.283,1.959802
13713,2018-01-24 11:47:51.383,2.10425
13714,2018-01-24 11:47:51.483,2.10425
13715,2018-01-24 11:47:51.583,2.10425
13716,2018-01-24 11:47:51.683,2.10425
13717,2018-01-24 11:47:51.783,2.10425
13718,2018-01-24 11:47:51.883,2.10425
13719,2018-01-24 11:47:51.983,2.10425
13720,2018-01-24 11:47:52.083,2.10425
13721,2018-01-24 11:47:52.183,2.10425
13722,2018-01-24 11:47:52.283,2.10425
13723,2018-01-24 11:47:52.383,2.029976
13724,2018-01-24 11:47:52.483,2.029976
13725,2018-01-24 11:47:52.583,2.029976
13726,2018-01-24 11:47:52.683,2.029976
13727,2018-01-24 11:47:52.783,2.029976
13728,2018-01-24 11:47:52.883,2.029976
13729,2018-01-24 11:47:52.983,2.029976
13730,2018-01-24 11:47:53.084,2.029976
13731,2018-01-24 11:47:53.184,2.029976
13732,2018-01-24 11:47:53.284,2.029976
13733,2018-01-24 11:47:53.384,1.85254
13734,2018-01-24 11:47:53.484,1.85254
13735,2018-01-24 11:47:53.584,1.85254
13736,2018-01-24 11:47:53.684,1.85254
13737,2018-01-24 11:47:53.784,1.85254
13738,2018-01-24 11:47:53.884,1.85254
13739,2018-01-24 11:47:53.984,1.85254
13740,2018-01-24 11:47:54.084,1.85254
13741,2018-01-24 11:47:54.184,1.85254
13742,2018-01-24 11:47:54.284,1.85254
13743,2018-01-24 11:47:54.384,1.71691
13744,2018-01-24 11:47:54.485,1.71691
13745,2018-01-24 11:47:54.584,1.71691
13746,2018-01-24 11:47:54.684,1.71691
13747,2018-01-24 11:47:54.784,1.71691
13748,2018-01-24 11:47:54.884,1.71691
13749,2018-01-24 11:47:54.984,1.71691
13750,2018-01-24 11:47:55.084,1.71691
13751,2018-01-24 11:47:55.184,1.71691
13752,2018-01-24 11:47:55.284,1.71691
13753,2018-01-24 11:47:55.384,1.7268009999999998
13754,2018-01-24 11:47:55.484,1.7268009999999998
13755,2018-01-24 11:47:55.582,1.7268009999999998
13756,2018-01-24 11:47:55.682,1.7268009999999998
13757,2018-01-24 11:47:55.782,1.7268009999999998
13758,2018-01-24 11:47:55.882,1.7268009999999998
13759,2018-01-24 11:47:55.982,1.7268009999999998
13760,2018-01-24 11:47:56.083,1.7268009999999998
13761,2018-01-24 11:47:56.184,1.7268009999999998
13762,2018-01-24 11:47:56.284,1.7268009999999998
13763,2018-01-24 11:47:56.383,1.928479
13764,2018-01-24 11:47:56.483,1.928479
13765,2018-01-24 11:47:56.583,1.928479
13766,2018-01-24 11:47:56.683,1.928479
13767,2018-01-24 11:47:56.784,1.928479
13768,2018-01-24 11:47:56.884,1.928479
13769,2018-01-24 11:47:56.984,1.928479
13770,2018-01-24 11:47:57.083,1.928479
13771,2018-01-24 11:47:57.183,1.928479
13772,2018-01-24 11:47:57.283,1.928479
13773,2018-01-24 11:47:57.383,2.260069
13774,2018-01-24 11:47:57.483,2.260069
13775,2018-01-24 11:47:57.583,2.260069
13776,2018-01-24 11:47:57.683,2.260069
13777,2018-01-24 11:47:57.783,2.260069
13778,2018-01-24 11:47:57.883,2.260069
13779,2018-01-24 11:47:57.983,2.260069
13780,2018-01-24 11:47:58.083,2.260069
13781,2018-01-24 11:47:58.184,2.260069
13782,2018-01-24 11:47:58.283,2.260069
13783,2018-01-24 11:47:58.384,2.527495
13784,2018-01-24 11:47:58.483,2.527495
13785,2018-01-24 11:47:58.583,2.527495
13786,2018-01-24 11:47:58.683,2.527495
13787,2018-01-24 11:47:58.784,2.527495
13788,2018-01-24 11:47:58.884,2.527495
13789,2018-01-24 11:47:58.984,2.527495
13790,2018-01-24 11:47:59.085,2.527495
13791,2018-01-24 11:47:59.184,2.527495
13792,2018-01-24 11:47:59.284,2.527495
13793,2018-01-24 11:47:59.384,2.583395
13794,2018-01-24 11:47:59.484,2.583395
13795,2018-01-24 11:47:59.584,2.583395
13796,2018-01-24 11:47:59.684,2.583395
13797,2018-01-24 11:47:59.784,2.583395
13798,2018-01-24 11:47:59.884,2.583395
13799,2018-01-24 11:47:59.984,2.583395
13800,2018-01-24 11:48:00.084,2.583395
13801,2018-01-24 11:48:00.185,2.583395
13802,2018-01-24 11:48:00.284,2.583395
13803,2018-01-24 11:48:00.384,2.424114
13804,2018-01-24 11:48:00.484,2.424114
13805,2018-01-24 11:48:00.583,2.424114
13806,2018-01-24 11:48:00.683,2.424114
13807,2018-01-24 11:48:00.783,2.424114
13808,2018-01-24 11:48:00.883,2.424114
13809,2018-01-24 11:48:00.983,2.424114
13810,2018-01-24 11:48:01.083,2.424114
13811,2018-01-24 11:48:01.183,2.424114
13812,2018-01-24 11:48:01.283,2.424114
13813,2018-01-24 11:48:01.383,2.230076
13814,2018-01-24 11:48:01.483,2.230076
13815,2018-01-24 11:48:01.583,2.230076
13816,2018-01-24 11:48:01.683,2.230076
13817,2018-01-24 11:48:01.783,2.230076
13818,2018-01-24 11:48:01.883,2.230076
13819,2018-01-24 11:48:01.984,2.230076
13820,2018-01-24 11:48:02.084,2.230076
13821,2018-01-24 11:48:02.184,2.230076
13822,2018-01-24 11:48:02.284,2.230076
13823,2018-01-24 11:48:02.384,2.082122
13824,2018-01-24 11:48:02.484,2.082122
13825,2018-01-24 11:48:02.584,2.082122
13826,2018-01-24 11:48:02.684,2.082122
13827,2018-01-24 11:48:02.784,2.082122
13828,2018-01-24 11:48:02.884,2.082122
13829,2018-01-24 11:48:02.985,2.082122
13830,2018-01-24 11:48:03.084,2.082122
13831,2018-01-24 11:48:03.184,2.082122
13832,2018-01-24 11:48:03.284,2.082122
13833,2018-01-24 11:48:03.384,2.019324
13834,2018-01-24 11:48:03.484,2.019324
13835,2018-01-24 11:48:03.584,2.019324
13836,2018-01-24 11:48:03.684,2.019324
13837,2018-01-24 11:48:03.784,2.019324
13838,2018-01-24 11:48:03.884,2.019324
13839,2018-01-24 11:48:03.984,2.019324
13840,2018-01-24 11:48:04.084,2.019324
13841,2018-01-24 11:48:04.184,2.019324
13842,2018-01-24 11:48:04.284,2.019324
13843,2018-01-24 11:48:04.384,1.999066
13844,2018-01-24 11:48:04.484,1.999066
13845,2018-01-24 11:48:04.584,1.999066
13846,2018-01-24 11:48:04.684,1.999066
13847,2018-01-24 11:48:04.784,1.999066
13848,2018-01-24 11:48:04.885,1.999066
13849,2018-01-24 11:48:04.985,1.999066
13850,2018-01-24 11:48:05.085,1.999066
13851,2018-01-24 11:48:05.185,1.999066
13852,2018-01-24 11:48:05.285,1.999066
13853,2018-01-24 11:48:05.385,2.052343
13854,2018-01-24 11:48:05.485,2.052343
13855,2018-01-24 11:48:05.583,2.052343
13856,2018-01-24 11:48:05.683,2.052343
13857,2018-01-24 11:48:05.783,2.052343
13858,2018-01-24 11:48:05.883,2.052343
13859,2018-01-24 11:48:05.983,2.052343
13860,2018-01-24 11:48:06.083,2.052343
13861,2018-01-24 11:48:06.183,2.052343
13862,2018-01-24 11:48:06.283,2.052343
13863,2018-01-24 11:48:06.383,2.122854
13864,2018-01-24 11:48:06.483,2.122854
13865,2018-01-24 11:48:06.584,2.122854
13866,2018-01-24 11:48:06.683,2.122854
13867,2018-01-24 11:48:06.783,2.122854
13868,2018-01-24 11:48:06.884,2.122854
13869,2018-01-24 11:48:06.983,2.122854
13870,2018-01-24 11:48:07.083,2.122854
13871,2018-01-24 11:48:07.183,2.122854
13872,2018-01-24 11:48:07.283,2.122854
13873,2018-01-24 11:48:07.383,2.035411
13874,2018-01-24 11:48:07.483,2.035411
13875,2018-01-24 11:48:07.583,2.035411
13876,2018-01-24 11:48:07.683,2.035411
13877,2018-01-24 11:48:07.783,2.035411
13878,2018-01-24 11:48:07.884,2.035411
13879,2018-01-24 11:48:07.984,2.035411
13880,2018-01-24 11:48:08.084,2.035411
13881,2018-01-24 11:48:08.184,2.035411
13882,2018-01-24 11:48:08.285,1.749686
13883,2018-01-24 11:48:08.385,1.749686
13884,2018-01-24 11:48:08.484,1.749686
13885,2018-01-24 11:48:08.584,1.749686
13886,2018-01-24 11:48:08.684,1.749686
13887,2018-01-24 11:48:08.784,1.749686
13888,2018-01-24 11:48:08.885,1.749686
13889,2018-01-24 11:48:08.984,1.749686
13890,2018-01-24 11:48:09.084,1.749686
13891,2018-01-24 11:48:09.184,1.749686
13892,2018-01-24 11:48:09.284,1.749686
13893,2018-01-24 11:48:09.384,1.415144
13894,2018-01-24 11:48:09.484,1.415144
13895,2018-01-24 11:48:09.584,1.415144
13896,2018-01-24 11:48:09.684,1.415144
13897,2018-01-24 11:48:09.784,1.415144
13898,2018-01-24 11:48:09.884,1.415144
13899,2018-01-24 11:48:09.984,1.415144
13900,2018-01-24 11:48:10.084,1.415144
13901,2018-01-24 11:48:10.184,1.415144
13902,2018-01-24 11:48:10.285,1.415144
13903,2018-01-24 11:48:10.385,1.066062
13904,2018-01-24 11:48:10.485,1.066062
13905,2018-01-24 11:48:10.583,1.066062
13906,2018-01-24 11:48:10.685,1.066062
13907,2018-01-24 11:48:10.783,1.066062
13908,2018-01-24 11:48:10.884,1.066062
13909,2018-01-24 11:48:10.984,1.066062
13910,2018-01-24 11:48:11.084,1.066062
13911,2018-01-24 11:48:11.184,1.066062
13912,2018-01-24 11:48:11.284,1.066062
13913,2018-01-24 11:48:11.384,0.793983
13914,2018-01-24 11:48:11.484,0.793983
13915,2018-01-24 11:48:11.584,0.793983
13916,2018-01-24 11:48:11.684,0.793983
13917,2018-01-24 11:48:11.784,0.793983
13918,2018-01-24 11:48:11.884,0.793983
13919,2018-01-24 11:48:11.984,0.793983
13920,2018-01-24 11:48:12.084,0.793983
13921,2018-01-24 11:48:12.184,0.793983
13922,2018-01-24 11:48:12.285,0.793983
13923,2018-01-24 11:48:12.385,0.6822199999999999
13924,2018-01-24 11:48:12.485,0.6822199999999999
13925,2018-01-24 11:48:12.585,0.6822199999999999
13926,2018-01-24 11:48:12.684,0.6822199999999999
13927,2018-01-24 11:48:12.784,0.6822199999999999
13928,2018-01-24 11:48:12.885,0.6822199999999999
13929,2018-01-24 11:48:12.984,0.6822199999999999
13930,2018-01-24 11:48:13.084,0.6822199999999999
13931,2018-01-24 11:48:13.185,0.6822199999999999
13932,2018-01-24 11:48:13.284,0.6822199999999999
13933,2018-01-24 11:48:13.384,0.732287
13934,2018-01-24 11:48:13.485,0.732287
13935,2018-01-24 11:48:13.584,0.732287
13936,2018-01-24 11:48:13.684,0.732287
13937,2018-01-24 11:48:13.784,0.732287
13938,2018-01-24 11:48:13.885,0.732287
13939,2018-01-24 11:48:13.985,0.732287
13940,2018-01-24 11:48:14.085,0.732287
13941,2018-01-24 11:48:14.185,0.732287
13942,2018-01-24 11:48:14.286,0.732287
13943,2018-01-24 11:48:14.385,0.802723
13944,2018-01-24 11:48:14.486,0.802723
13945,2018-01-24 11:48:14.585,0.802723
13946,2018-01-24 11:48:14.685,0.802723
13947,2018-01-24 11:48:14.785,0.802723
13948,2018-01-24 11:48:14.885,0.802723
13949,2018-01-24 11:48:14.985,0.802723
13950,2018-01-24 11:48:15.085,0.802723
13951,2018-01-24 11:48:15.185,0.802723
13952,2018-01-24 11:48:15.285,0.802723
13953,2018-01-24 11:48:15.385,0.6282770000000001
13954,2018-01-24 11:48:15.485,0.6282770000000001
13955,2018-01-24 11:48:15.583,0.6282770000000001
13956,2018-01-24 11:48:15.683,0.6282770000000001
13957,2018-01-24 11:48:15.783,0.6282770000000001
13958,2018-01-24 11:48:15.883,0.6282770000000001
13959,2018-01-24 11:48:15.983,0.6282770000000001
13960,2018-01-24 11:48:16.083,0.6282770000000001
13961,2018-01-24 11:48:16.183,0.6282770000000001
13962,2018-01-24 11:48:16.284,0.6282770000000001
13963,2018-01-24 11:48:16.383,0.278277
13964,2018-01-24 11:48:16.483,0.278277
13965,2018-01-24 11:48:16.584,0.278277
13966,2018-01-24 11:48:16.683,0.278277
13967,2018-01-24 11:48:16.783,0.278277
13968,2018-01-24 11:48:16.883,0.278277
13969,2018-01-24 11:48:16.984,0.278277
13970,2018-01-24 11:48:17.084,0.278277
13971,2018-01-24 11:48:17.184,0.278277
13972,2018-01-24 11:48:17.284,-0.059512
13973,2018-01-24 11:48:17.384,-0.059512
13974,2018-01-24 11:48:17.484,-0.059512
13975,2018-01-24 11:48:17.584,-0.059512
13976,2018-01-24 11:48:17.684,-0.059512
13977,2018-01-24 11:48:17.784,-0.059512
13978,2018-01-24 11:48:17.884,-0.059512
13979,2018-01-24 11:48:17.984,-0.059512
13980,2018-01-24 11:48:18.084,-0.059512
13981,2018-01-24 11:48:18.184,-0.059512
13982,2018-01-24 11:48:18.284,-0.059512
13983,2018-01-24 11:48:18.385,-0.222671
13984,2018-01-24 11:48:18.485,-0.222671
13985,2018-01-24 11:48:18.585,-0.222671
13986,2018-01-24 11:48:18.685,-0.222671
13987,2018-01-24 11:48:18.784,-0.222671
13988,2018-01-24 11:48:18.884,-0.222671
13989,2018-01-24 11:48:18.984,-0.222671
13990,2018-01-24 11:48:19.084,-0.222671
13991,2018-01-24 11:48:19.184,-0.222671
13992,2018-01-24 11:48:19.284,-0.222671
13993,2018-01-24 11:48:19.384,-0.16880499999999998
13994,2018-01-24 11:48:19.484,-0.16880499999999998
13995,2018-01-24 11:48:19.584,-0.16880499999999998
13996,2018-01-24 11:48:19.684,-0.16880499999999998
13997,2018-01-24 11:48:19.784,-0.16880499999999998
13998,2018-01-24 11:48:19.884,-0.16880499999999998
13999,2018-01-24 11:48:19.984,-0.16880499999999998
14000,2018-01-24 11:48:20.085,-0.16880499999999998
14001,2018-01-24 11:48:20.185,-0.16880499999999998
14002,2018-01-24 11:48:20.285,-0.16880499999999998
14003,2018-01-24 11:48:20.385,-0.016423999999999998
14004,2018-01-24 11:48:20.486,-0.016423999999999998
14005,2018-01-24 11:48:20.585,-0.016423999999999998
14006,2018-01-24 11:48:20.684,-0.016423999999999998
14007,2018-01-24 11:48:20.784,-0.016423999999999998
14008,2018-01-24 11:48:20.884,-0.016423999999999998
14009,2018-01-24 11:48:20.984,-0.016423999999999998
14010,2018-01-24 11:48:21.084,-0.016423999999999998
14011,2018-01-24 11:48:21.184,-0.016423999999999998
14012,2018-01-24 11:48:21.284,-0.016423999999999998
14013,2018-01-24 11:48:21.384,0.12215999999999999
14014,2018-01-24 11:48:21.484,0.12215999999999999
14015,2018-01-24 11:48:21.584,0.12215999999999999
14016,2018-01-24 11:48:21.684,0.12215999999999999
14017,2018-01-24 11:48:21.784,0.12215999999999999
14018,2018-01-24 11:48:21.884,0.12215999999999999
14019,2018-01-24 11:48:21.984,0.12215999999999999
14020,2018-01-24 11:48:22.084,0.12215999999999999
14021,2018-01-24 11:48:22.184,0.12215999999999999
14022,2018-01-24 11:48:22.284,0.12215999999999999
14023,2018-01-24 11:48:22.385,0.117845
14024,2018-01-24 11:48:22.484,0.117845
14025,2018-01-24 11:48:22.584,0.117845
14026,2018-01-24 11:48:22.684,0.117845
14027,2018-01-24 11:48:22.784,0.117845
14028,2018-01-24 11:48:22.884,0.117845
14029,2018-01-24 11:48:22.984,0.117845
14030,2018-01-24 11:48:23.085,0.117845
14031,2018-01-24 11:48:23.185,0.117845
14032,2018-01-24 11:48:23.285,0.117845
14033,2018-01-24 11:48:23.385,-0.017454
14034,2018-01-24 11:48:23.485,-0.017454
14035,2018-01-24 11:48:23.585,-0.017454
14036,2018-01-24 11:48:23.685,-0.017454
14037,2018-01-24 11:48:23.785,-0.017454
14038,2018-01-24 11:48:23.885,-0.017454
14039,2018-01-24 11:48:23.985,-0.017454
14040,2018-01-24 11:48:24.085,-0.017454
14041,2018-01-24 11:48:24.185,-0.017454
14042,2018-01-24 11:48:24.286,-0.017454
14043,2018-01-24 11:48:24.385,-0.228134
14044,2018-01-24 11:48:24.486,-0.228134
14045,2018-01-24 11:48:24.585,-0.228134
14046,2018-01-24 11:48:24.685,-0.228134
14047,2018-01-24 11:48:24.786,-0.228134
14048,2018-01-24 11:48:24.886,-0.228134
14049,2018-01-24 11:48:24.985,-0.228134
14050,2018-01-24 11:48:25.086,-0.228134
14051,2018-01-24 11:48:25.185,-0.228134
14052,2018-01-24 11:48:25.285,-0.228134
14053,2018-01-24 11:48:25.385,-0.313217
14054,2018-01-24 11:48:25.485,-0.313217
14055,2018-01-24 11:48:25.583,-0.313217
14056,2018-01-24 11:48:25.683,-0.313217
14057,2018-01-24 11:48:25.783,-0.313217
14058,2018-01-24 11:48:25.883,-0.313217
14059,2018-01-24 11:48:25.984,-0.313217
14060,2018-01-24 11:48:26.084,-0.313217
14061,2018-01-24 11:48:26.184,-0.313217
14062,2018-01-24 11:48:26.284,-0.313217
14063,2018-01-24 11:48:26.385,-0.2623
14064,2018-01-24 11:48:26.485,-0.2623
14065,2018-01-24 11:48:26.584,-0.2623
14066,2018-01-24 11:48:26.684,-0.2623
14067,2018-01-24 11:48:26.785,-0.2623
14068,2018-01-24 11:48:26.885,-0.2623
14069,2018-01-24 11:48:26.984,-0.2623
14070,2018-01-24 11:48:27.084,-0.2623
14071,2018-01-24 11:48:27.184,-0.2623
14072,2018-01-24 11:48:27.284,-0.2623
14073,2018-01-24 11:48:27.384,-0.113274
14074,2018-01-24 11:48:27.484,-0.113274
14075,2018-01-24 11:48:27.584,-0.113274
14076,2018-01-24 11:48:27.684,-0.113274
14077,2018-01-24 11:48:27.784,-0.113274
14078,2018-01-24 11:48:27.884,-0.113274
14079,2018-01-24 11:48:27.984,-0.113274
14080,2018-01-24 11:48:28.084,-0.113274
14081,2018-01-24 11:48:28.184,-0.113274
14082,2018-01-24 11:48:28.285,-0.113274
14083,2018-01-24 11:48:28.385,-0.007232
14084,2018-01-24 11:48:28.485,-0.007232
14085,2018-01-24 11:48:28.584,-0.007232
14086,2018-01-24 11:48:28.684,-0.007232
14087,2018-01-24 11:48:28.784,-0.007232
14088,2018-01-24 11:48:28.886,-0.007232
14089,2018-01-24 11:48:28.985,-0.007232
14090,2018-01-24 11:48:29.086,-0.007232
14091,2018-01-24 11:48:29.185,-0.007232
14092,2018-01-24 11:48:29.285,-0.007232
14093,2018-01-24 11:48:29.385,-0.025605000000000003
14094,2018-01-24 11:48:29.485,-0.025605000000000003
14095,2018-01-24 11:48:29.585,-0.025605000000000003
14096,2018-01-24 11:48:29.685,-0.025605000000000003
14097,2018-01-24 11:48:29.785,-0.025605000000000003
14098,2018-01-24 11:48:29.885,-0.025605000000000003
14099,2018-01-24 11:48:29.985,-0.025605000000000003
14100,2018-01-24 11:48:30.085,-0.025605000000000003
14101,2018-01-24 11:48:30.185,-0.025605000000000003
14102,2018-01-24 11:48:30.285,-0.025605000000000003
14103,2018-01-24 11:48:30.386,-0.09032
14104,2018-01-24 11:48:30.485,-0.09032
14105,2018-01-24 11:48:30.584,-0.09032
14106,2018-01-24 11:48:30.684,-0.09032
14107,2018-01-24 11:48:30.784,-0.09032
14108,2018-01-24 11:48:30.884,-0.09032
14109,2018-01-24 11:48:30.984,-0.09032
14110,2018-01-24 11:48:31.084,-0.09032
14111,2018-01-24 11:48:31.185,-0.09032
14112,2018-01-24 11:48:31.284,-0.09032
14113,2018-01-24 11:48:31.384,-0.20824
14114,2018-01-24 11:48:31.484,-0.20824
14115,2018-01-24 11:48:31.584,-0.20824
14116,2018-01-24 11:48:31.684,-0.20824
14117,2018-01-24 11:48:31.784,-0.20824
14118,2018-01-24 11:48:31.884,-0.20824
14119,2018-01-24 11:48:31.984,-0.20824
14120,2018-01-24 11:48:32.085,-0.20824
14121,2018-01-24 11:48:32.185,-0.20824
14122,2018-01-24 11:48:32.285,-0.20824
14123,2018-01-24 11:48:32.385,-0.383499
14124,2018-01-24 11:48:32.485,-0.383499
14125,2018-01-24 11:48:32.586,-0.383499
14126,2018-01-24 11:48:32.686,-0.383499
14127,2018-01-24 11:48:32.785,-0.383499
14128,2018-01-24 11:48:32.885,-0.383499
14129,2018-01-24 11:48:32.986,-0.383499
14130,2018-01-24 11:48:33.085,-0.383499
14131,2018-01-24 11:48:33.185,-0.383499
14132,2018-01-24 11:48:33.285,-0.383499
14133,2018-01-24 11:48:33.385,-0.5506770000000001
14134,2018-01-24 11:48:33.485,-0.5506770000000001
14135,2018-01-24 11:48:33.585,-0.5506770000000001
14136,2018-01-24 11:48:33.685,-0.5506770000000001
14137,2018-01-24 11:48:33.785,-0.5506770000000001
14138,2018-01-24 11:48:33.885,-0.5506770000000001
14139,2018-01-24 11:48:33.985,-0.5506770000000001
14140,2018-01-24 11:48:34.085,-0.5506770000000001
14141,2018-01-24 11:48:34.185,-0.5506770000000001
14142,2018-01-24 11:48:34.285,-0.5506770000000001
14143,2018-01-24 11:48:34.385,-0.704646
14144,2018-01-24 11:48:34.485,-0.704646
14145,2018-01-24 11:48:34.585,-0.704646
14146,2018-01-24 11:48:34.686,-0.704646
14147,2018-01-24 11:48:34.785,-0.704646
14148,2018-01-24 11:48:34.886,-0.704646
14149,2018-01-24 11:48:34.986,-0.704646
14150,2018-01-24 11:48:35.087,-0.704646
14151,2018-01-24 11:48:35.187,-0.704646
14152,2018-01-24 11:48:35.286,-0.704646
14153,2018-01-24 11:48:35.386,-0.7418739999999999
14154,2018-01-24 11:48:35.487,-0.7418739999999999
14155,2018-01-24 11:48:35.584,-0.7418739999999999
14156,2018-01-24 11:48:35.684,-0.7418739999999999
14157,2018-01-24 11:48:35.784,-0.7418739999999999
14158,2018-01-24 11:48:35.884,-0.7418739999999999
14159,2018-01-24 11:48:35.984,-0.7418739999999999
14160,2018-01-24 11:48:36.084,-0.7418739999999999
14161,2018-01-24 11:48:36.184,-0.7418739999999999
14162,2018-01-24 11:48:36.284,-0.7418739999999999
14163,2018-01-24 11:48:36.384,-0.654354
14164,2018-01-24 11:48:36.485,-0.654354
14165,2018-01-24 11:48:36.585,-0.654354
14166,2018-01-24 11:48:36.684,-0.654354
14167,2018-01-24 11:48:36.785,-0.654354
14168,2018-01-24 11:48:36.885,-0.654354
14169,2018-01-24 11:48:36.984,-0.654354
14170,2018-01-24 11:48:37.085,-0.654354
14171,2018-01-24 11:48:37.184,-0.654354
14172,2018-01-24 11:48:37.284,-0.654354
14173,2018-01-24 11:48:37.384,-0.4826720000000001
14174,2018-01-24 11:48:37.484,-0.4826720000000001
14175,2018-01-24 11:48:37.584,-0.4826720000000001
14176,2018-01-24 11:48:37.684,-0.4826720000000001
14177,2018-01-24 11:48:37.784,-0.4826720000000001
14178,2018-01-24 11:48:37.884,-0.4826720000000001
14179,2018-01-24 11:48:37.984,-0.4826720000000001
14180,2018-01-24 11:48:38.084,-0.4826720000000001
14181,2018-01-24 11:48:38.184,-0.4826720000000001
14182,2018-01-24 11:48:38.285,-0.4826720000000001
14183,2018-01-24 11:48:38.386,-0.406811
14184,2018-01-24 11:48:38.486,-0.406811
14185,2018-01-24 11:48:38.585,-0.406811
14186,2018-01-24 11:48:38.686,-0.406811
14187,2018-01-24 11:48:38.785,-0.406811
14188,2018-01-24 11:48:38.886,-0.406811
14189,2018-01-24 11:48:38.986,-0.406811
14190,2018-01-24 11:48:39.085,-0.406811
14191,2018-01-24 11:48:39.186,-0.406811
14192,2018-01-24 11:48:39.286,-0.406811
14193,2018-01-24 11:48:39.385,-0.527906
14194,2018-01-24 11:48:39.485,-0.527906
14195,2018-01-24 11:48:39.585,-0.527906
14196,2018-01-24 11:48:39.685,-0.527906
14197,2018-01-24 11:48:39.785,-0.527906
14198,2018-01-24 11:48:39.885,-0.527906
14199,2018-01-24 11:48:39.985,-0.527906
14200,2018-01-24 11:48:40.085,-0.527906
14201,2018-01-24 11:48:40.185,-0.527906
14202,2018-01-24 11:48:40.286,-0.527906
14203,2018-01-24 11:48:40.385,-0.7823819999999999
14204,2018-01-24 11:48:40.486,-0.7823819999999999
14205,2018-01-24 11:48:40.584,-0.7823819999999999
14206,2018-01-24 11:48:40.684,-0.7823819999999999
14207,2018-01-24 11:48:40.785,-0.7823819999999999
14208,2018-01-24 11:48:40.884,-0.7823819999999999
14209,2018-01-24 11:48:40.984,-0.7823819999999999
14210,2018-01-24 11:48:41.085,-0.7823819999999999
14211,2018-01-24 11:48:41.184,-0.7823819999999999
14212,2018-01-24 11:48:41.286,-0.7823819999999999
14213,2018-01-24 11:48:41.385,-1.0518399999999999
14214,2018-01-24 11:48:41.485,-1.0518399999999999
14215,2018-01-24 11:48:41.585,-1.0518399999999999
14216,2018-01-24 11:48:41.685,-1.0518399999999999
14217,2018-01-24 11:48:41.785,-1.0518399999999999
14218,2018-01-24 11:48:41.885,-1.0518399999999999
14219,2018-01-24 11:48:41.985,-1.0518399999999999
14220,2018-01-24 11:48:42.085,-1.0518399999999999
14221,2018-01-24 11:48:42.185,-1.0518399999999999
14222,2018-01-24 11:48:42.285,-1.0518399999999999
14223,2018-01-24 11:48:42.386,-1.197287
14224,2018-01-24 11:48:42.486,-1.197287
14225,2018-01-24 11:48:42.585,-1.197287
14226,2018-01-24 11:48:42.686,-1.197287
14227,2018-01-24 11:48:42.785,-1.197287
14228,2018-01-24 11:48:42.885,-1.197287
14229,2018-01-24 11:48:42.985,-1.197287
14230,2018-01-24 11:48:43.086,-1.197287
14231,2018-01-24 11:48:43.185,-1.197287
14232,2018-01-24 11:48:43.285,-1.197287
14233,2018-01-24 11:48:43.385,-1.188949
14234,2018-01-24 11:48:43.485,-1.188949
14235,2018-01-24 11:48:43.585,-1.188949
14236,2018-01-24 11:48:43.685,-1.188949
14237,2018-01-24 11:48:43.785,-1.188949
14238,2018-01-24 11:48:43.885,-1.188949
14239,2018-01-24 11:48:43.985,-1.188949
14240,2018-01-24 11:48:44.085,-1.188949
14241,2018-01-24 11:48:44.185,-1.188949
14242,2018-01-24 11:48:44.286,-1.188949
14243,2018-01-24 11:48:44.387,-1.103974
14244,2018-01-24 11:48:44.486,-1.103974
14245,2018-01-24 11:48:44.586,-1.103974
14246,2018-01-24 11:48:44.686,-1.103974
14247,2018-01-24 11:48:44.787,-1.103974
14248,2018-01-24 11:48:44.886,-1.103974
14249,2018-01-24 11:48:44.986,-1.103974
14250,2018-01-24 11:48:45.086,-1.103974
14251,2018-01-24 11:48:45.186,-1.103974
14252,2018-01-24 11:48:45.286,-1.103974
14253,2018-01-24 11:48:45.386,-0.991843
14254,2018-01-24 11:48:45.484,-0.991843
14255,2018-01-24 11:48:45.584,-0.991843
14256,2018-01-24 11:48:45.684,-0.991843
14257,2018-01-24 11:48:45.784,-0.991843
14258,2018-01-24 11:48:45.884,-0.991843
14259,2018-01-24 11:48:45.984,-0.991843
14260,2018-01-24 11:48:46.084,-0.991843
14261,2018-01-24 11:48:46.184,-0.991843
14262,2018-01-24 11:48:46.284,-0.854144
14263,2018-01-24 11:48:46.385,-0.854144
14264,2018-01-24 11:48:46.485,-0.854144
14265,2018-01-24 11:48:46.584,-0.854144
14266,2018-01-24 11:48:46.685,-0.854144
14267,2018-01-24 11:48:46.784,-0.854144
14268,2018-01-24 11:48:46.885,-0.854144
14269,2018-01-24 11:48:46.985,-0.854144
14270,2018-01-24 11:48:47.085,-0.854144
14271,2018-01-24 11:48:47.186,-0.854144
14272,2018-01-24 11:48:47.285,-0.7126100000000001
14273,2018-01-24 11:48:47.385,-0.7126100000000001
14274,2018-01-24 11:48:47.485,-0.7126100000000001
14275,2018-01-24 11:48:47.585,-0.7126100000000001
14276,2018-01-24 11:48:47.685,-0.7126100000000001
14277,2018-01-24 11:48:47.785,-0.7126100000000001
14278,2018-01-24 11:48:47.886,-0.7126100000000001
14279,2018-01-24 11:48:47.985,-0.7126100000000001
14280,2018-01-24 11:48:48.085,-0.7126100000000001
14281,2018-01-24 11:48:48.185,-0.7126100000000001
14282,2018-01-24 11:48:48.285,-0.7126100000000001
14283,2018-01-24 11:48:48.385,-0.5581619999999999
14284,2018-01-24 11:48:48.485,-0.5581619999999999
14285,2018-01-24 11:48:48.585,-0.5581619999999999
14286,2018-01-24 11:48:48.685,-0.5581619999999999
14287,2018-01-24 11:48:48.785,-0.5581619999999999
14288,2018-01-24 11:48:48.886,-0.5581619999999999
14289,2018-01-24 11:48:48.986,-0.5581619999999999
14290,2018-01-24 11:48:49.086,-0.5581619999999999
14291,2018-01-24 11:48:49.186,-0.5581619999999999
14292,2018-01-24 11:48:49.285,-0.5581619999999999
14293,2018-01-24 11:48:49.385,-0.4830060000000001
14294,2018-01-24 11:48:49.485,-0.4830060000000001
14295,2018-01-24 11:48:49.585,-0.4830060000000001
14296,2018-01-24 11:48:49.685,-0.4830060000000001
14297,2018-01-24 11:48:49.785,-0.4830060000000001
14298,2018-01-24 11:48:49.885,-0.4830060000000001
14299,2018-01-24 11:48:49.985,-0.4830060000000001
14300,2018-01-24 11:48:50.085,-0.4830060000000001
14301,2018-01-24 11:48:50.185,-0.4830060000000001
14302,2018-01-24 11:48:50.287,-0.4830060000000001
14303,2018-01-24 11:48:50.387,-0.447881
14304,2018-01-24 11:48:50.485,-0.447881
14305,2018-01-24 11:48:50.585,-0.447881
14306,2018-01-24 11:48:50.686,-0.447881
14307,2018-01-24 11:48:50.785,-0.447881
14308,2018-01-24 11:48:50.885,-0.447881
14309,2018-01-24 11:48:50.985,-0.447881
14310,2018-01-24 11:48:51.085,-0.447881
14311,2018-01-24 11:48:51.186,-0.447881
14312,2018-01-24 11:48:51.285,-0.447881
14313,2018-01-24 11:48:51.385,-0.387924
14314,2018-01-24 11:48:51.485,-0.387924
14315,2018-01-24 11:48:51.585,-0.387924
14316,2018-01-24 11:48:51.685,-0.387924
14317,2018-01-24 11:48:51.785,-0.387924
14318,2018-01-24 11:48:51.885,-0.387924
14319,2018-01-24 11:48:51.985,-0.387924
14320,2018-01-24 11:48:52.085,-0.387924
14321,2018-01-24 11:48:52.185,-0.387924
14322,2018-01-24 11:48:52.285,-0.387924
14323,2018-01-24 11:48:52.385,-0.20904699999999998
14324,2018-01-24 11:48:52.485,-0.20904699999999998
14325,2018-01-24 11:48:52.585,-0.20904699999999998
14326,2018-01-24 11:48:52.685,-0.20904699999999998
14327,2018-01-24 11:48:52.785,-0.20904699999999998
14328,2018-01-24 11:48:52.885,-0.20904699999999998
14329,2018-01-24 11:48:52.985,-0.20904699999999998
14330,2018-01-24 11:48:53.085,-0.20904699999999998
14331,2018-01-24 11:48:53.186,-0.20904699999999998
14332,2018-01-24 11:48:53.286,-0.20904699999999998
14333,2018-01-24 11:48:53.386,0.087198
14334,2018-01-24 11:48:53.486,0.087198
14335,2018-01-24 11:48:53.586,0.087198
14336,2018-01-24 11:48:53.686,0.087198
14337,2018-01-24 11:48:53.787,0.087198
14338,2018-01-24 11:48:53.886,0.087198
14339,2018-01-24 11:48:53.986,0.087198
14340,2018-01-24 11:48:54.086,0.087198
14341,2018-01-24 11:48:54.186,0.087198
14342,2018-01-24 11:48:54.286,0.087198
14343,2018-01-24 11:48:54.386,0.40975
14344,2018-01-24 11:48:54.486,0.40975
14345,2018-01-24 11:48:54.586,0.40975
14346,2018-01-24 11:48:54.686,0.40975
14347,2018-01-24 11:48:54.786,0.40975
14348,2018-01-24 11:48:54.886,0.40975
14349,2018-01-24 11:48:54.986,0.40975
14350,2018-01-24 11:48:55.086,0.40975
14351,2018-01-24 11:48:55.186,0.40975
14352,2018-01-24 11:48:55.286,0.40975
14353,2018-01-24 11:48:55.386,0.6863279999999999
14354,2018-01-24 11:48:55.484,0.6863279999999999
14355,2018-01-24 11:48:55.584,0.6863279999999999
14356,2018-01-24 11:48:55.684,0.6863279999999999
14357,2018-01-24 11:48:55.784,0.6863279999999999
14358,2018-01-24 11:48:55.884,0.6863279999999999
14359,2018-01-24 11:48:55.984,0.6863279999999999
14360,2018-01-24 11:48:56.084,0.6863279999999999
14361,2018-01-24 11:48:56.185,0.6863279999999999
14362,2018-01-24 11:48:56.285,0.6863279999999999
14363,2018-01-24 11:48:56.385,0.860849
14364,2018-01-24 11:48:56.485,0.860849
14365,2018-01-24 11:48:56.586,0.860849
14366,2018-01-24 11:48:56.686,0.860849
14367,2018-01-24 11:48:56.785,0.860849
14368,2018-01-24 11:48:56.885,0.860849
14369,2018-01-24 11:48:56.986,0.860849
14370,2018-01-24 11:48:57.085,0.860849
14371,2018-01-24 11:48:57.185,0.860849
14372,2018-01-24 11:48:57.285,0.860849
14373,2018-01-24 11:48:57.385,0.905013
14374,2018-01-24 11:48:57.485,0.905013
14375,2018-01-24 11:48:57.585,0.905013
14376,2018-01-24 11:48:57.685,0.905013
14377,2018-01-24 11:48:57.785,0.905013
14378,2018-01-24 11:48:57.885,0.905013
14379,2018-01-24 11:48:57.985,0.905013
14380,2018-01-24 11:48:58.085,0.905013
14381,2018-01-24 11:48:58.185,0.905013
14382,2018-01-24 11:48:58.285,0.905013
14383,2018-01-24 11:48:58.385,0.9327219999999999
14384,2018-01-24 11:48:58.486,0.9327219999999999
14385,2018-01-24 11:48:58.585,0.9327219999999999
14386,2018-01-24 11:48:58.685,0.9327219999999999
14387,2018-01-24 11:48:58.785,0.9327219999999999
14388,2018-01-24 11:48:58.886,0.9327219999999999
14389,2018-01-24 11:48:58.985,0.9327219999999999
14390,2018-01-24 11:48:59.086,0.9327219999999999
14391,2018-01-24 11:48:59.185,0.9327219999999999
14392,2018-01-24 11:48:59.286,0.9327219999999999
14393,2018-01-24 11:48:59.385,0.975669
14394,2018-01-24 11:48:59.486,0.975669
14395,2018-01-24 11:48:59.586,0.975669
14396,2018-01-24 11:48:59.686,0.975669
14397,2018-01-24 11:48:59.786,0.975669
14398,2018-01-24 11:48:59.886,0.975669
14399,2018-01-24 11:48:59.986,0.975669
14400,2018-01-24 11:49:00.086,0.975669
14401,2018-01-24 11:49:00.186,0.975669
14402,2018-01-24 11:49:00.286,0.975669
14403,2018-01-24 11:49:00.386,1.1053620000000002
14404,2018-01-24 11:49:00.485,1.1053620000000002
14405,2018-01-24 11:49:00.585,1.1053620000000002
14406,2018-01-24 11:49:00.686,1.1053620000000002
14407,2018-01-24 11:49:00.785,1.1053620000000002
14408,2018-01-24 11:49:00.885,1.1053620000000002
14409,2018-01-24 11:49:00.985,1.1053620000000002
14410,2018-01-24 11:49:01.086,1.1053620000000002
14411,2018-01-24 11:49:01.186,1.1053620000000002
14412,2018-01-24 11:49:01.285,1.1053620000000002
14413,2018-01-24 11:49:01.385,1.263244
14414,2018-01-24 11:49:01.485,1.263244
14415,2018-01-24 11:49:01.585,1.263244
14416,2018-01-24 11:49:01.685,1.263244
14417,2018-01-24 11:49:01.785,1.263244
14418,2018-01-24 11:49:01.886,1.263244
14419,2018-01-24 11:49:01.985,1.263244
14420,2018-01-24 11:49:02.085,1.263244
14421,2018-01-24 11:49:02.185,1.263244
14422,2018-01-24 11:49:02.286,1.263244
14423,2018-01-24 11:49:02.386,1.507945
14424,2018-01-24 11:49:02.487,1.507945
14425,2018-01-24 11:49:02.586,1.507945
14426,2018-01-24 11:49:02.686,1.507945
14427,2018-01-24 11:49:02.786,1.507945
14428,2018-01-24 11:49:02.886,1.507945
14429,2018-01-24 11:49:02.987,1.507945
14430,2018-01-24 11:49:03.086,1.507945
14431,2018-01-24 11:49:03.186,1.507945
14432,2018-01-24 11:49:03.287,1.507945
14433,2018-01-24 11:49:03.386,1.711099
14434,2018-01-24 11:49:03.486,1.711099
14435,2018-01-24 11:49:03.586,1.711099
14436,2018-01-24 11:49:03.686,1.711099
14437,2018-01-24 11:49:03.786,1.711099
14438,2018-01-24 11:49:03.886,1.711099
14439,2018-01-24 11:49:03.986,1.711099
14440,2018-01-24 11:49:04.086,1.711099
14441,2018-01-24 11:49:04.186,1.711099
14442,2018-01-24 11:49:04.287,1.711099
14443,2018-01-24 11:49:04.386,1.7816439999999998
14444,2018-01-24 11:49:04.487,1.7816439999999998
14445,2018-01-24 11:49:04.586,1.7816439999999998
14446,2018-01-24 11:49:04.686,1.7816439999999998
14447,2018-01-24 11:49:04.786,1.7816439999999998
14448,2018-01-24 11:49:04.887,1.7816439999999998
14449,2018-01-24 11:49:04.987,1.7816439999999998
14450,2018-01-24 11:49:05.086,1.7816439999999998
14451,2018-01-24 11:49:05.187,1.7816439999999998
14452,2018-01-24 11:49:05.286,1.6724290000000002
14453,2018-01-24 11:49:05.388,1.6724290000000002
14454,2018-01-24 11:49:05.484,1.6724290000000002
14455,2018-01-24 11:49:05.584,1.6724290000000002
14456,2018-01-24 11:49:05.684,1.6724290000000002
14457,2018-01-24 11:49:05.784,1.6724290000000002
14458,2018-01-24 11:49:05.884,1.6724290000000002
14459,2018-01-24 11:49:05.984,1.6724290000000002
14460,2018-01-24 11:49:06.084,1.6724290000000002
14461,2018-01-24 11:49:06.184,1.6724290000000002
14462,2018-01-24 11:49:06.284,1.6724290000000002
14463,2018-01-24 11:49:06.384,1.419945
14464,2018-01-24 11:49:06.484,1.419945
14465,2018-01-24 11:49:06.584,1.419945
14466,2018-01-24 11:49:06.685,1.419945
14467,2018-01-24 11:49:06.784,1.419945
14468,2018-01-24 11:49:06.884,1.419945
14469,2018-01-24 11:49:06.984,1.419945
14470,2018-01-24 11:49:07.085,1.419945
14471,2018-01-24 11:49:07.184,1.419945
14472,2018-01-24 11:49:07.284,1.419945
14473,2018-01-24 11:49:07.384,1.169786
14474,2018-01-24 11:49:07.484,1.169786
14475,2018-01-24 11:49:07.584,1.169786
14476,2018-01-24 11:49:07.684,1.169786
14477,2018-01-24 11:49:07.784,1.169786
14478,2018-01-24 11:49:07.884,1.169786
14479,2018-01-24 11:49:07.984,1.169786
14480,2018-01-24 11:49:08.084,1.169786
14481,2018-01-24 11:49:08.184,1.169786
14482,2018-01-24 11:49:08.284,1.169786
14483,2018-01-24 11:49:08.385,1.094627
14484,2018-01-24 11:49:08.485,1.094627
14485,2018-01-24 11:49:08.586,1.094627
14486,2018-01-24 11:49:08.685,1.094627
14487,2018-01-24 11:49:08.785,1.094627
14488,2018-01-24 11:49:08.886,1.094627
14489,2018-01-24 11:49:08.985,1.094627
14490,2018-01-24 11:49:09.086,1.094627
14491,2018-01-24 11:49:09.186,1.094627
14492,2018-01-24 11:49:09.285,1.094627
14493,2018-01-24 11:49:09.385,1.226938
14494,2018-01-24 11:49:09.485,1.226938
14495,2018-01-24 11:49:09.585,1.226938
14496,2018-01-24 11:49:09.685,1.226938
14497,2018-01-24 11:49:09.785,1.226938
14498,2018-01-24 11:49:09.885,1.226938
14499,2018-01-24 11:49:09.985,1.226938
14500,2018-01-24 11:49:10.085,1.226938
14501,2018-01-24 11:49:10.185,1.226938
14502,2018-01-24 11:49:10.285,1.226938
14503,2018-01-24 11:49:10.385,1.452967
14504,2018-01-24 11:49:10.485,1.452967
14505,2018-01-24 11:49:10.585,1.452967
14506,2018-01-24 11:49:10.685,1.452967
14507,2018-01-24 11:49:10.785,1.452967
14508,2018-01-24 11:49:10.886,1.452967
14509,2018-01-24 11:49:10.985,1.452967
14510,2018-01-24 11:49:11.085,1.452967
14511,2018-01-24 11:49:11.186,1.452967
14512,2018-01-24 11:49:11.286,1.452967
14513,2018-01-24 11:49:11.385,1.506837
14514,2018-01-24 11:49:11.486,1.506837
14515,2018-01-24 11:49:11.586,1.506837
14516,2018-01-24 11:49:11.686,1.506837
14517,2018-01-24 11:49:11.786,1.506837
14518,2018-01-24 11:49:11.886,1.506837
14519,2018-01-24 11:49:11.986,1.506837
14520,2018-01-24 11:49:12.086,1.506837
14521,2018-01-24 11:49:12.186,1.506837
14522,2018-01-24 11:49:12.286,1.361946
14523,2018-01-24 11:49:12.386,1.361946
14524,2018-01-24 11:49:12.487,1.361946
14525,2018-01-24 11:49:12.586,1.361946
14526,2018-01-24 11:49:12.686,1.361946
14527,2018-01-24 11:49:12.786,1.361946
14528,2018-01-24 11:49:12.887,1.361946
14529,2018-01-24 11:49:12.986,1.361946
14530,2018-01-24 11:49:13.086,1.361946
14531,2018-01-24 11:49:13.186,1.361946
14532,2018-01-24 11:49:13.287,1.361946
14533,2018-01-24 11:49:13.386,1.2270159999999999
14534,2018-01-24 11:49:13.486,1.2270159999999999
14535,2018-01-24 11:49:13.586,1.2270159999999999
14536,2018-01-24 11:49:13.686,1.2270159999999999
14537,2018-01-24 11:49:13.786,1.2270159999999999
14538,2018-01-24 11:49:13.886,1.2270159999999999
14539,2018-01-24 11:49:13.986,1.2270159999999999
14540,2018-01-24 11:49:14.086,1.2270159999999999
14541,2018-01-24 11:49:14.186,1.2270159999999999
14542,2018-01-24 11:49:14.286,1.195321
14543,2018-01-24 11:49:14.387,1.195321
14544,2018-01-24 11:49:14.487,1.195321
14545,2018-01-24 11:49:14.587,1.195321
14546,2018-01-24 11:49:14.687,1.195321
14547,2018-01-24 11:49:14.787,1.195321
14548,2018-01-24 11:49:14.887,1.195321
14549,2018-01-24 11:49:14.987,1.195321
14550,2018-01-24 11:49:15.088,1.195321
14551,2018-01-24 11:49:15.188,1.195321
14552,2018-01-24 11:49:15.287,1.195321
14553,2018-01-24 11:49:15.388,1.3141639999999999
14554,2018-01-24 11:49:15.485,1.3141639999999999
14555,2018-01-24 11:49:15.585,1.3141639999999999
14556,2018-01-24 11:49:15.685,1.3141639999999999
14557,2018-01-24 11:49:15.785,1.3141639999999999
14558,2018-01-24 11:49:15.885,1.3141639999999999
14559,2018-01-24 11:49:15.985,1.3141639999999999
14560,2018-01-24 11:49:16.085,1.3141639999999999
14561,2018-01-24 11:49:16.185,1.3141639999999999
14562,2018-01-24 11:49:16.285,1.3141639999999999
14563,2018-01-24 11:49:16.385,1.479386
14564,2018-01-24 11:49:16.485,1.479386
14565,2018-01-24 11:49:16.585,1.479386
14566,2018-01-24 11:49:16.685,1.479386
14567,2018-01-24 11:49:16.786,1.479386
14568,2018-01-24 11:49:16.885,1.479386
14569,2018-01-24 11:49:16.986,1.479386
14570,2018-01-24 11:49:17.086,1.479386
14571,2018-01-24 11:49:17.186,1.479386
14572,2018-01-24 11:49:17.285,1.479386
14573,2018-01-24 11:49:17.386,1.4039620000000002
14574,2018-01-24 11:49:17.486,1.4039620000000002
14575,2018-01-24 11:49:17.586,1.4039620000000002
14576,2018-01-24 11:49:17.686,1.4039620000000002
14577,2018-01-24 11:49:17.786,1.4039620000000002
14578,2018-01-24 11:49:17.886,1.4039620000000002
14579,2018-01-24 11:49:17.986,1.4039620000000002
14580,2018-01-24 11:49:18.087,1.4039620000000002
14581,2018-01-24 11:49:18.186,1.4039620000000002
14582,2018-01-24 11:49:18.286,1.4039620000000002
14583,2018-01-24 11:49:18.386,1.506351
14584,2018-01-24 11:49:18.486,1.506351
14585,2018-01-24 11:49:18.587,1.506351
14586,2018-01-24 11:49:18.687,1.506351
14587,2018-01-24 11:49:18.786,1.506351
14588,2018-01-24 11:49:18.887,1.506351
14589,2018-01-24 11:49:18.987,1.506351
14590,2018-01-24 11:49:19.087,1.506351
14591,2018-01-24 11:49:19.186,1.506351
14592,2018-01-24 11:49:19.287,1.506351
14593,2018-01-24 11:49:19.386,1.632023
14594,2018-01-24 11:49:19.486,1.632023
14595,2018-01-24 11:49:19.586,1.632023
14596,2018-01-24 11:49:19.686,1.632023
14597,2018-01-24 11:49:19.786,1.632023
14598,2018-01-24 11:49:19.886,1.632023
14599,2018-01-24 11:49:19.986,1.632023
14600,2018-01-24 11:49:20.086,1.632023
14601,2018-01-24 11:49:20.186,1.632023
14602,2018-01-24 11:49:20.286,1.632023
14603,2018-01-24 11:49:20.387,1.784185
14604,2018-01-24 11:49:20.486,1.784185
14605,2018-01-24 11:49:20.585,1.784185
14606,2018-01-24 11:49:20.685,1.784185
14607,2018-01-24 11:49:20.785,1.784185
14608,2018-01-24 11:49:20.885,1.784185
14609,2018-01-24 11:49:20.986,1.784185
14610,2018-01-24 11:49:21.085,1.784185
14611,2018-01-24 11:49:21.186,1.784185
14612,2018-01-24 11:49:21.286,1.784185
14613,2018-01-24 11:49:21.386,1.875799
14614,2018-01-24 11:49:21.485,1.875799
14615,2018-01-24 11:49:21.585,1.875799
14616,2018-01-24 11:49:21.686,1.875799
14617,2018-01-24 11:49:21.785,1.875799
14618,2018-01-24 11:49:21.885,1.875799
14619,2018-01-24 11:49:21.985,1.875799
14620,2018-01-24 11:49:22.085,1.875799
14621,2018-01-24 11:49:22.185,1.875799
14622,2018-01-24 11:49:22.285,1.875799
14623,2018-01-24 11:49:22.385,1.983463
14624,2018-01-24 11:49:22.485,1.983463
14625,2018-01-24 11:49:22.585,1.983463
14626,2018-01-24 11:49:22.686,1.983463
14627,2018-01-24 11:49:22.786,1.983463
14628,2018-01-24 11:49:22.886,1.983463
14629,2018-01-24 11:49:22.986,1.983463
14630,2018-01-24 11:49:23.085,1.983463
14631,2018-01-24 11:49:23.185,1.983463
14632,2018-01-24 11:49:23.286,1.983463
14633,2018-01-24 11:49:23.386,2.148944
14634,2018-01-24 11:49:23.486,2.148944
14635,2018-01-24 11:49:23.586,2.148944
14636,2018-01-24 11:49:23.686,2.148944
14637,2018-01-24 11:49:23.786,2.148944
14638,2018-01-24 11:49:23.886,2.148944
14639,2018-01-24 11:49:23.986,2.148944
14640,2018-01-24 11:49:24.086,2.148944
14641,2018-01-24 11:49:24.186,2.148944
14642,2018-01-24 11:49:24.286,2.148944
14643,2018-01-24 11:49:24.386,2.370988
14644,2018-01-24 11:49:24.486,2.370988
14645,2018-01-24 11:49:24.587,2.370988
14646,2018-01-24 11:49:24.687,2.370988
14647,2018-01-24 11:49:24.787,2.370988
14648,2018-01-24 11:49:24.886,2.370988
14649,2018-01-24 11:49:24.987,2.370988
14650,2018-01-24 11:49:25.086,2.370988
14651,2018-01-24 11:49:25.186,2.370988
14652,2018-01-24 11:49:25.286,2.370988
14653,2018-01-24 11:49:25.386,2.535768
14654,2018-01-24 11:49:25.485,2.535768
14655,2018-01-24 11:49:25.584,2.535768
14656,2018-01-24 11:49:25.684,2.535768
14657,2018-01-24 11:49:25.784,2.535768
14658,2018-01-24 11:49:25.884,2.535768
14659,2018-01-24 11:49:25.984,2.535768
14660,2018-01-24 11:49:26.084,2.535768
14661,2018-01-24 11:49:26.184,2.535768
14662,2018-01-24 11:49:26.284,2.535768
14663,2018-01-24 11:49:26.384,2.65144
14664,2018-01-24 11:49:26.485,2.65144
14665,2018-01-24 11:49:26.586,2.65144
14666,2018-01-24 11:49:26.685,2.65144
14667,2018-01-24 11:49:26.785,2.65144
14668,2018-01-24 11:49:26.886,2.65144
14669,2018-01-24 11:49:26.986,2.65144
14670,2018-01-24 11:49:27.085,2.65144
14671,2018-01-24 11:49:27.185,2.65144
14672,2018-01-24 11:49:27.285,2.65144
14673,2018-01-24 11:49:27.386,2.748037
14674,2018-01-24 11:49:27.486,2.748037
14675,2018-01-24 11:49:27.585,2.748037
14676,2018-01-24 11:49:27.685,2.748037
14677,2018-01-24 11:49:27.785,2.748037
14678,2018-01-24 11:49:27.885,2.748037
14679,2018-01-24 11:49:27.985,2.748037
14680,2018-01-24 11:49:28.085,2.748037
14681,2018-01-24 11:49:28.185,2.748037
14682,2018-01-24 11:49:28.285,2.748037
14683,2018-01-24 11:49:28.385,2.889353
14684,2018-01-24 11:49:28.485,2.889353
14685,2018-01-24 11:49:28.586,2.889353
14686,2018-01-24 11:49:28.685,2.889353
14687,2018-01-24 11:49:28.786,2.889353
14688,2018-01-24 11:49:28.886,2.889353
14689,2018-01-24 11:49:28.985,2.889353
14690,2018-01-24 11:49:29.086,2.889353
14691,2018-01-24 11:49:29.185,2.889353
14692,2018-01-24 11:49:29.286,2.889353
14693,2018-01-24 11:49:29.386,3.100883
14694,2018-01-24 11:49:29.485,3.100883
14695,2018-01-24 11:49:29.586,3.100883
14696,2018-01-24 11:49:29.686,3.100883
14697,2018-01-24 11:49:29.786,3.100883
14698,2018-01-24 11:49:29.886,3.100883
14699,2018-01-24 11:49:29.986,3.100883
14700,2018-01-24 11:49:30.086,3.100883
14701,2018-01-24 11:49:30.186,3.100883
14702,2018-01-24 11:49:30.286,3.100883
14703,2018-01-24 11:49:30.386,3.339014
14704,2018-01-24 11:49:30.485,3.339014
14705,2018-01-24 11:49:30.586,3.339014
14706,2018-01-24 11:49:30.686,3.339014
14707,2018-01-24 11:49:30.785,3.339014
14708,2018-01-24 11:49:30.885,3.339014
14709,2018-01-24 11:49:30.986,3.339014
14710,2018-01-24 11:49:31.086,3.339014
14711,2018-01-24 11:49:31.185,3.339014
14712,2018-01-24 11:49:31.285,3.339014
14713,2018-01-24 11:49:31.385,3.5339730000000005
14714,2018-01-24 11:49:31.485,3.5339730000000005
14715,2018-01-24 11:49:31.585,3.5339730000000005
14716,2018-01-24 11:49:31.685,3.5339730000000005
14717,2018-01-24 11:49:31.785,3.5339730000000005
14718,2018-01-24 11:49:31.885,3.5339730000000005
14719,2018-01-24 11:49:31.985,3.5339730000000005
14720,2018-01-24 11:49:32.085,3.5339730000000005
14721,2018-01-24 11:49:32.185,3.5339730000000005
14722,2018-01-24 11:49:32.285,3.5339730000000005
14723,2018-01-24 11:49:32.385,3.629719
14724,2018-01-24 11:49:32.485,3.629719
14725,2018-01-24 11:49:32.586,3.629719
14726,2018-01-24 11:49:32.687,3.629719
14727,2018-01-24 11:49:32.786,3.629719
14728,2018-01-24 11:49:32.886,3.629719
14729,2018-01-24 11:49:32.986,3.629719
14730,2018-01-24 11:49:33.086,3.629719
14731,2018-01-24 11:49:33.186,3.629719
14732,2018-01-24 11:49:33.287,3.629719
14733,2018-01-24 11:49:33.386,3.5461480000000005
14734,2018-01-24 11:49:33.486,3.5461480000000005
14735,2018-01-24 11:49:33.586,3.5461480000000005
14736,2018-01-24 11:49:33.686,3.5461480000000005
14737,2018-01-24 11:49:33.786,3.5461480000000005
14738,2018-01-24 11:49:33.886,3.5461480000000005
14739,2018-01-24 11:49:33.986,3.5461480000000005
14740,2018-01-24 11:49:34.086,3.5461480000000005
14741,2018-01-24 11:49:34.186,3.5461480000000005
14742,2018-01-24 11:49:34.286,3.5461480000000005
14743,2018-01-24 11:49:34.386,3.331814
14744,2018-01-24 11:49:34.486,3.331814
14745,2018-01-24 11:49:34.586,3.331814
14746,2018-01-24 11:49:34.686,3.331814
14747,2018-01-24 11:49:34.787,3.331814
14748,2018-01-24 11:49:34.886,3.331814
14749,2018-01-24 11:49:34.986,3.331814
14750,2018-01-24 11:49:35.087,3.331814
14751,2018-01-24 11:49:35.186,3.331814
14752,2018-01-24 11:49:35.286,3.331814
14753,2018-01-24 11:49:35.386,3.10571
14754,2018-01-24 11:49:35.485,3.10571
14755,2018-01-24 11:49:35.585,3.10571
14756,2018-01-24 11:49:35.685,3.10571
14757,2018-01-24 11:49:35.785,3.10571
14758,2018-01-24 11:49:35.885,3.10571
14759,2018-01-24 11:49:35.985,3.10571
14760,2018-01-24 11:49:36.085,3.10571
14761,2018-01-24 11:49:36.185,3.10571
14762,2018-01-24 11:49:36.286,3.10571
14763,2018-01-24 11:49:36.385,2.952441
14764,2018-01-24 11:49:36.485,2.952441
14765,2018-01-24 11:49:36.586,2.952441
14766,2018-01-24 11:49:36.685,2.952441
14767,2018-01-24 11:49:36.786,2.952441
14768,2018-01-24 11:49:36.886,2.952441
14769,2018-01-24 11:49:36.985,2.952441
14770,2018-01-24 11:49:37.085,2.952441
14771,2018-01-24 11:49:37.186,2.952441
14772,2018-01-24 11:49:37.286,2.952441
14773,2018-01-24 11:49:37.386,2.892116
14774,2018-01-24 11:49:37.485,2.892116
14775,2018-01-24 11:49:37.585,2.892116
14776,2018-01-24 11:49:37.685,2.892116
14777,2018-01-24 11:49:37.785,2.892116
14778,2018-01-24 11:49:37.885,2.892116
14779,2018-01-24 11:49:37.985,2.892116
14780,2018-01-24 11:49:38.085,2.892116
14781,2018-01-24 11:49:38.185,2.892116
14782,2018-01-24 11:49:38.286,2.892116
14783,2018-01-24 11:49:38.385,2.9120790000000003
14784,2018-01-24 11:49:38.486,2.9120790000000003
14785,2018-01-24 11:49:38.586,2.9120790000000003
14786,2018-01-24 11:49:38.687,2.9120790000000003
14787,2018-01-24 11:49:38.786,2.9120790000000003
14788,2018-01-24 11:49:38.887,2.9120790000000003
14789,2018-01-24 11:49:38.987,2.9120790000000003
14790,2018-01-24 11:49:39.086,2.9120790000000003
14791,2018-01-24 11:49:39.187,2.9120790000000003
14792,2018-01-24 11:49:39.287,2.9120790000000003
14793,2018-01-24 11:49:39.387,2.871862
14794,2018-01-24 11:49:39.486,2.871862
14795,2018-01-24 11:49:39.586,2.871862
14796,2018-01-24 11:49:39.686,2.871862
14797,2018-01-24 11:49:39.786,2.871862
14798,2018-01-24 11:49:39.886,2.871862
14799,2018-01-24 11:49:39.986,2.871862
14800,2018-01-24 11:49:40.087,2.871862
14801,2018-01-24 11:49:40.186,2.871862
14802,2018-01-24 11:49:40.286,2.743903
14803,2018-01-24 11:49:40.386,2.743903
14804,2018-01-24 11:49:40.485,2.743903
14805,2018-01-24 11:49:40.585,2.743903
14806,2018-01-24 11:49:40.685,2.743903
14807,2018-01-24 11:49:40.786,2.743903
14808,2018-01-24 11:49:40.885,2.743903
14809,2018-01-24 11:49:40.985,2.743903
14810,2018-01-24 11:49:41.086,2.743903
14811,2018-01-24 11:49:41.185,2.743903
14812,2018-01-24 11:49:41.285,2.743903
14813,2018-01-24 11:49:41.385,2.540822
14814,2018-01-24 11:49:41.486,2.540822
14815,2018-01-24 11:49:41.586,2.540822
14816,2018-01-24 11:49:41.686,2.540822
14817,2018-01-24 11:49:41.786,2.540822
14818,2018-01-24 11:49:41.886,2.540822
14819,2018-01-24 11:49:41.986,2.540822
14820,2018-01-24 11:49:42.086,2.540822
14821,2018-01-24 11:49:42.186,2.540822
14822,2018-01-24 11:49:42.286,2.540822
14823,2018-01-24 11:49:42.387,2.263211
14824,2018-01-24 11:49:42.486,2.263211
14825,2018-01-24 11:49:42.586,2.263211
14826,2018-01-24 11:49:42.686,2.263211
14827,2018-01-24 11:49:42.786,2.263211
14828,2018-01-24 11:49:42.886,2.263211
14829,2018-01-24 11:49:42.987,2.263211
14830,2018-01-24 11:49:43.086,2.263211
14831,2018-01-24 11:49:43.186,2.263211
14832,2018-01-24 11:49:43.286,2.263211
14833,2018-01-24 11:49:43.387,2.0206150000000003
14834,2018-01-24 11:49:43.487,2.0206150000000003
14835,2018-01-24 11:49:43.586,2.0206150000000003
14836,2018-01-24 11:49:43.686,2.0206150000000003
14837,2018-01-24 11:49:43.786,2.0206150000000003
14838,2018-01-24 11:49:43.886,2.0206150000000003
14839,2018-01-24 11:49:43.986,2.0206150000000003
14840,2018-01-24 11:49:44.086,2.0206150000000003
14841,2018-01-24 11:49:44.186,2.0206150000000003
14842,2018-01-24 11:49:44.286,2.0206150000000003
14843,2018-01-24 11:49:44.386,1.899337
14844,2018-01-24 11:49:44.486,1.899337
14845,2018-01-24 11:49:44.587,1.899337
14846,2018-01-24 11:49:44.688,1.899337
14847,2018-01-24 11:49:44.787,1.899337
14848,2018-01-24 11:49:44.887,1.899337
14849,2018-01-24 11:49:44.987,1.899337
14850,2018-01-24 11:49:45.087,1.899337
14851,2018-01-24 11:49:45.188,1.899337
14852,2018-01-24 11:49:45.288,1.899337
14853,2018-01-24 11:49:45.387,1.883511
14854,2018-01-24 11:49:45.485,1.883511
14855,2018-01-24 11:49:45.585,1.883511
14856,2018-01-24 11:49:45.685,1.883511
14857,2018-01-24 11:49:45.785,1.883511
14858,2018-01-24 11:49:45.885,1.883511
14859,2018-01-24 11:49:45.985,1.883511
14860,2018-01-24 11:49:46.085,1.883511
14861,2018-01-24 11:49:46.185,1.883511
14862,2018-01-24 11:49:46.285,1.883511
14863,2018-01-24 11:49:46.385,2.005493
14864,2018-01-24 11:49:46.485,2.005493
14865,2018-01-24 11:49:46.585,2.005493
14866,2018-01-24 11:49:46.685,2.005493
14867,2018-01-24 11:49:46.785,2.005493
14868,2018-01-24 11:49:46.885,2.005493
14869,2018-01-24 11:49:46.985,2.005493
14870,2018-01-24 11:49:47.085,2.005493
14871,2018-01-24 11:49:47.185,2.005493
14872,2018-01-24 11:49:47.285,2.005493
14873,2018-01-24 11:49:47.385,2.229642
14874,2018-01-24 11:49:47.485,2.229642
14875,2018-01-24 11:49:47.585,2.229642
14876,2018-01-24 11:49:47.685,2.229642
14877,2018-01-24 11:49:47.786,2.229642
14878,2018-01-24 11:49:47.886,2.229642
14879,2018-01-24 11:49:47.986,2.229642
14880,2018-01-24 11:49:48.086,2.229642
14881,2018-01-24 11:49:48.186,2.229642
14882,2018-01-24 11:49:48.286,2.229642
14883,2018-01-24 11:49:48.386,2.313949
14884,2018-01-24 11:49:48.486,2.313949
14885,2018-01-24 11:49:48.586,2.313949
14886,2018-01-24 11:49:48.686,2.313949
14887,2018-01-24 11:49:48.786,2.313949
14888,2018-01-24 11:49:48.886,2.313949
14889,2018-01-24 11:49:48.986,2.313949
14890,2018-01-24 11:49:49.086,2.313949
14891,2018-01-24 11:49:49.186,2.313949
14892,2018-01-24 11:49:49.286,2.16289
14893,2018-01-24 11:49:49.386,2.16289
14894,2018-01-24 11:49:49.486,2.16289
14895,2018-01-24 11:49:49.586,2.16289
14896,2018-01-24 11:49:49.686,2.16289
14897,2018-01-24 11:49:49.786,2.16289
14898,2018-01-24 11:49:49.886,2.16289
14899,2018-01-24 11:49:49.986,2.16289
14900,2018-01-24 11:49:50.086,2.16289
14901,2018-01-24 11:49:50.186,2.16289
14902,2018-01-24 11:49:50.286,2.16289
14903,2018-01-24 11:49:50.386,1.835319
14904,2018-01-24 11:49:50.485,1.835319
14905,2018-01-24 11:49:50.585,1.835319
14906,2018-01-24 11:49:50.686,1.835319
14907,2018-01-24 11:49:50.787,1.835319
14908,2018-01-24 11:49:50.887,1.835319
14909,2018-01-24 11:49:50.986,1.835319
14910,2018-01-24 11:49:51.086,1.835319
14911,2018-01-24 11:49:51.186,1.835319
14912,2018-01-24 11:49:51.286,1.835319
14913,2018-01-24 11:49:51.387,1.58302
14914,2018-01-24 11:49:51.487,1.58302
14915,2018-01-24 11:49:51.586,1.58302
14916,2018-01-24 11:49:51.686,1.58302
14917,2018-01-24 11:49:51.786,1.58302
14918,2018-01-24 11:49:51.886,1.58302
14919,2018-01-24 11:49:51.986,1.58302
14920,2018-01-24 11:49:52.086,1.58302
14921,2018-01-24 11:49:52.186,1.58302
14922,2018-01-24 11:49:52.286,1.58302
14923,2018-01-24 11:49:52.386,1.554611
14924,2018-01-24 11:49:52.486,1.554611
14925,2018-01-24 11:49:52.586,1.554611
14926,2018-01-24 11:49:52.687,1.554611
14927,2018-01-24 11:49:52.787,1.554611
14928,2018-01-24 11:49:52.886,1.554611
14929,2018-01-24 11:49:52.986,1.554611
14930,2018-01-24 11:49:53.086,1.554611
14931,2018-01-24 11:49:53.187,1.554611
14932,2018-01-24 11:49:53.287,1.554611
14933,2018-01-24 11:49:53.386,1.7961029999999998
14934,2018-01-24 11:49:53.486,1.7961029999999998
14935,2018-01-24 11:49:53.586,1.7961029999999998
14936,2018-01-24 11:49:53.687,1.7961029999999998
14937,2018-01-24 11:49:53.787,1.7961029999999998
14938,2018-01-24 11:49:53.887,1.7961029999999998
14939,2018-01-24 11:49:53.987,1.7961029999999998
14940,2018-01-24 11:49:54.087,1.7961029999999998
14941,2018-01-24 11:49:54.187,1.7961029999999998
14942,2018-01-24 11:49:54.287,1.7961029999999998
14943,2018-01-24 11:49:54.387,2.123673
14944,2018-01-24 11:49:54.487,2.123673
14945,2018-01-24 11:49:54.587,2.123673
14946,2018-01-24 11:49:54.688,2.123673
14947,2018-01-24 11:49:54.788,2.123673
14948,2018-01-24 11:49:54.888,2.123673
14949,2018-01-24 11:49:54.987,2.123673
14950,2018-01-24 11:49:55.088,2.123673
14951,2018-01-24 11:49:55.187,2.123673
14952,2018-01-24 11:49:55.288,2.123673
14953,2018-01-24 11:49:55.387,2.410841
14954,2018-01-24 11:49:55.485,2.410841
14955,2018-01-24 11:49:55.585,2.410841
14956,2018-01-24 11:49:55.685,2.410841
14957,2018-01-24 11:49:55.785,2.410841
14958,2018-01-24 11:49:55.885,2.410841
14959,2018-01-24 11:49:55.985,2.410841
14960,2018-01-24 11:49:56.085,2.410841
14961,2018-01-24 11:49:56.185,2.410841
14962,2018-01-24 11:49:56.285,2.410841
14963,2018-01-24 11:49:56.385,2.490095
14964,2018-01-24 11:49:56.485,2.490095
14965,2018-01-24 11:49:56.585,2.490095
14966,2018-01-24 11:49:56.686,2.490095
14967,2018-01-24 11:49:56.786,2.490095
14968,2018-01-24 11:49:56.886,2.490095
14969,2018-01-24 11:49:56.986,2.490095
14970,2018-01-24 11:49:57.086,2.490095
14971,2018-01-24 11:49:57.186,2.490095
14972,2018-01-24 11:49:57.286,2.490095
14973,2018-01-24 11:49:57.386,2.341805
14974,2018-01-24 11:49:57.486,2.341805
14975,2018-01-24 11:49:57.586,2.341805
14976,2018-01-24 11:49:57.686,2.341805
14977,2018-01-24 11:49:57.786,2.341805
14978,2018-01-24 11:49:57.886,2.341805
14979,2018-01-24 11:49:57.986,2.341805
14980,2018-01-24 11:49:58.086,2.341805
14981,2018-01-24 11:49:58.186,2.341805
14982,2018-01-24 11:49:58.286,2.341805
14983,2018-01-24 11:49:58.386,2.01368
14984,2018-01-24 11:49:58.486,2.01368
14985,2018-01-24 11:49:58.586,2.01368
14986,2018-01-24 11:49:58.686,2.01368
14987,2018-01-24 11:49:58.786,2.01368
14988,2018-01-24 11:49:58.886,2.01368
14989,2018-01-24 11:49:58.986,2.01368
14990,2018-01-24 11:49:59.086,2.01368
14991,2018-01-24 11:49:59.186,2.01368
14992,2018-01-24 11:49:59.286,2.01368
14993,2018-01-24 11:49:59.386,1.597078
14994,2018-01-24 11:49:59.487,1.597078
14995,2018-01-24 11:49:59.586,1.597078
14996,2018-01-24 11:49:59.686,1.597078
14997,2018-01-24 11:49:59.787,1.597078
14998,2018-01-24 11:49:59.887,1.597078
14999,2018-01-24 11:49:59.987,1.597078
15000,2018-01-24 11:50:00.087,1.597078
15001,2018-01-24 11:50:00.187,1.597078
15002,2018-01-24 11:50:00.287,1.597078
15003,2018-01-24 11:50:00.387,1.346514
15004,2018-01-24 11:50:00.486,1.346514
15005,2018-01-24 11:50:00.586,1.346514
15006,2018-01-24 11:50:00.686,1.346514
15007,2018-01-24 11:50:00.787,1.346514
15008,2018-01-24 11:50:00.886,1.346514
15009,2018-01-24 11:50:00.986,1.346514
15010,2018-01-24 11:50:01.087,1.346514
15011,2018-01-24 11:50:01.186,1.346514
15012,2018-01-24 11:50:01.286,1.346514
15013,2018-01-24 11:50:01.387,1.351017
15014,2018-01-24 11:50:01.486,1.351017
15015,2018-01-24 11:50:01.587,1.351017
15016,2018-01-24 11:50:01.686,1.351017
15017,2018-01-24 11:50:01.786,1.351017
15018,2018-01-24 11:50:01.886,1.351017
15019,2018-01-24 11:50:01.986,1.351017
15020,2018-01-24 11:50:02.086,1.351017
15021,2018-01-24 11:50:02.186,1.351017
15022,2018-01-24 11:50:02.286,1.351017
15023,2018-01-24 11:50:02.386,1.534025
15024,2018-01-24 11:50:02.486,1.534025
15025,2018-01-24 11:50:02.586,1.534025
15026,2018-01-24 11:50:02.687,1.534025
15027,2018-01-24 11:50:02.787,1.534025
15028,2018-01-24 11:50:02.887,1.534025
15029,2018-01-24 11:50:02.988,1.534025
15030,2018-01-24 11:50:03.087,1.534025
15031,2018-01-24 11:50:03.187,1.534025
15032,2018-01-24 11:50:03.287,1.534025
15033,2018-01-24 11:50:03.388,1.699987
15034,2018-01-24 11:50:03.488,1.699987
15035,2018-01-24 11:50:03.587,1.699987
15036,2018-01-24 11:50:03.687,1.699987
15037,2018-01-24 11:50:03.787,1.699987
15038,2018-01-24 11:50:03.887,1.699987
15039,2018-01-24 11:50:03.987,1.699987
15040,2018-01-24 11:50:04.087,1.699987
15041,2018-01-24 11:50:04.187,1.699987
15042,2018-01-24 11:50:04.287,1.699987
15043,2018-01-24 11:50:04.387,1.6601
15044,2018-01-24 11:50:04.487,1.6601
15045,2018-01-24 11:50:04.587,1.6601
15046,2018-01-24 11:50:04.687,1.6601
15047,2018-01-24 11:50:04.787,1.6601
15048,2018-01-24 11:50:04.888,1.6601
15049,2018-01-24 11:50:04.988,1.6601
15050,2018-01-24 11:50:05.087,1.6601
15051,2018-01-24 11:50:05.188,1.6601
15052,2018-01-24 11:50:05.287,1.6601
15053,2018-01-24 11:50:05.387,1.387469
15054,2018-01-24 11:50:05.485,1.387469
15055,2018-01-24 11:50:05.585,1.387469
15056,2018-01-24 11:50:05.686,1.387469
15057,2018-01-24 11:50:05.786,1.387469
15058,2018-01-24 11:50:05.886,1.387469
15059,2018-01-24 11:50:05.986,1.387469
15060,2018-01-24 11:50:06.086,1.387469
15061,2018-01-24 11:50:06.186,1.387469
15062,2018-01-24 11:50:06.286,1.387469
15063,2018-01-24 11:50:06.386,1.004555
15064,2018-01-24 11:50:06.486,1.004555
15065,2018-01-24 11:50:06.586,1.004555
15066,2018-01-24 11:50:06.686,1.004555
15067,2018-01-24 11:50:06.787,1.004555
15068,2018-01-24 11:50:06.886,1.004555
15069,2018-01-24 11:50:06.986,1.004555
15070,2018-01-24 11:50:07.087,1.004555
15071,2018-01-24 11:50:07.186,1.004555
15072,2018-01-24 11:50:07.287,1.004555
15073,2018-01-24 11:50:07.386,0.659867
15074,2018-01-24 11:50:07.486,0.659867
15075,2018-01-24 11:50:07.587,0.659867
15076,2018-01-24 11:50:07.686,0.659867
15077,2018-01-24 11:50:07.786,0.659867
15078,2018-01-24 11:50:07.886,0.659867
15079,2018-01-24 11:50:07.986,0.659867
15080,2018-01-24 11:50:08.086,0.659867
15081,2018-01-24 11:50:08.186,0.659867
15082,2018-01-24 11:50:08.286,0.659867
15083,2018-01-24 11:50:08.386,0.468742
15084,2018-01-24 11:50:08.486,0.468742
15085,2018-01-24 11:50:08.586,0.468742
15086,2018-01-24 11:50:08.687,0.468742
15087,2018-01-24 11:50:08.787,0.468742
15088,2018-01-24 11:50:08.888,0.468742
15089,2018-01-24 11:50:08.988,0.468742
15090,2018-01-24 11:50:09.088,0.468742
15091,2018-01-24 11:50:09.187,0.468742
15092,2018-01-24 11:50:09.287,0.475567
15093,2018-01-24 11:50:09.387,0.475567
15094,2018-01-24 11:50:09.488,0.475567
15095,2018-01-24 11:50:09.588,0.475567
15096,2018-01-24 11:50:09.687,0.475567
15097,2018-01-24 11:50:09.787,0.475567
15098,2018-01-24 11:50:09.887,0.475567
15099,2018-01-24 11:50:09.987,0.475567
15100,2018-01-24 11:50:10.087,0.475567
15101,2018-01-24 11:50:10.187,0.475567
15102,2018-01-24 11:50:10.287,0.475567
15103,2018-01-24 11:50:10.387,0.597251
15104,2018-01-24 11:50:10.486,0.597251
15105,2018-01-24 11:50:10.586,0.597251
15106,2018-01-24 11:50:10.686,0.597251
15107,2018-01-24 11:50:10.786,0.597251
15108,2018-01-24 11:50:10.886,0.597251
15109,2018-01-24 11:50:10.987,0.597251
15110,2018-01-24 11:50:11.087,0.597251
15111,2018-01-24 11:50:11.186,0.597251
15112,2018-01-24 11:50:11.286,0.597251
15113,2018-01-24 11:50:11.387,0.6884600000000001
15114,2018-01-24 11:50:11.487,0.6884600000000001
15115,2018-01-24 11:50:11.587,0.6884600000000001
15116,2018-01-24 11:50:11.686,0.6884600000000001
15117,2018-01-24 11:50:11.787,0.6884600000000001
15118,2018-01-24 11:50:11.887,0.6884600000000001
15119,2018-01-24 11:50:11.987,0.6884600000000001
15120,2018-01-24 11:50:12.087,0.6884600000000001
15121,2018-01-24 11:50:12.187,0.6884600000000001
15122,2018-01-24 11:50:12.287,0.6884600000000001
15123,2018-01-24 11:50:12.387,0.677244
15124,2018-01-24 11:50:12.487,0.677244
15125,2018-01-24 11:50:12.587,0.677244
15126,2018-01-24 11:50:12.687,0.677244
15127,2018-01-24 11:50:12.787,0.677244
15128,2018-01-24 11:50:12.887,0.677244
15129,2018-01-24 11:50:12.987,0.677244
15130,2018-01-24 11:50:13.087,0.677244
15131,2018-01-24 11:50:13.187,0.677244
15132,2018-01-24 11:50:13.287,0.677244
15133,2018-01-24 11:50:13.387,0.5938220000000001
15134,2018-01-24 11:50:13.487,0.5938220000000001
15135,2018-01-24 11:50:13.587,0.5938220000000001
15136,2018-01-24 11:50:13.687,0.5938220000000001
15137,2018-01-24 11:50:13.787,0.5938220000000001
15138,2018-01-24 11:50:13.887,0.5938220000000001
15139,2018-01-24 11:50:13.987,0.5938220000000001
15140,2018-01-24 11:50:14.087,0.5938220000000001
15141,2018-01-24 11:50:14.187,0.5938220000000001
15142,2018-01-24 11:50:14.287,0.5938220000000001
15143,2018-01-24 11:50:14.387,0.456678
15144,2018-01-24 11:50:14.487,0.456678
15145,2018-01-24 11:50:14.587,0.456678
15146,2018-01-24 11:50:14.688,0.456678
15147,2018-01-24 11:50:14.788,0.456678
15148,2018-01-24 11:50:14.888,0.456678
15149,2018-01-24 11:50:14.988,0.456678
15150,2018-01-24 11:50:15.088,0.456678
15151,2018-01-24 11:50:15.188,0.456678
15152,2018-01-24 11:50:15.288,0.456678
15153,2018-01-24 11:50:15.388,0.334809
15154,2018-01-24 11:50:15.487,0.334809
15155,2018-01-24 11:50:15.587,0.334809
15156,2018-01-24 11:50:15.687,0.334809
15157,2018-01-24 11:50:15.786,0.334809
15158,2018-01-24 11:50:15.886,0.334809
15159,2018-01-24 11:50:15.986,0.334809
15160,2018-01-24 11:50:16.086,0.334809
15161,2018-01-24 11:50:16.186,0.334809
15162,2018-01-24 11:50:16.286,0.334809
15163,2018-01-24 11:50:16.386,0.191281
15164,2018-01-24 11:50:16.486,0.191281
15165,2018-01-24 11:50:16.586,0.191281
15166,2018-01-24 11:50:16.686,0.191281
15167,2018-01-24 11:50:16.787,0.191281
15168,2018-01-24 11:50:16.886,0.191281
15169,2018-01-24 11:50:16.986,0.191281
15170,2018-01-24 11:50:17.086,0.191281
15171,2018-01-24 11:50:17.186,0.191281
15172,2018-01-24 11:50:17.286,0.191281
15173,2018-01-24 11:50:17.387,0.120364
15174,2018-01-24 11:50:17.486,0.120364
15175,2018-01-24 11:50:17.588,0.120364
15176,2018-01-24 11:50:17.686,0.120364
15177,2018-01-24 11:50:17.786,0.120364
15178,2018-01-24 11:50:17.887,0.120364
15179,2018-01-24 11:50:17.987,0.120364
15180,2018-01-24 11:50:18.087,0.120364
15181,2018-01-24 11:50:18.187,0.120364
15182,2018-01-24 11:50:18.287,0.120364
15183,2018-01-24 11:50:18.387,0.13858900000000002
15184,2018-01-24 11:50:18.487,0.13858900000000002
15185,2018-01-24 11:50:18.587,0.13858900000000002
15186,2018-01-24 11:50:18.687,0.13858900000000002
15187,2018-01-24 11:50:18.787,0.13858900000000002
15188,2018-01-24 11:50:18.888,0.13858900000000002
15189,2018-01-24 11:50:18.987,0.13858900000000002
15190,2018-01-24 11:50:19.087,0.13858900000000002
15191,2018-01-24 11:50:19.187,0.13858900000000002
15192,2018-01-24 11:50:19.288,0.13858900000000002
15193,2018-01-24 11:50:19.387,0.20979899999999999
15194,2018-01-24 11:50:19.487,0.20979899999999999
15195,2018-01-24 11:50:19.587,0.20979899999999999
15196,2018-01-24 11:50:19.688,0.20979899999999999
15197,2018-01-24 11:50:19.787,0.20979899999999999
15198,2018-01-24 11:50:19.887,0.20979899999999999
15199,2018-01-24 11:50:19.987,0.20979899999999999
15200,2018-01-24 11:50:20.087,0.20979899999999999
15201,2018-01-24 11:50:20.187,0.20979899999999999
15202,2018-01-24 11:50:20.287,0.20979899999999999
15203,2018-01-24 11:50:20.387,0.237104
15204,2018-01-24 11:50:20.486,0.237104
15205,2018-01-24 11:50:20.586,0.237104
15206,2018-01-24 11:50:20.686,0.237104
15207,2018-01-24 11:50:20.788,0.237104
15208,2018-01-24 11:50:20.888,0.237104
15209,2018-01-24 11:50:20.987,0.237104
15210,2018-01-24 11:50:21.087,0.237104
15211,2018-01-24 11:50:21.188,0.237104
15212,2018-01-24 11:50:21.288,0.237104
15213,2018-01-24 11:50:21.387,0.196483
15214,2018-01-24 11:50:21.487,0.196483
15215,2018-01-24 11:50:21.588,0.196483
15216,2018-01-24 11:50:21.688,0.196483
15217,2018-01-24 11:50:21.787,0.196483
15218,2018-01-24 11:50:21.887,0.196483
15219,2018-01-24 11:50:21.987,0.196483
15220,2018-01-24 11:50:22.087,0.196483
15221,2018-01-24 11:50:22.187,0.196483
15222,2018-01-24 11:50:22.287,0.196483
15223,2018-01-24 11:50:22.387,0.12638
15224,2018-01-24 11:50:22.487,0.12638
15225,2018-01-24 11:50:22.587,0.12638
15226,2018-01-24 11:50:22.687,0.12638
15227,2018-01-24 11:50:22.787,0.12638
15228,2018-01-24 11:50:22.888,0.12638
15229,2018-01-24 11:50:22.987,0.12638
15230,2018-01-24 11:50:23.088,0.12638
15231,2018-01-24 11:50:23.187,0.12638
15232,2018-01-24 11:50:23.287,0.12638
15233,2018-01-24 11:50:23.387,0.08224999999999999
15234,2018-01-24 11:50:23.487,0.08224999999999999
15235,2018-01-24 11:50:23.588,0.08224999999999999
15236,2018-01-24 11:50:23.687,0.08224999999999999
15237,2018-01-24 11:50:23.787,0.08224999999999999
15238,2018-01-24 11:50:23.888,0.08224999999999999
15239,2018-01-24 11:50:23.988,0.08224999999999999
15240,2018-01-24 11:50:24.088,0.08224999999999999
15241,2018-01-24 11:50:24.188,0.08224999999999999
15242,2018-01-24 11:50:24.288,0.08224999999999999
15243,2018-01-24 11:50:24.388,0.0068319999999999995
15244,2018-01-24 11:50:24.488,0.0068319999999999995
15245,2018-01-24 11:50:24.588,0.0068319999999999995
15246,2018-01-24 11:50:24.688,0.0068319999999999995
15247,2018-01-24 11:50:24.788,0.0068319999999999995
15248,2018-01-24 11:50:24.888,0.0068319999999999995
15249,2018-01-24 11:50:24.989,0.0068319999999999995
15250,2018-01-24 11:50:25.088,0.0068319999999999995
15251,2018-01-24 11:50:25.188,0.0068319999999999995
15252,2018-01-24 11:50:25.289,0.0068319999999999995
15253,2018-01-24 11:50:25.388,-0.088326
15254,2018-01-24 11:50:25.487,-0.088326
15255,2018-01-24 11:50:25.586,-0.088326
15256,2018-01-24 11:50:25.686,-0.088326
15257,2018-01-24 11:50:25.786,-0.088326
15258,2018-01-24 11:50:25.886,-0.088326
15259,2018-01-24 11:50:25.986,-0.088326
15260,2018-01-24 11:50:26.086,-0.088326
15261,2018-01-24 11:50:26.186,-0.088326
15262,2018-01-24 11:50:26.286,-0.088326
15263,2018-01-24 11:50:26.386,-0.16625199999999998
15264,2018-01-24 11:50:26.486,-0.16625199999999998
15265,2018-01-24 11:50:26.586,-0.16625199999999998
15266,2018-01-24 11:50:26.686,-0.16625199999999998
15267,2018-01-24 11:50:26.787,-0.16625199999999998
15268,2018-01-24 11:50:26.888,-0.16625199999999998
15269,2018-01-24 11:50:26.987,-0.16625199999999998
15270,2018-01-24 11:50:27.087,-0.16625199999999998
15271,2018-01-24 11:50:27.187,-0.16625199999999998
15272,2018-01-24 11:50:27.288,-0.16625199999999998
15273,2018-01-24 11:50:27.388,-0.198426
15274,2018-01-24 11:50:27.488,-0.198426
15275,2018-01-24 11:50:27.587,-0.198426
15276,2018-01-24 11:50:27.687,-0.198426
15277,2018-01-24 11:50:27.787,-0.198426
15278,2018-01-24 11:50:27.887,-0.198426
15279,2018-01-24 11:50:27.987,-0.198426
15280,2018-01-24 11:50:28.087,-0.198426
15281,2018-01-24 11:50:28.187,-0.198426
15282,2018-01-24 11:50:28.287,-0.198426
15283,2018-01-24 11:50:28.387,-0.140351
15284,2018-01-24 11:50:28.487,-0.140351
15285,2018-01-24 11:50:28.587,-0.140351
15286,2018-01-24 11:50:28.687,-0.140351
15287,2018-01-24 11:50:28.787,-0.140351
15288,2018-01-24 11:50:28.887,-0.140351
15289,2018-01-24 11:50:28.988,-0.140351
15290,2018-01-24 11:50:29.087,-0.140351
15291,2018-01-24 11:50:29.187,-0.140351
15292,2018-01-24 11:50:29.287,-0.140351
15293,2018-01-24 11:50:29.387,0.01325
15294,2018-01-24 11:50:29.488,0.01325
15295,2018-01-24 11:50:29.587,0.01325
15296,2018-01-24 11:50:29.687,0.01325
15297,2018-01-24 11:50:29.788,0.01325
15298,2018-01-24 11:50:29.888,0.01325
15299,2018-01-24 11:50:29.988,0.01325
15300,2018-01-24 11:50:30.088,0.01325
15301,2018-01-24 11:50:30.188,0.01325
15302,2018-01-24 11:50:30.288,0.01325
15303,2018-01-24 11:50:30.388,0.17024599999999998
15304,2018-01-24 11:50:30.487,0.17024599999999998
15305,2018-01-24 11:50:30.587,0.17024599999999998
15306,2018-01-24 11:50:30.687,0.17024599999999998
15307,2018-01-24 11:50:30.787,0.17024599999999998
15308,2018-01-24 11:50:30.887,0.17024599999999998
15309,2018-01-24 11:50:30.987,0.17024599999999998
15310,2018-01-24 11:50:31.087,0.17024599999999998
15311,2018-01-24 11:50:31.187,0.17024599999999998
15312,2018-01-24 11:50:31.288,0.17024599999999998
15313,2018-01-24 11:50:31.388,0.200429
15314,2018-01-24 11:50:31.487,0.200429
15315,2018-01-24 11:50:31.588,0.200429
15316,2018-01-24 11:50:31.687,0.200429
15317,2018-01-24 11:50:31.787,0.200429
15318,2018-01-24 11:50:31.887,0.200429
15319,2018-01-24 11:50:31.987,0.200429
15320,2018-01-24 11:50:32.087,0.200429
15321,2018-01-24 11:50:32.187,0.200429
15322,2018-01-24 11:50:32.287,0.200429
15323,2018-01-24 11:50:32.387,0.14316600000000002
15324,2018-01-24 11:50:32.487,0.14316600000000002
15325,2018-01-24 11:50:32.587,0.14316600000000002
15326,2018-01-24 11:50:32.687,0.14316600000000002
15327,2018-01-24 11:50:32.787,0.14316600000000002
15328,2018-01-24 11:50:32.888,0.14316600000000002
15329,2018-01-24 11:50:32.988,0.14316600000000002
15330,2018-01-24 11:50:33.089,0.14316600000000002
15331,2018-01-24 11:50:33.188,0.14316600000000002
15332,2018-01-24 11:50:33.289,0.14316600000000002
15333,2018-01-24 11:50:33.388,0.020189
15334,2018-01-24 11:50:33.488,0.020189
15335,2018-01-24 11:50:33.588,0.020189
15336,2018-01-24 11:50:33.688,0.020189
15337,2018-01-24 11:50:33.788,0.020189
15338,2018-01-24 11:50:33.888,0.020189
15339,2018-01-24 11:50:33.988,0.020189
15340,2018-01-24 11:50:34.088,0.020189
15341,2018-01-24 11:50:34.188,0.020189
15342,2018-01-24 11:50:34.288,0.020189
15343,2018-01-24 11:50:34.389,-0.099911
15344,2018-01-24 11:50:34.488,-0.099911
15345,2018-01-24 11:50:34.588,-0.099911
15346,2018-01-24 11:50:34.688,-0.099911
15347,2018-01-24 11:50:34.788,-0.099911
15348,2018-01-24 11:50:34.888,-0.099911
15349,2018-01-24 11:50:34.988,-0.099911
15350,2018-01-24 11:50:35.089,-0.099911
15351,2018-01-24 11:50:35.188,-0.099911
15352,2018-01-24 11:50:35.288,-0.099911
15353,2018-01-24 11:50:35.388,-0.09113
15354,2018-01-24 11:50:35.486,-0.09113
15355,2018-01-24 11:50:35.587,-0.09113
15356,2018-01-24 11:50:35.686,-0.09113
15357,2018-01-24 11:50:35.786,-0.09113
15358,2018-01-24 11:50:35.887,-0.09113
15359,2018-01-24 11:50:35.987,-0.09113
15360,2018-01-24 11:50:36.087,-0.09113
15361,2018-01-24 11:50:36.187,-0.09113
15362,2018-01-24 11:50:36.287,-0.09113
15363,2018-01-24 11:50:36.387,0.07224900000000001
15364,2018-01-24 11:50:36.487,0.07224900000000001
15365,2018-01-24 11:50:36.587,0.07224900000000001
15366,2018-01-24 11:50:36.687,0.07224900000000001
15367,2018-01-24 11:50:36.787,0.07224900000000001
15368,2018-01-24 11:50:36.888,0.07224900000000001
15369,2018-01-24 11:50:36.987,0.07224900000000001
15370,2018-01-24 11:50:37.087,0.07224900000000001
15371,2018-01-24 11:50:37.187,0.07224900000000001
15372,2018-01-24 11:50:37.288,0.07224900000000001
15373,2018-01-24 11:50:37.388,0.316358
15374,2018-01-24 11:50:37.487,0.316358
15375,2018-01-24 11:50:37.588,0.316358
15376,2018-01-24 11:50:37.688,0.316358
15377,2018-01-24 11:50:37.787,0.316358
15378,2018-01-24 11:50:37.887,0.316358
15379,2018-01-24 11:50:37.987,0.316358
15380,2018-01-24 11:50:38.087,0.316358
15381,2018-01-24 11:50:38.187,0.316358
15382,2018-01-24 11:50:38.287,0.316358
15383,2018-01-24 11:50:38.387,0.585889
15384,2018-01-24 11:50:38.487,0.585889
15385,2018-01-24 11:50:38.587,0.585889
15386,2018-01-24 11:50:38.687,0.585889
15387,2018-01-24 11:50:38.787,0.585889
15388,2018-01-24 11:50:38.888,0.585889
15389,2018-01-24 11:50:38.988,0.585889
15390,2018-01-24 11:50:39.088,0.585889
15391,2018-01-24 11:50:39.188,0.585889
15392,2018-01-24 11:50:39.288,0.585889
15393,2018-01-24 11:50:39.389,0.678686
15394,2018-01-24 11:50:39.488,0.678686
15395,2018-01-24 11:50:39.588,0.678686
15396,2018-01-24 11:50:39.689,0.678686
15397,2018-01-24 11:50:39.788,0.678686
15398,2018-01-24 11:50:39.888,0.678686
15399,2018-01-24 11:50:39.988,0.678686
15400,2018-01-24 11:50:40.088,0.678686
15401,2018-01-24 11:50:40.188,0.678686
15402,2018-01-24 11:50:40.288,0.678686
15403,2018-01-24 11:50:40.388,0.574012
15404,2018-01-24 11:50:40.487,0.574012
15405,2018-01-24 11:50:40.587,0.574012
15406,2018-01-24 11:50:40.687,0.574012
15407,2018-01-24 11:50:40.787,0.574012
15408,2018-01-24 11:50:40.888,0.574012
15409,2018-01-24 11:50:40.987,0.574012
15410,2018-01-24 11:50:41.087,0.574012
15411,2018-01-24 11:50:41.188,0.574012
15412,2018-01-24 11:50:41.288,0.574012
15413,2018-01-24 11:50:41.388,0.468049
15414,2018-01-24 11:50:41.488,0.468049
15415,2018-01-24 11:50:41.587,0.468049
15416,2018-01-24 11:50:41.687,0.468049
15417,2018-01-24 11:50:41.787,0.468049
15418,2018-01-24 11:50:41.888,0.468049
15419,2018-01-24 11:50:41.988,0.468049
15420,2018-01-24 11:50:42.088,0.468049
15421,2018-01-24 11:50:42.188,0.468049
15422,2018-01-24 11:50:42.288,0.468049
15423,2018-01-24 11:50:42.388,0.313782
15424,2018-01-24 11:50:42.488,0.313782
15425,2018-01-24 11:50:42.588,0.313782
15426,2018-01-24 11:50:42.688,0.313782
15427,2018-01-24 11:50:42.788,0.313782
15428,2018-01-24 11:50:42.889,0.313782
15429,2018-01-24 11:50:42.988,0.313782
15430,2018-01-24 11:50:43.088,0.313782
15431,2018-01-24 11:50:43.189,0.313782
15432,2018-01-24 11:50:43.289,0.313782
15433,2018-01-24 11:50:43.388,0.33684000000000003
15434,2018-01-24 11:50:43.489,0.33684000000000003
15435,2018-01-24 11:50:43.589,0.33684000000000003
15436,2018-01-24 11:50:43.688,0.33684000000000003
15437,2018-01-24 11:50:43.788,0.33684000000000003
15438,2018-01-24 11:50:43.888,0.33684000000000003
15439,2018-01-24 11:50:43.988,0.33684000000000003
15440,2018-01-24 11:50:44.088,0.33684000000000003
15441,2018-01-24 11:50:44.188,0.33684000000000003
15442,2018-01-24 11:50:44.288,0.33684000000000003
15443,2018-01-24 11:50:44.388,0.504386
15444,2018-01-24 11:50:44.488,0.504386
15445,2018-01-24 11:50:44.588,0.504386
15446,2018-01-24 11:50:44.688,0.504386
15447,2018-01-24 11:50:44.788,0.504386
15448,2018-01-24 11:50:44.888,0.504386
15449,2018-01-24 11:50:44.988,0.504386
15450,2018-01-24 11:50:45.089,0.504386
15451,2018-01-24 11:50:45.189,0.504386
15452,2018-01-24 11:50:45.289,0.504386
15453,2018-01-24 11:50:45.389,0.6600159999999999
15454,2018-01-24 11:50:45.487,0.6600159999999999
15455,2018-01-24 11:50:45.588,0.6600159999999999
15456,2018-01-24 11:50:45.687,0.6600159999999999
15457,2018-01-24 11:50:45.787,0.6600159999999999
15458,2018-01-24 11:50:45.887,0.6600159999999999
15459,2018-01-24 11:50:45.987,0.6600159999999999
15460,2018-01-24 11:50:46.087,0.6600159999999999
15461,2018-01-24 11:50:46.187,0.6600159999999999
15462,2018-01-24 11:50:46.287,0.6600159999999999
15463,2018-01-24 11:50:46.387,0.732668
15464,2018-01-24 11:50:46.487,0.732668
15465,2018-01-24 11:50:46.587,0.732668
15466,2018-01-24 11:50:46.687,0.732668
15467,2018-01-24 11:50:46.787,0.732668
15468,2018-01-24 11:50:46.887,0.732668
15469,2018-01-24 11:50:46.987,0.732668
15470,2018-01-24 11:50:47.087,0.732668
15471,2018-01-24 11:50:47.187,0.732668
15472,2018-01-24 11:50:47.287,0.732668
15473,2018-01-24 11:50:47.387,0.757355
15474,2018-01-24 11:50:47.487,0.757355
15475,2018-01-24 11:50:47.587,0.757355
15476,2018-01-24 11:50:47.687,0.757355
15477,2018-01-24 11:50:47.787,0.757355
15478,2018-01-24 11:50:47.887,0.757355
15479,2018-01-24 11:50:47.987,0.757355
15480,2018-01-24 11:50:48.088,0.757355
15481,2018-01-24 11:50:48.188,0.757355
15482,2018-01-24 11:50:48.288,0.757355
15483,2018-01-24 11:50:48.388,0.8154319999999999
15484,2018-01-24 11:50:48.488,0.8154319999999999
15485,2018-01-24 11:50:48.588,0.8154319999999999
15486,2018-01-24 11:50:48.688,0.8154319999999999
15487,2018-01-24 11:50:48.788,0.8154319999999999
15488,2018-01-24 11:50:48.888,0.8154319999999999
15489,2018-01-24 11:50:48.988,0.8154319999999999
15490,2018-01-24 11:50:49.089,0.8154319999999999
15491,2018-01-24 11:50:49.188,0.8154319999999999
15492,2018-01-24 11:50:49.288,0.8154319999999999
15493,2018-01-24 11:50:49.388,0.9565969999999999
15494,2018-01-24 11:50:49.488,0.9565969999999999
15495,2018-01-24 11:50:49.588,0.9565969999999999
15496,2018-01-24 11:50:49.689,0.9565969999999999
15497,2018-01-24 11:50:49.788,0.9565969999999999
15498,2018-01-24 11:50:49.888,0.9565969999999999
15499,2018-01-24 11:50:49.988,0.9565969999999999
15500,2018-01-24 11:50:50.088,0.9565969999999999
15501,2018-01-24 11:50:50.188,0.9565969999999999
15502,2018-01-24 11:50:50.288,0.9565969999999999
15503,2018-01-24 11:50:50.388,1.123109
15504,2018-01-24 11:50:50.487,1.123109
15505,2018-01-24 11:50:50.588,1.123109
15506,2018-01-24 11:50:50.687,1.123109
15507,2018-01-24 11:50:50.787,1.123109
15508,2018-01-24 11:50:50.888,1.123109
15509,2018-01-24 11:50:50.988,1.123109
15510,2018-01-24 11:50:51.088,1.123109
15511,2018-01-24 11:50:51.188,1.123109
15512,2018-01-24 11:50:51.289,1.123109
15513,2018-01-24 11:50:51.389,1.203393
15514,2018-01-24 11:50:51.488,1.203393
15515,2018-01-24 11:50:51.588,1.203393
15516,2018-01-24 11:50:51.689,1.203393
15517,2018-01-24 11:50:51.788,1.203393
15518,2018-01-24 11:50:51.888,1.203393
15519,2018-01-24 11:50:51.988,1.203393
15520,2018-01-24 11:50:52.088,1.203393
15521,2018-01-24 11:50:52.188,1.203393
15522,2018-01-24 11:50:52.288,1.203393
15523,2018-01-24 11:50:52.388,1.2447549999999998
15524,2018-01-24 11:50:52.488,1.2447549999999998
15525,2018-01-24 11:50:52.588,1.2447549999999998
15526,2018-01-24 11:50:52.688,1.2447549999999998
15527,2018-01-24 11:50:52.788,1.2447549999999998
15528,2018-01-24 11:50:52.888,1.2447549999999998
15529,2018-01-24 11:50:52.988,1.2447549999999998
15530,2018-01-24 11:50:53.089,1.2447549999999998
15531,2018-01-24 11:50:53.188,1.2447549999999998
15532,2018-01-24 11:50:53.288,1.2447549999999998
15533,2018-01-24 11:50:53.388,1.19
15534,2018-01-24 11:50:53.488,1.19
15535,2018-01-24 11:50:53.589,1.19
15536,2018-01-24 11:50:53.688,1.19
15537,2018-01-24 11:50:53.789,1.19
15538,2018-01-24 11:50:53.888,1.19
15539,2018-01-24 11:50:53.989,1.19
15540,2018-01-24 11:50:54.089,1.19
15541,2018-01-24 11:50:54.189,1.19
15542,2018-01-24 11:50:54.289,1.19
15543,2018-01-24 11:50:54.389,1.231547
15544,2018-01-24 11:50:54.489,1.231547
15545,2018-01-24 11:50:54.589,1.231547
15546,2018-01-24 11:50:54.689,1.231547
15547,2018-01-24 11:50:54.789,1.231547
15548,2018-01-24 11:50:54.890,1.231547
15549,2018-01-24 11:50:54.989,1.231547
15550,2018-01-24 11:50:55.090,1.231547
15551,2018-01-24 11:50:55.189,1.231547
15552,2018-01-24 11:50:55.289,1.231547
15553,2018-01-24 11:50:55.389,1.352495
15554,2018-01-24 11:50:55.488,1.352495
15555,2018-01-24 11:50:55.587,1.352495
15556,2018-01-24 11:50:55.687,1.352495
15557,2018-01-24 11:50:55.787,1.352495
15558,2018-01-24 11:50:55.887,1.352495
15559,2018-01-24 11:50:55.987,1.352495
15560,2018-01-24 11:50:56.087,1.352495
15561,2018-01-24 11:50:56.187,1.352495
15562,2018-01-24 11:50:56.287,1.352495
15563,2018-01-24 11:50:56.387,1.519451
15564,2018-01-24 11:50:56.487,1.519451
15565,2018-01-24 11:50:56.587,1.519451
15566,2018-01-24 11:50:56.687,1.519451
15567,2018-01-24 11:50:56.787,1.519451
15568,2018-01-24 11:50:56.887,1.519451
15569,2018-01-24 11:50:56.987,1.519451
15570,2018-01-24 11:50:57.088,1.519451
15571,2018-01-24 11:50:57.189,1.519451
15572,2018-01-24 11:50:57.289,1.659066
15573,2018-01-24 11:50:57.388,1.659066
15574,2018-01-24 11:50:57.489,1.659066
15575,2018-01-24 11:50:57.589,1.659066
15576,2018-01-24 11:50:57.689,1.659066
15577,2018-01-24 11:50:57.789,1.659066
15578,2018-01-24 11:50:57.888,1.659066
15579,2018-01-24 11:50:57.988,1.659066
15580,2018-01-24 11:50:58.088,1.659066
15581,2018-01-24 11:50:58.188,1.659066
15582,2018-01-24 11:50:58.288,1.659066
15583,2018-01-24 11:50:58.388,1.704929
15584,2018-01-24 11:50:58.488,1.704929
15585,2018-01-24 11:50:58.588,1.704929
15586,2018-01-24 11:50:58.688,1.704929
15587,2018-01-24 11:50:58.788,1.704929
15588,2018-01-24 11:50:58.888,1.704929
15589,2018-01-24 11:50:58.988,1.704929
15590,2018-01-24 11:50:59.089,1.704929
15591,2018-01-24 11:50:59.188,1.704929
15592,2018-01-24 11:50:59.288,1.704929
15593,2018-01-24 11:50:59.389,1.758429
15594,2018-01-24 11:50:59.488,1.758429
15595,2018-01-24 11:50:59.588,1.758429
15596,2018-01-24 11:50:59.688,1.758429
15597,2018-01-24 11:50:59.788,1.758429
15598,2018-01-24 11:50:59.888,1.758429
15599,2018-01-24 11:50:59.988,1.758429
15600,2018-01-24 11:51:00.089,1.758429
15601,2018-01-24 11:51:00.189,1.758429
15602,2018-01-24 11:51:00.289,1.758429
15603,2018-01-24 11:51:00.389,1.93594
15604,2018-01-24 11:51:00.488,1.93594
15605,2018-01-24 11:51:00.588,1.93594
15606,2018-01-24 11:51:00.688,1.93594
15607,2018-01-24 11:51:00.788,1.93594
15608,2018-01-24 11:51:00.888,1.93594
15609,2018-01-24 11:51:00.988,1.93594
15610,2018-01-24 11:51:01.089,1.93594
15611,2018-01-24 11:51:01.188,1.93594
15612,2018-01-24 11:51:01.288,1.93594
15613,2018-01-24 11:51:01.388,2.145476
15614,2018-01-24 11:51:01.489,2.145476
15615,2018-01-24 11:51:01.588,2.145476
15616,2018-01-24 11:51:01.688,2.145476
15617,2018-01-24 11:51:01.788,2.145476
15618,2018-01-24 11:51:01.888,2.145476
15619,2018-01-24 11:51:01.988,2.145476
15620,2018-01-24 11:51:02.088,2.145476
15621,2018-01-24 11:51:02.188,2.145476
15622,2018-01-24 11:51:02.288,2.145476
15623,2018-01-24 11:51:02.388,2.392833
15624,2018-01-24 11:51:02.488,2.392833
15625,2018-01-24 11:51:02.588,2.392833
15626,2018-01-24 11:51:02.688,2.392833
15627,2018-01-24 11:51:02.788,2.392833
15628,2018-01-24 11:51:02.888,2.392833
15629,2018-01-24 11:51:02.988,2.392833
15630,2018-01-24 11:51:03.089,2.392833
15631,2018-01-24 11:51:03.190,2.392833
15632,2018-01-24 11:51:03.289,2.392833
15633,2018-01-24 11:51:03.390,2.483784
15634,2018-01-24 11:51:03.489,2.483784
15635,2018-01-24 11:51:03.589,2.483784
15636,2018-01-24 11:51:03.689,2.483784
15637,2018-01-24 11:51:03.790,2.483784
15638,2018-01-24 11:51:03.889,2.483784
15639,2018-01-24 11:51:03.989,2.483784
15640,2018-01-24 11:51:04.089,2.483784
15641,2018-01-24 11:51:04.189,2.483784
15642,2018-01-24 11:51:04.289,2.483784
15643,2018-01-24 11:51:04.389,2.381838
15644,2018-01-24 11:51:04.489,2.381838
15645,2018-01-24 11:51:04.589,2.381838
15646,2018-01-24 11:51:04.689,2.381838
15647,2018-01-24 11:51:04.789,2.381838
15648,2018-01-24 11:51:04.889,2.381838
15649,2018-01-24 11:51:04.989,2.381838
15650,2018-01-24 11:51:05.089,2.381838
15651,2018-01-24 11:51:05.189,2.381838
15652,2018-01-24 11:51:05.289,2.381838
15653,2018-01-24 11:51:05.389,2.33701
15654,2018-01-24 11:51:05.487,2.33701
15655,2018-01-24 11:51:05.587,2.33701
15656,2018-01-24 11:51:05.687,2.33701
15657,2018-01-24 11:51:05.787,2.33701
15658,2018-01-24 11:51:05.887,2.33701
15659,2018-01-24 11:51:05.987,2.33701
15660,2018-01-24 11:51:06.087,2.33701
15661,2018-01-24 11:51:06.188,2.33701
15662,2018-01-24 11:51:06.288,2.303028
15663,2018-01-24 11:51:06.388,2.303028
15664,2018-01-24 11:51:06.488,2.303028
15665,2018-01-24 11:51:06.588,2.303028
15666,2018-01-24 11:51:06.688,2.303028
15667,2018-01-24 11:51:06.788,2.303028
15668,2018-01-24 11:51:06.888,2.303028
15669,2018-01-24 11:51:06.988,2.303028
15670,2018-01-24 11:51:07.088,2.303028
15671,2018-01-24 11:51:07.188,2.303028
15672,2018-01-24 11:51:07.288,2.303028
15673,2018-01-24 11:51:07.389,2.3761200000000002
15674,2018-01-24 11:51:07.488,2.3761200000000002
15675,2018-01-24 11:51:07.588,2.3761200000000002
15676,2018-01-24 11:51:07.689,2.3761200000000002
15677,2018-01-24 11:51:07.788,2.3761200000000002
15678,2018-01-24 11:51:07.888,2.3761200000000002
15679,2018-01-24 11:51:07.988,2.3761200000000002
15680,2018-01-24 11:51:08.088,2.3761200000000002
15681,2018-01-24 11:51:08.188,2.3761200000000002
15682,2018-01-24 11:51:08.288,2.3761200000000002
15683,2018-01-24 11:51:08.388,2.578867
15684,2018-01-24 11:51:08.488,2.578867
15685,2018-01-24 11:51:08.588,2.578867
15686,2018-01-24 11:51:08.688,2.578867
15687,2018-01-24 11:51:08.788,2.578867
15688,2018-01-24 11:51:08.888,2.578867
15689,2018-01-24 11:51:08.988,2.578867
15690,2018-01-24 11:51:09.089,2.578867
15691,2018-01-24 11:51:09.189,2.578867
15692,2018-01-24 11:51:09.289,2.578867
15693,2018-01-24 11:51:09.389,2.761396
15694,2018-01-24 11:51:09.489,2.761396
15695,2018-01-24 11:51:09.589,2.761396
15696,2018-01-24 11:51:09.689,2.761396
15697,2018-01-24 11:51:09.789,2.761396
15698,2018-01-24 11:51:09.889,2.761396
15699,2018-01-24 11:51:09.989,2.761396
15700,2018-01-24 11:51:10.089,2.761396
15701,2018-01-24 11:51:10.189,2.761396
15702,2018-01-24 11:51:10.289,2.761396
15703,2018-01-24 11:51:10.389,2.984624
15704,2018-01-24 11:51:10.488,2.984624
15705,2018-01-24 11:51:10.588,2.984624
15706,2018-01-24 11:51:10.688,2.984624
15707,2018-01-24 11:51:10.788,2.984624
15708,2018-01-24 11:51:10.888,2.984624
15709,2018-01-24 11:51:10.988,2.984624
15710,2018-01-24 11:51:11.088,2.984624
15711,2018-01-24 11:51:11.189,2.984624
15712,2018-01-24 11:51:11.288,2.984624
15713,2018-01-24 11:51:11.389,3.144203
15714,2018-01-24 11:51:11.488,3.144203
15715,2018-01-24 11:51:11.589,3.144203
15716,2018-01-24 11:51:11.688,3.144203
15717,2018-01-24 11:51:11.789,3.144203
15718,2018-01-24 11:51:11.888,3.144203
15719,2018-01-24 11:51:11.988,3.144203
15720,2018-01-24 11:51:12.088,3.144203
15721,2018-01-24 11:51:12.188,3.144203
15722,2018-01-24 11:51:12.289,3.144203
15723,2018-01-24 11:51:12.389,3.216594
15724,2018-01-24 11:51:12.489,3.216594
15725,2018-01-24 11:51:12.589,3.216594
15726,2018-01-24 11:51:12.689,3.216594
15727,2018-01-24 11:51:12.789,3.216594
15728,2018-01-24 11:51:12.889,3.216594
15729,2018-01-24 11:51:12.990,3.216594
15730,2018-01-24 11:51:13.089,3.216594
15731,2018-01-24 11:51:13.189,3.216594
15732,2018-01-24 11:51:13.289,3.2429360000000003
15733,2018-01-24 11:51:13.389,3.2429360000000003
15734,2018-01-24 11:51:13.489,3.2429360000000003
15735,2018-01-24 11:51:13.590,3.2429360000000003
15736,2018-01-24 11:51:13.689,3.2429360000000003
15737,2018-01-24 11:51:13.789,3.2429360000000003
15738,2018-01-24 11:51:13.889,3.2429360000000003
15739,2018-01-24 11:51:13.989,3.2429360000000003
15740,2018-01-24 11:51:14.089,3.2429360000000003
15741,2018-01-24 11:51:14.189,3.2429360000000003
15742,2018-01-24 11:51:14.289,3.2429360000000003
15743,2018-01-24 11:51:14.389,3.23799
15744,2018-01-24 11:51:14.489,3.23799
15745,2018-01-24 11:51:14.589,3.23799
15746,2018-01-24 11:51:14.689,3.23799
15747,2018-01-24 11:51:14.789,3.23799
15748,2018-01-24 11:51:14.889,3.23799
15749,2018-01-24 11:51:14.989,3.23799
15750,2018-01-24 11:51:15.089,3.23799
15751,2018-01-24 11:51:15.190,3.23799
15752,2018-01-24 11:51:15.290,3.23799
15753,2018-01-24 11:51:15.390,3.273448
15754,2018-01-24 11:51:15.488,3.273448
15755,2018-01-24 11:51:15.588,3.273448
15756,2018-01-24 11:51:15.688,3.273448
15757,2018-01-24 11:51:15.789,3.273448
15758,2018-01-24 11:51:15.888,3.273448
15759,2018-01-24 11:51:15.988,3.273448
15760,2018-01-24 11:51:16.088,3.273448
15761,2018-01-24 11:51:16.188,3.273448
15762,2018-01-24 11:51:16.288,3.273448
15763,2018-01-24 11:51:16.388,3.465205
15764,2018-01-24 11:51:16.488,3.465205
15765,2018-01-24 11:51:16.588,3.465205
15766,2018-01-24 11:51:16.688,3.465205
15767,2018-01-24 11:51:16.788,3.465205
15768,2018-01-24 11:51:16.888,3.465205
15769,2018-01-24 11:51:16.988,3.465205
15770,2018-01-24 11:51:17.088,3.465205
15771,2018-01-24 11:51:17.188,3.465205
15772,2018-01-24 11:51:17.288,3.465205
15773,2018-01-24 11:51:17.388,3.539073
15774,2018-01-24 11:51:17.488,3.539073
15775,2018-01-24 11:51:17.588,3.539073
15776,2018-01-24 11:51:17.688,3.539073
15777,2018-01-24 11:51:17.788,3.539073
15778,2018-01-24 11:51:17.888,3.539073
15779,2018-01-24 11:51:17.988,3.539073
15780,2018-01-24 11:51:18.088,3.539073
15781,2018-01-24 11:51:18.188,3.539073
15782,2018-01-24 11:51:18.289,3.539073
15783,2018-01-24 11:51:18.389,3.658473
15784,2018-01-24 11:51:18.489,3.658473
15785,2018-01-24 11:51:18.589,3.658473
15786,2018-01-24 11:51:18.689,3.658473
15787,2018-01-24 11:51:18.789,3.658473
15788,2018-01-24 11:51:18.889,3.658473
15789,2018-01-24 11:51:18.989,3.658473
15790,2018-01-24 11:51:19.089,3.658473
15791,2018-01-24 11:51:19.189,3.658473
15792,2018-01-24 11:51:19.289,3.658473
15793,2018-01-24 11:51:19.389,3.685702
15794,2018-01-24 11:51:19.489,3.685702
15795,2018-01-24 11:51:19.589,3.685702
15796,2018-01-24 11:51:19.689,3.685702
15797,2018-01-24 11:51:19.789,3.685702
15798,2018-01-24 11:51:19.889,3.685702
15799,2018-01-24 11:51:19.989,3.685702
15800,2018-01-24 11:51:20.089,3.685702
15801,2018-01-24 11:51:20.189,3.685702
15802,2018-01-24 11:51:20.289,3.685702
15803,2018-01-24 11:51:20.389,3.604602
15804,2018-01-24 11:51:20.488,3.604602
15805,2018-01-24 11:51:20.588,3.604602
15806,2018-01-24 11:51:20.688,3.604602
15807,2018-01-24 11:51:20.788,3.604602
15808,2018-01-24 11:51:20.888,3.604602
15809,2018-01-24 11:51:20.988,3.604602
15810,2018-01-24 11:51:21.088,3.604602
15811,2018-01-24 11:51:21.189,3.604602
15812,2018-01-24 11:51:21.290,3.604602
15813,2018-01-24 11:51:21.390,3.565233
15814,2018-01-24 11:51:21.489,3.565233
15815,2018-01-24 11:51:21.589,3.565233
15816,2018-01-24 11:51:21.689,3.565233
15817,2018-01-24 11:51:21.790,3.565233
15818,2018-01-24 11:51:21.889,3.565233
15819,2018-01-24 11:51:21.989,3.565233
15820,2018-01-24 11:51:22.089,3.565233
15821,2018-01-24 11:51:22.189,3.565233
15822,2018-01-24 11:51:22.289,3.565233
15823,2018-01-24 11:51:22.389,3.523833
15824,2018-01-24 11:51:22.489,3.523833
15825,2018-01-24 11:51:22.589,3.523833
15826,2018-01-24 11:51:22.689,3.523833
15827,2018-01-24 11:51:22.789,3.523833
15828,2018-01-24 11:51:22.889,3.523833
15829,2018-01-24 11:51:22.989,3.523833
15830,2018-01-24 11:51:23.089,3.523833
15831,2018-01-24 11:51:23.190,3.523833
15832,2018-01-24 11:51:23.290,3.523833
15833,2018-01-24 11:51:23.389,3.525753
15834,2018-01-24 11:51:23.489,3.525753
15835,2018-01-24 11:51:23.589,3.525753
15836,2018-01-24 11:51:23.689,3.525753
15837,2018-01-24 11:51:23.789,3.525753
15838,2018-01-24 11:51:23.889,3.525753
15839,2018-01-24 11:51:23.989,3.525753
15840,2018-01-24 11:51:24.089,3.525753
15841,2018-01-24 11:51:24.190,3.525753
15842,2018-01-24 11:51:24.290,3.525753
15843,2018-01-24 11:51:24.390,3.370307
15844,2018-01-24 11:51:24.490,3.370307
15845,2018-01-24 11:51:24.590,3.370307
15846,2018-01-24 11:51:24.690,3.370307
15847,2018-01-24 11:51:24.790,3.370307
15848,2018-01-24 11:51:24.890,3.370307
15849,2018-01-24 11:51:24.990,3.370307
15850,2018-01-24 11:51:25.090,3.370307
15851,2018-01-24 11:51:25.190,3.370307
15852,2018-01-24 11:51:25.290,3.370307
15853,2018-01-24 11:51:25.390,3.187262
15854,2018-01-24 11:51:25.488,3.187262
15855,2018-01-24 11:51:25.588,3.187262
15856,2018-01-24 11:51:25.688,3.187262
15857,2018-01-24 11:51:25.789,3.187262
15858,2018-01-24 11:51:25.888,3.187262
15859,2018-01-24 11:51:25.988,3.187262
15860,2018-01-24 11:51:26.088,3.187262
15861,2018-01-24 11:51:26.188,3.187262
15862,2018-01-24 11:51:26.288,3.187262
15863,2018-01-24 11:51:26.388,3.035542
15864,2018-01-24 11:51:26.488,3.035542
15865,2018-01-24 11:51:26.588,3.035542
15866,2018-01-24 11:51:26.688,3.035542
15867,2018-01-24 11:51:26.788,3.035542
15868,2018-01-24 11:51:26.888,3.035542
15869,2018-01-24 11:51:26.988,3.035542
15870,2018-01-24 11:51:27.089,3.035542
15871,2018-01-24 11:51:27.190,3.035542
15872,2018-01-24 11:51:27.289,3.035542
15873,2018-01-24 11:51:27.390,2.941824
15874,2018-01-24 11:51:27.490,2.941824
15875,2018-01-24 11:51:27.589,2.941824
15876,2018-01-24 11:51:27.690,2.941824
15877,2018-01-24 11:51:27.790,2.941824
15878,2018-01-24 11:51:27.889,2.941824
15879,2018-01-24 11:51:27.989,2.941824
15880,2018-01-24 11:51:28.089,2.941824
15881,2018-01-24 11:51:28.189,2.941824
15882,2018-01-24 11:51:28.289,2.941824
15883,2018-01-24 11:51:28.389,2.8709439999999997
15884,2018-01-24 11:51:28.489,2.8709439999999997
15885,2018-01-24 11:51:28.589,2.8709439999999997
15886,2018-01-24 11:51:28.689,2.8709439999999997
15887,2018-01-24 11:51:28.789,2.8709439999999997
15888,2018-01-24 11:51:28.889,2.8709439999999997
15889,2018-01-24 11:51:28.989,2.8709439999999997
15890,2018-01-24 11:51:29.089,2.8709439999999997
15891,2018-01-24 11:51:29.189,2.8709439999999997
15892,2018-01-24 11:51:29.289,2.8709439999999997
15893,2018-01-24 11:51:29.389,2.7597
15894,2018-01-24 11:51:29.489,2.7597
15895,2018-01-24 11:51:29.589,2.7597
15896,2018-01-24 11:51:29.689,2.7597
15897,2018-01-24 11:51:29.789,2.7597
15898,2018-01-24 11:51:29.890,2.7597
15899,2018-01-24 11:51:29.989,2.7597
15900,2018-01-24 11:51:30.089,2.7597
15901,2018-01-24 11:51:30.189,2.7597
15902,2018-01-24 11:51:30.290,2.7597
15903,2018-01-24 11:51:30.390,2.594586
15904,2018-01-24 11:51:30.489,2.594586
15905,2018-01-24 11:51:30.589,2.594586
15906,2018-01-24 11:51:30.689,2.594586
15907,2018-01-24 11:51:30.789,2.594586
15908,2018-01-24 11:51:30.889,2.594586
15909,2018-01-24 11:51:30.989,2.594586
15910,2018-01-24 11:51:31.090,2.594586
15911,2018-01-24 11:51:31.190,2.594586
15912,2018-01-24 11:51:31.289,2.594586
15913,2018-01-24 11:51:31.389,2.398701
15914,2018-01-24 11:51:31.490,2.398701
15915,2018-01-24 11:51:31.589,2.398701
15916,2018-01-24 11:51:31.689,2.398701
15917,2018-01-24 11:51:31.789,2.398701
15918,2018-01-24 11:51:31.889,2.398701
15919,2018-01-24 11:51:31.989,2.398701
15920,2018-01-24 11:51:32.089,2.398701
15921,2018-01-24 11:51:32.189,2.398701
15922,2018-01-24 11:51:32.289,2.398701
15923,2018-01-24 11:51:32.389,2.26019
15924,2018-01-24 11:51:32.489,2.26019
15925,2018-01-24 11:51:32.589,2.26019
15926,2018-01-24 11:51:32.689,2.26019
15927,2018-01-24 11:51:32.789,2.26019
15928,2018-01-24 11:51:32.890,2.26019
15929,2018-01-24 11:51:32.989,2.26019
15930,2018-01-24 11:51:33.089,2.26019
15931,2018-01-24 11:51:33.189,2.26019
15932,2018-01-24 11:51:33.291,2.26019
15933,2018-01-24 11:51:33.390,2.098694
15934,2018-01-24 11:51:33.490,2.098694
15935,2018-01-24 11:51:33.591,2.098694
15936,2018-01-24 11:51:33.691,2.098694
15937,2018-01-24 11:51:33.790,2.098694
15938,2018-01-24 11:51:33.891,2.098694
15939,2018-01-24 11:51:33.991,2.098694
15940,2018-01-24 11:51:34.090,2.098694
15941,2018-01-24 11:51:34.190,2.098694
15942,2018-01-24 11:51:34.290,2.098694
15943,2018-01-24 11:51:34.390,1.875065
15944,2018-01-24 11:51:34.490,1.875065
15945,2018-01-24 11:51:34.591,1.875065
15946,2018-01-24 11:51:34.691,1.875065
15947,2018-01-24 11:51:34.790,1.875065
15948,2018-01-24 11:51:34.890,1.875065
15949,2018-01-24 11:51:34.990,1.875065
15950,2018-01-24 11:51:35.090,1.875065
15951,2018-01-24 11:51:35.191,1.875065
15952,2018-01-24 11:51:35.290,1.875065
15953,2018-01-24 11:51:35.391,1.636455
15954,2018-01-24 11:51:35.488,1.636455
15955,2018-01-24 11:51:35.588,1.636455
15956,2018-01-24 11:51:35.688,1.636455
15957,2018-01-24 11:51:35.788,1.636455
15958,2018-01-24 11:51:35.888,1.636455
15959,2018-01-24 11:51:35.988,1.636455
15960,2018-01-24 11:51:36.088,1.636455
15961,2018-01-24 11:51:36.189,1.636455
15962,2018-01-24 11:51:36.289,1.636455
15963,2018-01-24 11:51:36.389,1.512298
15964,2018-01-24 11:51:36.489,1.512298
15965,2018-01-24 11:51:36.589,1.512298
15966,2018-01-24 11:51:36.689,1.512298
15967,2018-01-24 11:51:36.789,1.512298
15968,2018-01-24 11:51:36.889,1.512298
15969,2018-01-24 11:51:36.989,1.512298
15970,2018-01-24 11:51:37.089,1.512298
15971,2018-01-24 11:51:37.189,1.512298
15972,2018-01-24 11:51:37.289,1.512298
15973,2018-01-24 11:51:37.389,1.59967
15974,2018-01-24 11:51:37.489,1.59967
15975,2018-01-24 11:51:37.589,1.59967
15976,2018-01-24 11:51:37.689,1.59967
15977,2018-01-24 11:51:37.789,1.59967
15978,2018-01-24 11:51:37.889,1.59967
15979,2018-01-24 11:51:37.989,1.59967
15980,2018-01-24 11:51:38.089,1.59967
15981,2018-01-24 11:51:38.189,1.59967
15982,2018-01-24 11:51:38.289,1.59967
15983,2018-01-24 11:51:38.389,1.772382
15984,2018-01-24 11:51:38.489,1.772382
15985,2018-01-24 11:51:38.589,1.772382
15986,2018-01-24 11:51:38.689,1.772382
15987,2018-01-24 11:51:38.789,1.772382
15988,2018-01-24 11:51:38.889,1.772382
15989,2018-01-24 11:51:38.989,1.772382
15990,2018-01-24 11:51:39.090,1.772382
15991,2018-01-24 11:51:39.189,1.772382
15992,2018-01-24 11:51:39.289,1.772382
15993,2018-01-24 11:51:39.389,1.886248
15994,2018-01-24 11:51:39.490,1.886248
15995,2018-01-24 11:51:39.591,1.886248
15996,2018-01-24 11:51:39.690,1.886248
15997,2018-01-24 11:51:39.790,1.886248
15998,2018-01-24 11:51:39.890,1.886248
15999,2018-01-24 11:51:39.990,1.886248
16000,2018-01-24 11:51:40.090,1.886248
16001,2018-01-24 11:51:40.190,1.886248
16002,2018-01-24 11:51:40.290,1.886248
16003,2018-01-24 11:51:40.390,1.737741
16004,2018-01-24 11:51:40.489,1.737741
16005,2018-01-24 11:51:40.589,1.737741
16006,2018-01-24 11:51:40.689,1.737741
16007,2018-01-24 11:51:40.789,1.737741
16008,2018-01-24 11:51:40.889,1.737741
16009,2018-01-24 11:51:40.989,1.737741
16010,2018-01-24 11:51:41.089,1.737741
16011,2018-01-24 11:51:41.189,1.737741
16012,2018-01-24 11:51:41.289,1.737741
16013,2018-01-24 11:51:41.389,1.454855
16014,2018-01-24 11:51:41.489,1.454855
16015,2018-01-24 11:51:41.590,1.454855
16016,2018-01-24 11:51:41.689,1.454855
16017,2018-01-24 11:51:41.790,1.454855
16018,2018-01-24 11:51:41.890,1.454855
16019,2018-01-24 11:51:41.990,1.454855
16020,2018-01-24 11:51:42.089,1.454855
16021,2018-01-24 11:51:42.189,1.454855
16022,2018-01-24 11:51:42.290,1.454855
16023,2018-01-24 11:51:42.390,1.237348
16024,2018-01-24 11:51:42.490,1.237348
16025,2018-01-24 11:51:42.590,1.237348
16026,2018-01-24 11:51:42.690,1.237348
16027,2018-01-24 11:51:42.790,1.237348
16028,2018-01-24 11:51:42.890,1.237348
16029,2018-01-24 11:51:42.990,1.237348
16030,2018-01-24 11:51:43.091,1.237348
16031,2018-01-24 11:51:43.190,1.237348
16032,2018-01-24 11:51:43.290,1.237348
16033,2018-01-24 11:51:43.391,1.155877
16034,2018-01-24 11:51:43.490,1.155877
16035,2018-01-24 11:51:43.590,1.155877
16036,2018-01-24 11:51:43.691,1.155877
16037,2018-01-24 11:51:43.791,1.155877
16038,2018-01-24 11:51:43.890,1.155877
16039,2018-01-24 11:51:43.990,1.155877
16040,2018-01-24 11:51:44.090,1.155877
16041,2018-01-24 11:51:44.190,1.155877
16042,2018-01-24 11:51:44.290,1.155877
16043,2018-01-24 11:51:44.390,1.204468
16044,2018-01-24 11:51:44.490,1.204468
16045,2018-01-24 11:51:44.590,1.204468
16046,2018-01-24 11:51:44.690,1.204468
16047,2018-01-24 11:51:44.790,1.204468
16048,2018-01-24 11:51:44.890,1.204468
16049,2018-01-24 11:51:44.990,1.204468
16050,2018-01-24 11:51:45.090,1.204468
16051,2018-01-24 11:51:45.192,1.204468
16052,2018-01-24 11:51:45.291,1.204468
16053,2018-01-24 11:51:45.391,1.425258
16054,2018-01-24 11:51:45.489,1.425258
16055,2018-01-24 11:51:45.589,1.425258
16056,2018-01-24 11:51:45.690,1.425258
16057,2018-01-24 11:51:45.789,1.425258
16058,2018-01-24 11:51:45.890,1.425258
16059,2018-01-24 11:51:45.989,1.425258
16060,2018-01-24 11:51:46.089,1.425258
16061,2018-01-24 11:51:46.189,1.425258
16062,2018-01-24 11:51:46.289,1.425258
16063,2018-01-24 11:51:46.389,1.696673
16064,2018-01-24 11:51:46.489,1.696673
16065,2018-01-24 11:51:46.589,1.696673
16066,2018-01-24 11:51:46.689,1.696673
16067,2018-01-24 11:51:46.789,1.696673
16068,2018-01-24 11:51:46.889,1.696673
16069,2018-01-24 11:51:46.989,1.696673
16070,2018-01-24 11:51:47.089,1.696673
16071,2018-01-24 11:51:47.189,1.696673
16072,2018-01-24 11:51:47.290,1.696673
16073,2018-01-24 11:51:47.389,1.831902
16074,2018-01-24 11:51:47.490,1.831902
16075,2018-01-24 11:51:47.589,1.831902
16076,2018-01-24 11:51:47.689,1.831902
16077,2018-01-24 11:51:47.789,1.831902
16078,2018-01-24 11:51:47.890,1.831902
16079,2018-01-24 11:51:47.989,1.831902
16080,2018-01-24 11:51:48.089,1.831902
16081,2018-01-24 11:51:48.189,1.831902
16082,2018-01-24 11:51:48.289,1.831902
16083,2018-01-24 11:51:48.390,1.7869279999999998
16084,2018-01-24 11:51:48.490,1.7869279999999998
16085,2018-01-24 11:51:48.590,1.7869279999999998
16086,2018-01-24 11:51:48.690,1.7869279999999998
16087,2018-01-24 11:51:48.790,1.7869279999999998
16088,2018-01-24 11:51:48.890,1.7869279999999998
16089,2018-01-24 11:51:48.990,1.7869279999999998
16090,2018-01-24 11:51:49.090,1.7869279999999998
16091,2018-01-24 11:51:49.191,1.7869279999999998
16092,2018-01-24 11:51:49.290,1.7869279999999998
16093,2018-01-24 11:51:49.390,1.619602
16094,2018-01-24 11:51:49.490,1.619602
16095,2018-01-24 11:51:49.590,1.619602
16096,2018-01-24 11:51:49.690,1.619602
16097,2018-01-24 11:51:49.790,1.619602
16098,2018-01-24 11:51:49.891,1.619602
16099,2018-01-24 11:51:49.990,1.619602
16100,2018-01-24 11:51:50.090,1.619602
16101,2018-01-24 11:51:50.191,1.619602
16102,2018-01-24 11:51:50.290,1.619602
16103,2018-01-24 11:51:50.390,1.4304299999999999
16104,2018-01-24 11:51:50.489,1.4304299999999999
16105,2018-01-24 11:51:50.589,1.4304299999999999
16106,2018-01-24 11:51:50.689,1.4304299999999999
16107,2018-01-24 11:51:50.789,1.4304299999999999
16108,2018-01-24 11:51:50.889,1.4304299999999999
16109,2018-01-24 11:51:50.989,1.4304299999999999
16110,2018-01-24 11:51:51.090,1.4304299999999999
16111,2018-01-24 11:51:51.189,1.4304299999999999
16112,2018-01-24 11:51:51.289,1.4304299999999999
16113,2018-01-24 11:51:51.390,1.339365
16114,2018-01-24 11:51:51.490,1.339365
16115,2018-01-24 11:51:51.590,1.339365
16116,2018-01-24 11:51:51.690,1.339365
16117,2018-01-24 11:51:51.790,1.339365
16118,2018-01-24 11:51:51.891,1.339365
16119,2018-01-24 11:51:51.990,1.339365
16120,2018-01-24 11:51:52.090,1.339365
16121,2018-01-24 11:51:52.190,1.339365
16122,2018-01-24 11:51:52.290,1.339365
16123,2018-01-24 11:51:52.390,1.3898
16124,2018-01-24 11:51:52.490,1.3898
16125,2018-01-24 11:51:52.590,1.3898
16126,2018-01-24 11:51:52.690,1.3898
16127,2018-01-24 11:51:52.790,1.3898
16128,2018-01-24 11:51:52.890,1.3898
16129,2018-01-24 11:51:52.990,1.3898
16130,2018-01-24 11:51:53.091,1.3898
16131,2018-01-24 11:51:53.190,1.3898
16132,2018-01-24 11:51:53.290,1.3898
16133,2018-01-24 11:51:53.391,1.560964
16134,2018-01-24 11:51:53.491,1.560964
16135,2018-01-24 11:51:53.590,1.560964
16136,2018-01-24 11:51:53.690,1.560964
16137,2018-01-24 11:51:53.790,1.560964
16138,2018-01-24 11:51:53.890,1.560964
16139,2018-01-24 11:51:53.991,1.560964
16140,2018-01-24 11:51:54.090,1.560964
16141,2018-01-24 11:51:54.191,1.560964
16142,2018-01-24 11:51:54.290,1.560964
16143,2018-01-24 11:51:54.391,1.7066729999999999
16144,2018-01-24 11:51:54.491,1.7066729999999999
16145,2018-01-24 11:51:54.591,1.7066729999999999
16146,2018-01-24 11:51:54.691,1.7066729999999999
16147,2018-01-24 11:51:54.791,1.7066729999999999
16148,2018-01-24 11:51:54.891,1.7066729999999999
16149,2018-01-24 11:51:54.991,1.7066729999999999
16150,2018-01-24 11:51:55.091,1.7066729999999999
16151,2018-01-24 11:51:55.192,1.7066729999999999
16152,2018-01-24 11:51:55.291,1.7066729999999999
16153,2018-01-24 11:51:55.391,1.7620220000000002
16154,2018-01-24 11:51:55.489,1.7620220000000002
16155,2018-01-24 11:51:55.589,1.7620220000000002
16156,2018-01-24 11:51:55.690,1.7620220000000002
16157,2018-01-24 11:51:55.790,1.7620220000000002
16158,2018-01-24 11:51:55.889,1.7620220000000002
16159,2018-01-24 11:51:55.990,1.7620220000000002
16160,2018-01-24 11:51:56.089,1.7620220000000002
16161,2018-01-24 11:51:56.189,1.7620220000000002
16162,2018-01-24 11:51:56.289,1.7620220000000002
16163,2018-01-24 11:51:56.389,1.7046130000000002
16164,2018-01-24 11:51:56.489,1.7046130000000002
16165,2018-01-24 11:51:56.589,1.7046130000000002
16166,2018-01-24 11:51:56.689,1.7046130000000002
16167,2018-01-24 11:51:56.789,1.7046130000000002
16168,2018-01-24 11:51:56.889,1.7046130000000002
16169,2018-01-24 11:51:56.989,1.7046130000000002
16170,2018-01-24 11:51:57.089,1.7046130000000002
16171,2018-01-24 11:51:57.189,1.7046130000000002
16172,2018-01-24 11:51:57.290,1.7046130000000002
16173,2018-01-24 11:51:57.389,1.557099
16174,2018-01-24 11:51:57.490,1.557099
16175,2018-01-24 11:51:57.591,1.557099
16176,2018-01-24 11:51:57.691,1.557099
16177,2018-01-24 11:51:57.790,1.557099
16178,2018-01-24 11:51:57.890,1.557099
16179,2018-01-24 11:51:57.990,1.557099
16180,2018-01-24 11:51:58.090,1.557099
16181,2018-01-24 11:51:58.190,1.557099
16182,2018-01-24 11:51:58.290,1.557099
16183,2018-01-24 11:51:58.390,1.383792
16184,2018-01-24 11:51:58.490,1.383792
16185,2018-01-24 11:51:58.590,1.383792
16186,2018-01-24 11:51:58.690,1.383792
16187,2018-01-24 11:51:58.790,1.383792
16188,2018-01-24 11:51:58.890,1.383792
16189,2018-01-24 11:51:58.990,1.383792
16190,2018-01-24 11:51:59.090,1.383792
16191,2018-01-24 11:51:59.191,1.383792
16192,2018-01-24 11:51:59.291,1.248636
16193,2018-01-24 11:51:59.390,1.248636
16194,2018-01-24 11:51:59.491,1.248636
16195,2018-01-24 11:51:59.590,1.248636
16196,2018-01-24 11:51:59.690,1.248636
16197,2018-01-24 11:51:59.791,1.248636
16198,2018-01-24 11:51:59.891,1.248636
16199,2018-01-24 11:51:59.990,1.248636
16200,2018-01-24 11:52:00.090,1.248636
16201,2018-01-24 11:52:00.190,1.248636
16202,2018-01-24 11:52:00.290,1.248636
16203,2018-01-24 11:52:00.391,1.251401
16204,2018-01-24 11:52:00.490,1.251401
16205,2018-01-24 11:52:00.590,1.251401
16206,2018-01-24 11:52:00.690,1.251401
16207,2018-01-24 11:52:00.790,1.251401
16208,2018-01-24 11:52:00.890,1.251401
16209,2018-01-24 11:52:00.990,1.251401
16210,2018-01-24 11:52:01.090,1.251401
16211,2018-01-24 11:52:01.191,1.251401
16212,2018-01-24 11:52:01.290,1.42072
16213,2018-01-24 11:52:01.390,1.42072
16214,2018-01-24 11:52:01.490,1.42072
16215,2018-01-24 11:52:01.590,1.42072
16216,2018-01-24 11:52:01.691,1.42072
16217,2018-01-24 11:52:01.790,1.42072
16218,2018-01-24 11:52:01.890,1.42072
16219,2018-01-24 11:52:01.990,1.42072
16220,2018-01-24 11:52:02.090,1.42072
16221,2018-01-24 11:52:02.190,1.42072
16222,2018-01-24 11:52:02.290,1.42072
16223,2018-01-24 11:52:02.390,1.608825
16224,2018-01-24 11:52:02.490,1.608825
16225,2018-01-24 11:52:02.590,1.608825
16226,2018-01-24 11:52:02.690,1.608825
16227,2018-01-24 11:52:02.790,1.608825
16228,2018-01-24 11:52:02.890,1.608825
16229,2018-01-24 11:52:02.990,1.608825
16230,2018-01-24 11:52:03.090,1.608825
16231,2018-01-24 11:52:03.191,1.608825
16232,2018-01-24 11:52:03.291,1.608825
16233,2018-01-24 11:52:03.391,1.6650589999999998
16234,2018-01-24 11:52:03.492,1.6650589999999998
16235,2018-01-24 11:52:03.591,1.6650589999999998
16236,2018-01-24 11:52:03.691,1.6650589999999998
16237,2018-01-24 11:52:03.791,1.6650589999999998
16238,2018-01-24 11:52:03.891,1.6650589999999998
16239,2018-01-24 11:52:03.991,1.6650589999999998
16240,2018-01-24 11:52:04.091,1.6650589999999998
16241,2018-01-24 11:52:04.191,1.6650589999999998
16242,2018-01-24 11:52:04.291,1.6650589999999998
16243,2018-01-24 11:52:04.391,1.574187
16244,2018-01-24 11:52:04.491,1.574187
16245,2018-01-24 11:52:04.591,1.574187
16246,2018-01-24 11:52:04.691,1.574187
16247,2018-01-24 11:52:04.791,1.574187
16248,2018-01-24 11:52:04.891,1.574187
16249,2018-01-24 11:52:04.991,1.574187
16250,2018-01-24 11:52:05.091,1.574187
16251,2018-01-24 11:52:05.191,1.574187
16252,2018-01-24 11:52:05.291,1.574187
16253,2018-01-24 11:52:05.392,1.4480000000000002
16254,2018-01-24 11:52:05.489,1.4480000000000002
16255,2018-01-24 11:52:05.589,1.4480000000000002
16256,2018-01-24 11:52:05.690,1.4480000000000002
16257,2018-01-24 11:52:05.789,1.4480000000000002
16258,2018-01-24 11:52:05.889,1.4480000000000002
16259,2018-01-24 11:52:05.990,1.4480000000000002
16260,2018-01-24 11:52:06.089,1.4480000000000002
16261,2018-01-24 11:52:06.189,1.4480000000000002
16262,2018-01-24 11:52:06.289,1.4480000000000002
16263,2018-01-24 11:52:06.389,1.347897
16264,2018-01-24 11:52:06.490,1.347897
16265,2018-01-24 11:52:06.590,1.347897
16266,2018-01-24 11:52:06.690,1.347897
16267,2018-01-24 11:52:06.790,1.347897
16268,2018-01-24 11:52:06.890,1.347897
16269,2018-01-24 11:52:06.990,1.347897
16270,2018-01-24 11:52:07.090,1.347897
16271,2018-01-24 11:52:07.190,1.347897
16272,2018-01-24 11:52:07.290,1.347897
16273,2018-01-24 11:52:07.391,1.1046280000000002
16274,2018-01-24 11:52:07.490,1.1046280000000002
16275,2018-01-24 11:52:07.590,1.1046280000000002
16276,2018-01-24 11:52:07.690,1.1046280000000002
16277,2018-01-24 11:52:07.790,1.1046280000000002
16278,2018-01-24 11:52:07.890,1.1046280000000002
16279,2018-01-24 11:52:07.990,1.1046280000000002
16280,2018-01-24 11:52:08.090,1.1046280000000002
16281,2018-01-24 11:52:08.190,1.1046280000000002
16282,2018-01-24 11:52:08.290,1.1046280000000002
16283,2018-01-24 11:52:08.390,0.988659
16284,2018-01-24 11:52:08.490,0.988659
16285,2018-01-24 11:52:08.590,0.988659
16286,2018-01-24 11:52:08.690,0.988659
16287,2018-01-24 11:52:08.790,0.988659
16288,2018-01-24 11:52:08.890,0.988659
16289,2018-01-24 11:52:08.990,0.988659
16290,2018-01-24 11:52:09.090,0.988659
16291,2018-01-24 11:52:09.190,0.988659
16292,2018-01-24 11:52:09.290,0.988659
16293,2018-01-24 11:52:09.390,0.965785
16294,2018-01-24 11:52:09.491,0.965785
16295,2018-01-24 11:52:09.592,0.965785
16296,2018-01-24 11:52:09.691,0.965785
16297,2018-01-24 11:52:09.791,0.965785
16298,2018-01-24 11:52:09.891,0.965785
16299,2018-01-24 11:52:09.991,0.965785
16300,2018-01-24 11:52:10.091,0.965785
16301,2018-01-24 11:52:10.191,0.965785
16302,2018-01-24 11:52:10.291,0.965785
16303,2018-01-24 11:52:10.391,1.032757
16304,2018-01-24 11:52:10.490,1.032757
16305,2018-01-24 11:52:10.590,1.032757
16306,2018-01-24 11:52:10.690,1.032757
16307,2018-01-24 11:52:10.790,1.032757
16308,2018-01-24 11:52:10.890,1.032757
16309,2018-01-24 11:52:10.990,1.032757
16310,2018-01-24 11:52:11.090,1.032757
16311,2018-01-24 11:52:11.190,1.032757
16312,2018-01-24 11:52:11.290,1.032757
16313,2018-01-24 11:52:11.390,1.14371
16314,2018-01-24 11:52:11.490,1.14371
16315,2018-01-24 11:52:11.590,1.14371
16316,2018-01-24 11:52:11.691,1.14371
16317,2018-01-24 11:52:11.791,1.14371
16318,2018-01-24 11:52:11.890,1.14371
16319,2018-01-24 11:52:11.990,1.14371
16320,2018-01-24 11:52:12.091,1.14371
16321,2018-01-24 11:52:12.190,1.14371
16322,2018-01-24 11:52:12.290,1.14371
16323,2018-01-24 11:52:12.390,1.23175
16324,2018-01-24 11:52:12.490,1.23175
16325,2018-01-24 11:52:12.591,1.23175
16326,2018-01-24 11:52:12.691,1.23175
16327,2018-01-24 11:52:12.791,1.23175
16328,2018-01-24 11:52:12.891,1.23175
16329,2018-01-24 11:52:12.991,1.23175
16330,2018-01-24 11:52:13.091,1.23175
16331,2018-01-24 11:52:13.191,1.23175
16332,2018-01-24 11:52:13.291,1.23175
16333,2018-01-24 11:52:13.391,1.185664
16334,2018-01-24 11:52:13.491,1.185664
16335,2018-01-24 11:52:13.592,1.185664
16336,2018-01-24 11:52:13.692,1.185664
16337,2018-01-24 11:52:13.792,1.185664
16338,2018-01-24 11:52:13.891,1.185664
16339,2018-01-24 11:52:13.992,1.185664
16340,2018-01-24 11:52:14.091,1.185664
16341,2018-01-24 11:52:14.191,1.185664
16342,2018-01-24 11:52:14.291,1.185664
16343,2018-01-24 11:52:14.391,0.973726
16344,2018-01-24 11:52:14.491,0.973726
16345,2018-01-24 11:52:14.591,0.973726
16346,2018-01-24 11:52:14.691,0.973726
16347,2018-01-24 11:52:14.791,0.973726
16348,2018-01-24 11:52:14.891,0.973726
16349,2018-01-24 11:52:14.991,0.973726
16350,2018-01-24 11:52:15.091,0.973726
16351,2018-01-24 11:52:15.191,0.973726
16352,2018-01-24 11:52:15.292,0.5885229999999999
16353,2018-01-24 11:52:15.391,0.5885229999999999
16354,2018-01-24 11:52:15.489,0.5885229999999999
16355,2018-01-24 11:52:15.590,0.5885229999999999
16356,2018-01-24 11:52:15.690,0.5885229999999999
16357,2018-01-24 11:52:15.790,0.5885229999999999
16358,2018-01-24 11:52:15.890,0.5885229999999999
16359,2018-01-24 11:52:15.990,0.5885229999999999
16360,2018-01-24 11:52:16.091,0.5885229999999999
16361,2018-01-24 11:52:16.190,0.5885229999999999
16362,2018-01-24 11:52:16.290,0.5885229999999999
16363,2018-01-24 11:52:16.390,0.108827
16364,2018-01-24 11:52:16.490,0.108827
16365,2018-01-24 11:52:16.590,0.108827
16366,2018-01-24 11:52:16.690,0.108827
16367,2018-01-24 11:52:16.790,0.108827
16368,2018-01-24 11:52:16.890,0.108827
16369,2018-01-24 11:52:16.990,0.108827
16370,2018-01-24 11:52:17.090,0.108827
16371,2018-01-24 11:52:17.190,0.108827
16372,2018-01-24 11:52:17.291,0.108827
16373,2018-01-24 11:52:17.390,-0.164097
16374,2018-01-24 11:52:17.490,-0.164097
16375,2018-01-24 11:52:17.591,-0.164097
16376,2018-01-24 11:52:17.690,-0.164097
16377,2018-01-24 11:52:17.790,-0.164097
16378,2018-01-24 11:52:17.891,-0.164097
16379,2018-01-24 11:52:17.991,-0.164097
16380,2018-01-24 11:52:18.090,-0.164097
16381,2018-01-24 11:52:18.190,-0.164097
16382,2018-01-24 11:52:18.290,-0.164097
16383,2018-01-24 11:52:18.390,-0.173728
16384,2018-01-24 11:52:18.490,-0.173728
16385,2018-01-24 11:52:18.592,-0.173728
16386,2018-01-24 11:52:18.691,-0.173728
16387,2018-01-24 11:52:18.791,-0.173728
16388,2018-01-24 11:52:18.891,-0.173728
16389,2018-01-24 11:52:18.991,-0.173728
16390,2018-01-24 11:52:19.091,-0.173728
16391,2018-01-24 11:52:19.192,-0.173728
16392,2018-01-24 11:52:19.291,0.022085
16393,2018-01-24 11:52:19.391,0.022085
16394,2018-01-24 11:52:19.491,0.022085
16395,2018-01-24 11:52:19.592,0.022085
16396,2018-01-24 11:52:19.691,0.022085
16397,2018-01-24 11:52:19.792,0.022085
16398,2018-01-24 11:52:19.891,0.022085
16399,2018-01-24 11:52:19.991,0.022085
16400,2018-01-24 11:52:20.091,0.022085
16401,2018-01-24 11:52:20.191,0.022085
16402,2018-01-24 11:52:20.291,0.022085
16403,2018-01-24 11:52:20.391,0.229113
16404,2018-01-24 11:52:20.490,0.229113
16405,2018-01-24 11:52:20.590,0.229113
16406,2018-01-24 11:52:20.690,0.229113
16407,2018-01-24 11:52:20.791,0.229113
16408,2018-01-24 11:52:20.890,0.229113
16409,2018-01-24 11:52:20.990,0.229113
16410,2018-01-24 11:52:21.090,0.229113
16411,2018-01-24 11:52:21.190,0.229113
16412,2018-01-24 11:52:21.290,0.229113
16413,2018-01-24 11:52:21.390,0.37371
16414,2018-01-24 11:52:21.491,0.37371
16415,2018-01-24 11:52:21.591,0.37371
16416,2018-01-24 11:52:21.692,0.37371
16417,2018-01-24 11:52:21.791,0.37371
16418,2018-01-24 11:52:21.891,0.37371
16419,2018-01-24 11:52:21.991,0.37371
16420,2018-01-24 11:52:22.092,0.37371
16421,2018-01-24 11:52:22.191,0.37371
16422,2018-01-24 11:52:22.291,0.37371
16423,2018-01-24 11:52:22.391,0.378655
16424,2018-01-24 11:52:22.491,0.378655
16425,2018-01-24 11:52:22.591,0.378655
16426,2018-01-24 11:52:22.691,0.378655
16427,2018-01-24 11:52:22.791,0.378655
16428,2018-01-24 11:52:22.891,0.378655
16429,2018-01-24 11:52:22.991,0.378655
16430,2018-01-24 11:52:23.091,0.378655
16431,2018-01-24 11:52:23.191,0.378655
16432,2018-01-24 11:52:23.291,0.378655
16433,2018-01-24 11:52:23.391,0.250698
16434,2018-01-24 11:52:23.492,0.250698
16435,2018-01-24 11:52:23.592,0.250698
16436,2018-01-24 11:52:23.692,0.250698
16437,2018-01-24 11:52:23.791,0.250698
16438,2018-01-24 11:52:23.891,0.250698
16439,2018-01-24 11:52:23.992,0.250698
16440,2018-01-24 11:52:24.091,0.250698
16441,2018-01-24 11:52:24.191,0.250698
16442,2018-01-24 11:52:24.291,0.250698
16443,2018-01-24 11:52:24.391,0.030757
16444,2018-01-24 11:52:24.492,0.030757
16445,2018-01-24 11:52:24.592,0.030757
16446,2018-01-24 11:52:24.692,0.030757
16447,2018-01-24 11:52:24.792,0.030757
16448,2018-01-24 11:52:24.892,0.030757
16449,2018-01-24 11:52:24.992,0.030757
16450,2018-01-24 11:52:25.092,0.030757
16451,2018-01-24 11:52:25.193,0.030757
16452,2018-01-24 11:52:25.292,0.030757
16453,2018-01-24 11:52:25.393,-0.13830499999999998
16454,2018-01-24 11:52:25.490,-0.13830499999999998
16455,2018-01-24 11:52:25.590,-0.13830499999999998
16456,2018-01-24 11:52:25.690,-0.13830499999999998
16457,2018-01-24 11:52:25.790,-0.13830499999999998
16458,2018-01-24 11:52:25.891,-0.13830499999999998
16459,2018-01-24 11:52:25.991,-0.13830499999999998
16460,2018-01-24 11:52:26.090,-0.13830499999999998
16461,2018-01-24 11:52:26.190,-0.13830499999999998
16462,2018-01-24 11:52:26.290,-0.063849
16463,2018-01-24 11:52:26.390,-0.063849
16464,2018-01-24 11:52:26.490,-0.063849
16465,2018-01-24 11:52:26.590,-0.063849
16466,2018-01-24 11:52:26.690,-0.063849
16467,2018-01-24 11:52:26.790,-0.063849
16468,2018-01-24 11:52:26.890,-0.063849
16469,2018-01-24 11:52:26.990,-0.063849
16470,2018-01-24 11:52:27.090,-0.063849
16471,2018-01-24 11:52:27.190,-0.063849
16472,2018-01-24 11:52:27.290,-0.063849
16473,2018-01-24 11:52:27.390,0.198224
16474,2018-01-24 11:52:27.490,0.198224
16475,2018-01-24 11:52:27.590,0.198224
16476,2018-01-24 11:52:27.691,0.198224
16477,2018-01-24 11:52:27.791,0.198224
16478,2018-01-24 11:52:27.891,0.198224
16479,2018-01-24 11:52:27.991,0.198224
16480,2018-01-24 11:52:28.091,0.198224
16481,2018-01-24 11:52:28.191,0.198224
16482,2018-01-24 11:52:28.291,0.198224
16483,2018-01-24 11:52:28.391,0.6739729999999999
16484,2018-01-24 11:52:28.491,0.6739729999999999
16485,2018-01-24 11:52:28.591,0.6739729999999999
16486,2018-01-24 11:52:28.691,0.6739729999999999
16487,2018-01-24 11:52:28.791,0.6739729999999999
16488,2018-01-24 11:52:28.891,0.6739729999999999
16489,2018-01-24 11:52:28.991,0.6739729999999999
16490,2018-01-24 11:52:29.091,0.6739729999999999
16491,2018-01-24 11:52:29.191,0.6739729999999999
16492,2018-01-24 11:52:29.291,0.6739729999999999
16493,2018-01-24 11:52:29.391,1.043386
16494,2018-01-24 11:52:29.491,1.043386
16495,2018-01-24 11:52:29.591,1.043386
16496,2018-01-24 11:52:29.691,1.043386
16497,2018-01-24 11:52:29.791,1.043386
16498,2018-01-24 11:52:29.891,1.043386
16499,2018-01-24 11:52:29.991,1.043386
16500,2018-01-24 11:52:30.091,1.043386
16501,2018-01-24 11:52:30.191,1.043386
16502,2018-01-24 11:52:30.291,1.25698
16503,2018-01-24 11:52:30.391,1.25698
16504,2018-01-24 11:52:30.491,1.25698
16505,2018-01-24 11:52:30.591,1.25698
16506,2018-01-24 11:52:30.691,1.25698
16507,2018-01-24 11:52:30.791,1.25698
16508,2018-01-24 11:52:30.891,1.25698
16509,2018-01-24 11:52:30.991,1.25698
16510,2018-01-24 11:52:31.091,1.25698
16511,2018-01-24 11:52:31.191,1.25698
16512,2018-01-24 11:52:31.291,1.25698
16513,2018-01-24 11:52:31.391,1.304582
16514,2018-01-24 11:52:31.492,1.304582
16515,2018-01-24 11:52:31.591,1.304582
16516,2018-01-24 11:52:31.691,1.304582
16517,2018-01-24 11:52:31.792,1.304582
16518,2018-01-24 11:52:31.891,1.304582
16519,2018-01-24 11:52:31.992,1.304582
16520,2018-01-24 11:52:32.091,1.304582
16521,2018-01-24 11:52:32.192,1.304582
16522,2018-01-24 11:52:32.291,1.304582
16523,2018-01-24 11:52:32.391,1.265064
16524,2018-01-24 11:52:32.491,1.265064
16525,2018-01-24 11:52:32.591,1.265064
16526,2018-01-24 11:52:32.691,1.265064
16527,2018-01-24 11:52:32.791,1.265064
16528,2018-01-24 11:52:32.891,1.265064
16529,2018-01-24 11:52:32.991,1.265064
16530,2018-01-24 11:52:33.091,1.265064
16531,2018-01-24 11:52:33.191,1.265064
16532,2018-01-24 11:52:33.291,1.265064
16533,2018-01-24 11:52:33.391,1.306384
16534,2018-01-24 11:52:33.491,1.306384
16535,2018-01-24 11:52:33.592,1.306384
16536,2018-01-24 11:52:33.692,1.306384
16537,2018-01-24 11:52:33.792,1.306384
16538,2018-01-24 11:52:33.893,1.306384
16539,2018-01-24 11:52:33.992,1.306384
16540,2018-01-24 11:52:34.092,1.306384
16541,2018-01-24 11:52:34.192,1.306384
16542,2018-01-24 11:52:34.292,1.306384
16543,2018-01-24 11:52:34.392,1.435552
16544,2018-01-24 11:52:34.492,1.435552
16545,2018-01-24 11:52:34.592,1.435552
16546,2018-01-24 11:52:34.692,1.435552
16547,2018-01-24 11:52:34.792,1.435552
16548,2018-01-24 11:52:34.892,1.435552
16549,2018-01-24 11:52:34.992,1.435552
16550,2018-01-24 11:52:35.092,1.435552
16551,2018-01-24 11:52:35.192,1.435552
16552,2018-01-24 11:52:35.292,1.435552
16553,2018-01-24 11:52:35.393,1.76079
16554,2018-01-24 11:52:35.490,1.76079
16555,2018-01-24 11:52:35.590,1.76079
16556,2018-01-24 11:52:35.690,1.76079
16557,2018-01-24 11:52:35.790,1.76079
16558,2018-01-24 11:52:35.890,1.76079
16559,2018-01-24 11:52:35.990,1.76079
16560,2018-01-24 11:52:36.090,1.76079
16561,2018-01-24 11:52:36.190,1.76079
16562,2018-01-24 11:52:36.290,1.76079
16563,2018-01-24 11:52:36.390,2.156028
16564,2018-01-24 11:52:36.490,2.156028
16565,2018-01-24 11:52:36.591,2.156028
16566,2018-01-24 11:52:36.691,2.156028
16567,2018-01-24 11:52:36.791,2.156028
16568,2018-01-24 11:52:36.891,2.156028
16569,2018-01-24 11:52:36.991,2.156028
16570,2018-01-24 11:52:37.091,2.156028
16571,2018-01-24 11:52:37.191,2.156028
16572,2018-01-24 11:52:37.291,2.156028
16573,2018-01-24 11:52:37.392,2.46748
16574,2018-01-24 11:52:37.492,2.46748
16575,2018-01-24 11:52:37.591,2.46748
16576,2018-01-24 11:52:37.691,2.46748
16577,2018-01-24 11:52:37.791,2.46748
16578,2018-01-24 11:52:37.891,2.46748
16579,2018-01-24 11:52:37.991,2.46748
16580,2018-01-24 11:52:38.091,2.46748
16581,2018-01-24 11:52:38.191,2.46748
16582,2018-01-24 11:52:38.291,2.46748
16583,2018-01-24 11:52:38.391,2.681557
16584,2018-01-24 11:52:38.491,2.681557
16585,2018-01-24 11:52:38.591,2.681557
16586,2018-01-24 11:52:38.691,2.681557
16587,2018-01-24 11:52:38.791,2.681557
16588,2018-01-24 11:52:38.891,2.681557
16589,2018-01-24 11:52:38.991,2.681557
16590,2018-01-24 11:52:39.091,2.681557
16591,2018-01-24 11:52:39.191,2.681557
16592,2018-01-24 11:52:39.291,2.681557
16593,2018-01-24 11:52:39.392,2.793652
16594,2018-01-24 11:52:39.491,2.793652
16595,2018-01-24 11:52:39.592,2.793652
16596,2018-01-24 11:52:39.692,2.793652
16597,2018-01-24 11:52:39.792,2.793652
16598,2018-01-24 11:52:39.893,2.793652
16599,2018-01-24 11:52:39.992,2.793652
16600,2018-01-24 11:52:40.092,2.793652
16601,2018-01-24 11:52:40.192,2.793652
16602,2018-01-24 11:52:40.292,2.793652
16603,2018-01-24 11:52:40.392,2.783467
16604,2018-01-24 11:52:40.490,2.783467
16605,2018-01-24 11:52:40.590,2.783467
16606,2018-01-24 11:52:40.690,2.783467
16607,2018-01-24 11:52:40.790,2.783467
16608,2018-01-24 11:52:40.890,2.783467
16609,2018-01-24 11:52:40.990,2.783467
16610,2018-01-24 11:52:41.090,2.783467
16611,2018-01-24 11:52:41.190,2.783467
16612,2018-01-24 11:52:41.291,2.783467
16613,2018-01-24 11:52:41.390,2.735054
16614,2018-01-24 11:52:41.490,2.735054
16615,2018-01-24 11:52:41.590,2.735054
16616,2018-01-24 11:52:41.691,2.735054
16617,2018-01-24 11:52:41.790,2.735054
16618,2018-01-24 11:52:41.890,2.735054
16619,2018-01-24 11:52:41.990,2.735054
16620,2018-01-24 11:52:42.090,2.735054
16621,2018-01-24 11:52:42.190,2.735054
16622,2018-01-24 11:52:42.290,2.735054
16623,2018-01-24 11:52:42.390,2.712285
16624,2018-01-24 11:52:42.490,2.712285
16625,2018-01-24 11:52:42.590,2.712285
16626,2018-01-24 11:52:42.690,2.712285
16627,2018-01-24 11:52:42.791,2.712285
16628,2018-01-24 11:52:42.891,2.712285
16629,2018-01-24 11:52:42.991,2.712285
16630,2018-01-24 11:52:43.091,2.712285
16631,2018-01-24 11:52:43.191,2.712285
16632,2018-01-24 11:52:43.291,2.712285
16633,2018-01-24 11:52:43.392,2.7054560000000003
16634,2018-01-24 11:52:43.491,2.7054560000000003
16635,2018-01-24 11:52:43.592,2.7054560000000003
16636,2018-01-24 11:52:43.691,2.7054560000000003
16637,2018-01-24 11:52:43.791,2.7054560000000003
16638,2018-01-24 11:52:43.891,2.7054560000000003
16639,2018-01-24 11:52:43.991,2.7054560000000003
16640,2018-01-24 11:52:44.092,2.7054560000000003
16641,2018-01-24 11:52:44.191,2.7054560000000003
16642,2018-01-24 11:52:44.291,2.7054560000000003
16643,2018-01-24 11:52:44.391,2.7282919999999997
16644,2018-01-24 11:52:44.491,2.7282919999999997
16645,2018-01-24 11:52:44.591,2.7282919999999997
16646,2018-01-24 11:52:44.691,2.7282919999999997
16647,2018-01-24 11:52:44.791,2.7282919999999997
16648,2018-01-24 11:52:44.891,2.7282919999999997
16649,2018-01-24 11:52:44.991,2.7282919999999997
16650,2018-01-24 11:52:45.091,2.7282919999999997
16651,2018-01-24 11:52:45.191,2.7282919999999997
16652,2018-01-24 11:52:45.291,2.7282919999999997
16653,2018-01-24 11:52:45.391,2.731616
16654,2018-01-24 11:52:45.489,2.731616
16655,2018-01-24 11:52:45.589,2.731616
16656,2018-01-24 11:52:45.689,2.731616
16657,2018-01-24 11:52:45.790,2.731616
16658,2018-01-24 11:52:45.890,2.731616
16659,2018-01-24 11:52:45.990,2.731616
16660,2018-01-24 11:52:46.090,2.731616
16661,2018-01-24 11:52:46.190,2.731616
16662,2018-01-24 11:52:46.290,2.731616
16663,2018-01-24 11:52:46.390,2.763759
16664,2018-01-24 11:52:46.490,2.763759
16665,2018-01-24 11:52:46.590,2.763759
16666,2018-01-24 11:52:46.690,2.763759
16667,2018-01-24 11:52:46.790,2.763759
16668,2018-01-24 11:52:46.890,2.763759
16669,2018-01-24 11:52:46.990,2.763759
16670,2018-01-24 11:52:47.090,2.763759
16671,2018-01-24 11:52:47.190,2.763759
16672,2018-01-24 11:52:47.291,2.763759
16673,2018-01-24 11:52:47.390,2.782027
16674,2018-01-24 11:52:47.490,2.782027
16675,2018-01-24 11:52:47.590,2.782027
16676,2018-01-24 11:52:47.690,2.782027
16677,2018-01-24 11:52:47.790,2.782027
16678,2018-01-24 11:52:47.890,2.782027
16679,2018-01-24 11:52:47.990,2.782027
16680,2018-01-24 11:52:48.091,2.782027
16681,2018-01-24 11:52:48.190,2.782027
16682,2018-01-24 11:52:48.290,2.782027
16683,2018-01-24 11:52:48.390,2.776201
16684,2018-01-24 11:52:48.490,2.776201
16685,2018-01-24 11:52:48.590,2.776201
16686,2018-01-24 11:52:48.691,2.776201
16687,2018-01-24 11:52:48.791,2.776201
16688,2018-01-24 11:52:48.891,2.776201
16689,2018-01-24 11:52:48.991,2.776201
16690,2018-01-24 11:52:49.091,2.776201
16691,2018-01-24 11:52:49.191,2.776201
16692,2018-01-24 11:52:49.291,2.776201
16693,2018-01-24 11:52:49.391,2.691232
16694,2018-01-24 11:52:49.492,2.691232
16695,2018-01-24 11:52:49.591,2.691232
16696,2018-01-24 11:52:49.691,2.691232
16697,2018-01-24 11:52:49.791,2.691232
16698,2018-01-24 11:52:49.891,2.691232
16699,2018-01-24 11:52:49.991,2.691232
16700,2018-01-24 11:52:50.091,2.691232
16701,2018-01-24 11:52:50.191,2.691232
16702,2018-01-24 11:52:50.291,2.691232
16703,2018-01-24 11:52:50.391,2.545228
16704,2018-01-24 11:52:50.490,2.545228
16705,2018-01-24 11:52:50.590,2.545228
16706,2018-01-24 11:52:50.690,2.545228
16707,2018-01-24 11:52:50.790,2.545228
16708,2018-01-24 11:52:50.890,2.545228
16709,2018-01-24 11:52:50.990,2.545228
16710,2018-01-24 11:52:51.090,2.545228
16711,2018-01-24 11:52:51.190,2.545228
16712,2018-01-24 11:52:51.291,2.545228
16713,2018-01-24 11:52:51.390,2.404054
16714,2018-01-24 11:52:51.491,2.404054
16715,2018-01-24 11:52:51.590,2.404054
16716,2018-01-24 11:52:51.691,2.404054
16717,2018-01-24 11:52:51.791,2.404054
16718,2018-01-24 11:52:51.891,2.404054
16719,2018-01-24 11:52:51.992,2.404054
16720,2018-01-24 11:52:52.091,2.404054
16721,2018-01-24 11:52:52.191,2.404054
16722,2018-01-24 11:52:52.291,2.288453
16723,2018-01-24 11:52:52.391,2.288453
16724,2018-01-24 11:52:52.491,2.288453
16725,2018-01-24 11:52:52.591,2.288453
16726,2018-01-24 11:52:52.691,2.288453
16727,2018-01-24 11:52:52.791,2.288453
16728,2018-01-24 11:52:52.891,2.288453
16729,2018-01-24 11:52:52.991,2.288453
16730,2018-01-24 11:52:53.091,2.288453
16731,2018-01-24 11:52:53.191,2.288453
16732,2018-01-24 11:52:53.292,2.288453
16733,2018-01-24 11:52:53.391,2.151713
16734,2018-01-24 11:52:53.492,2.151713
16735,2018-01-24 11:52:53.591,2.151713
16736,2018-01-24 11:52:53.692,2.151713
16737,2018-01-24 11:52:53.791,2.151713
16738,2018-01-24 11:52:53.891,2.151713
16739,2018-01-24 11:52:53.992,2.151713
16740,2018-01-24 11:52:54.091,2.151713
16741,2018-01-24 11:52:54.191,2.151713
16742,2018-01-24 11:52:54.291,2.151713
16743,2018-01-24 11:52:54.391,1.9508869999999998
16744,2018-01-24 11:52:54.491,1.9508869999999998
16745,2018-01-24 11:52:54.591,1.9508869999999998
16746,2018-01-24 11:52:54.692,1.9508869999999998
16747,2018-01-24 11:52:54.792,1.9508869999999998
16748,2018-01-24 11:52:54.892,1.9508869999999998
16749,2018-01-24 11:52:54.992,1.9508869999999998
16750,2018-01-24 11:52:55.092,1.9508869999999998
16751,2018-01-24 11:52:55.192,1.9508869999999998
16752,2018-01-24 11:52:55.292,1.9508869999999998
16753,2018-01-24 11:52:55.392,1.760579
16754,2018-01-24 11:52:55.491,1.760579
16755,2018-01-24 11:52:55.590,1.760579
16756,2018-01-24 11:52:55.690,1.760579
16757,2018-01-24 11:52:55.790,1.760579
16758,2018-01-24 11:52:55.890,1.760579
16759,2018-01-24 11:52:55.990,1.760579
16760,2018-01-24 11:52:56.090,1.760579
16761,2018-01-24 11:52:56.190,1.760579
16762,2018-01-24 11:52:56.290,1.760579
16763,2018-01-24 11:52:56.390,1.765637
16764,2018-01-24 11:52:56.490,1.765637
16765,2018-01-24 11:52:56.590,1.765637
16766,2018-01-24 11:52:56.690,1.765637
16767,2018-01-24 11:52:56.790,1.765637
16768,2018-01-24 11:52:56.890,1.765637
16769,2018-01-24 11:52:56.990,1.765637
16770,2018-01-24 11:52:57.090,1.765637
16771,2018-01-24 11:52:57.190,1.765637
16772,2018-01-24 11:52:57.291,1.765637
16773,2018-01-24 11:52:57.390,2.030738
16774,2018-01-24 11:52:57.490,2.030738
16775,2018-01-24 11:52:57.590,2.030738
16776,2018-01-24 11:52:57.691,2.030738
16777,2018-01-24 11:52:57.791,2.030738
16778,2018-01-24 11:52:57.891,2.030738
16779,2018-01-24 11:52:57.991,2.030738
16780,2018-01-24 11:52:58.091,2.030738
16781,2018-01-24 11:52:58.191,2.030738
16782,2018-01-24 11:52:58.291,2.030738
16783,2018-01-24 11:52:58.391,2.514159
16784,2018-01-24 11:52:58.491,2.514159
16785,2018-01-24 11:52:58.591,2.514159
16786,2018-01-24 11:52:58.691,2.514159
16787,2018-01-24 11:52:58.791,2.514159
16788,2018-01-24 11:52:58.891,2.514159
16789,2018-01-24 11:52:58.991,2.514159
16790,2018-01-24 11:52:59.091,2.514159
16791,2018-01-24 11:52:59.191,2.514159
16792,2018-01-24 11:52:59.291,2.514159
16793,2018-01-24 11:52:59.391,2.837736
16794,2018-01-24 11:52:59.491,2.837736
16795,2018-01-24 11:52:59.591,2.837736
16796,2018-01-24 11:52:59.691,2.837736
16797,2018-01-24 11:52:59.791,2.837736
16798,2018-01-24 11:52:59.892,2.837736
16799,2018-01-24 11:52:59.991,2.837736
16800,2018-01-24 11:53:00.091,2.837736
16801,2018-01-24 11:53:00.191,2.837736
16802,2018-01-24 11:53:00.291,2.837736
16803,2018-01-24 11:53:00.391,2.932817
16804,2018-01-24 11:53:00.490,2.932817
16805,2018-01-24 11:53:00.590,2.932817
16806,2018-01-24 11:53:00.691,2.932817
16807,2018-01-24 11:53:00.791,2.932817
16808,2018-01-24 11:53:00.891,2.932817
16809,2018-01-24 11:53:00.991,2.932817
16810,2018-01-24 11:53:01.091,2.932817
16811,2018-01-24 11:53:01.191,2.932817
16812,2018-01-24 11:53:01.291,2.932817
16813,2018-01-24 11:53:01.391,2.791614
16814,2018-01-24 11:53:01.492,2.791614
16815,2018-01-24 11:53:01.591,2.791614
16816,2018-01-24 11:53:01.691,2.791614
16817,2018-01-24 11:53:01.791,2.791614
16818,2018-01-24 11:53:01.892,2.791614
16819,2018-01-24 11:53:01.991,2.791614
16820,2018-01-24 11:53:02.091,2.791614
16821,2018-01-24 11:53:02.192,2.791614
16822,2018-01-24 11:53:02.291,2.791614
16823,2018-01-24 11:53:02.391,2.5828189999999998
16824,2018-01-24 11:53:02.491,2.5828189999999998
16825,2018-01-24 11:53:02.591,2.5828189999999998
16826,2018-01-24 11:53:02.691,2.5828189999999998
16827,2018-01-24 11:53:02.791,2.5828189999999998
16828,2018-01-24 11:53:02.891,2.5828189999999998
16829,2018-01-24 11:53:02.991,2.5828189999999998
16830,2018-01-24 11:53:03.091,2.5828189999999998
16831,2018-01-24 11:53:03.191,2.5828189999999998
16832,2018-01-24 11:53:03.291,2.5828189999999998
16833,2018-01-24 11:53:03.392,2.480471
16834,2018-01-24 11:53:03.491,2.480471
16835,2018-01-24 11:53:03.591,2.480471
16836,2018-01-24 11:53:03.692,2.480471
16837,2018-01-24 11:53:03.793,2.480471
16838,2018-01-24 11:53:03.892,2.480471
16839,2018-01-24 11:53:03.992,2.480471
16840,2018-01-24 11:53:04.092,2.480471
16841,2018-01-24 11:53:04.192,2.480471
16842,2018-01-24 11:53:04.292,2.480471
16843,2018-01-24 11:53:04.392,2.6697490000000004
16844,2018-01-24 11:53:04.492,2.6697490000000004
16845,2018-01-24 11:53:04.592,2.6697490000000004
16846,2018-01-24 11:53:04.692,2.6697490000000004
16847,2018-01-24 11:53:04.792,2.6697490000000004
16848,2018-01-24 11:53:04.892,2.6697490000000004
16849,2018-01-24 11:53:04.992,2.6697490000000004
16850,2018-01-24 11:53:05.092,2.6697490000000004
16851,2018-01-24 11:53:05.192,2.6697490000000004
16852,2018-01-24 11:53:05.292,2.6697490000000004
16853,2018-01-24 11:53:05.392,3.160957
16854,2018-01-24 11:53:05.490,3.160957
16855,2018-01-24 11:53:05.590,3.160957
16856,2018-01-24 11:53:05.690,3.160957
16857,2018-01-24 11:53:05.790,3.160957
16858,2018-01-24 11:53:05.890,3.160957
16859,2018-01-24 11:53:05.990,3.160957
16860,2018-01-24 11:53:06.090,3.160957
16861,2018-01-24 11:53:06.190,3.160957
16862,2018-01-24 11:53:06.290,3.160957
16863,2018-01-24 11:53:06.390,3.6716379999999997
16864,2018-01-24 11:53:06.490,3.6716379999999997
16865,2018-01-24 11:53:06.591,3.6716379999999997
16866,2018-01-24 11:53:06.691,3.6716379999999997
16867,2018-01-24 11:53:06.791,3.6716379999999997
16868,2018-01-24 11:53:06.891,3.6716379999999997
16869,2018-01-24 11:53:06.991,3.6716379999999997
16870,2018-01-24 11:53:07.091,3.6716379999999997
16871,2018-01-24 11:53:07.191,3.6716379999999997
16872,2018-01-24 11:53:07.291,3.6716379999999997
16873,2018-01-24 11:53:07.391,3.998873
16874,2018-01-24 11:53:07.492,3.998873
16875,2018-01-24 11:53:07.591,3.998873
16876,2018-01-24 11:53:07.691,3.998873
16877,2018-01-24 11:53:07.791,3.998873
16878,2018-01-24 11:53:07.891,3.998873
16879,2018-01-24 11:53:07.991,3.998873
16880,2018-01-24 11:53:08.091,3.998873
16881,2018-01-24 11:53:08.191,3.998873
16882,2018-01-24 11:53:08.291,3.998873
16883,2018-01-24 11:53:08.391,3.981899
16884,2018-01-24 11:53:08.491,3.981899
16885,2018-01-24 11:53:08.591,3.981899
16886,2018-01-24 11:53:08.691,3.981899
16887,2018-01-24 11:53:08.791,3.981899
16888,2018-01-24 11:53:08.891,3.981899
16889,2018-01-24 11:53:08.991,3.981899
16890,2018-01-24 11:53:09.091,3.981899
16891,2018-01-24 11:53:09.191,3.981899
16892,2018-01-24 11:53:09.291,3.7406699999999997
16893,2018-01-24 11:53:09.391,3.7406699999999997
16894,2018-01-24 11:53:09.491,3.7406699999999997
16895,2018-01-24 11:53:09.591,3.7406699999999997
16896,2018-01-24 11:53:09.692,3.7406699999999997
16897,2018-01-24 11:53:09.792,3.7406699999999997
16898,2018-01-24 11:53:09.892,3.7406699999999997
16899,2018-01-24 11:53:09.992,3.7406699999999997
16900,2018-01-24 11:53:10.092,3.7406699999999997
16901,2018-01-24 11:53:10.193,3.7406699999999997
16902,2018-01-24 11:53:10.292,3.7406699999999997
16903,2018-01-24 11:53:10.392,3.5385489999999997
16904,2018-01-24 11:53:10.491,3.5385489999999997
16905,2018-01-24 11:53:10.591,3.5385489999999997
16906,2018-01-24 11:53:10.691,3.5385489999999997
16907,2018-01-24 11:53:10.791,3.5385489999999997
16908,2018-01-24 11:53:10.891,3.5385489999999997
16909,2018-01-24 11:53:10.991,3.5385489999999997
16910,2018-01-24 11:53:11.091,3.5385489999999997
16911,2018-01-24 11:53:11.191,3.5385489999999997
16912,2018-01-24 11:53:11.291,3.5385489999999997
16913,2018-01-24 11:53:11.391,3.491137
16914,2018-01-24 11:53:11.491,3.491137
16915,2018-01-24 11:53:11.591,3.491137
16916,2018-01-24 11:53:11.691,3.491137
16917,2018-01-24 11:53:11.792,3.491137
16918,2018-01-24 11:53:11.891,3.491137
16919,2018-01-24 11:53:11.991,3.491137
16920,2018-01-24 11:53:12.091,3.491137
16921,2018-01-24 11:53:12.191,3.491137
16922,2018-01-24 11:53:12.291,3.491137
16923,2018-01-24 11:53:12.391,3.643742
16924,2018-01-24 11:53:12.491,3.643742
16925,2018-01-24 11:53:12.591,3.643742
16926,2018-01-24 11:53:12.691,3.643742
16927,2018-01-24 11:53:12.791,3.643742
16928,2018-01-24 11:53:12.892,3.643742
16929,2018-01-24 11:53:12.992,3.643742
16930,2018-01-24 11:53:13.092,3.643742
16931,2018-01-24 11:53:13.192,3.643742
16932,2018-01-24 11:53:13.292,3.643742
16933,2018-01-24 11:53:13.392,3.900878
16934,2018-01-24 11:53:13.492,3.900878
16935,2018-01-24 11:53:13.592,3.900878
16936,2018-01-24 11:53:13.692,3.900878
16937,2018-01-24 11:53:13.792,3.900878
16938,2018-01-24 11:53:13.892,3.900878
16939,2018-01-24 11:53:13.992,3.900878
16940,2018-01-24 11:53:14.092,3.900878
16941,2018-01-24 11:53:14.192,3.900878
16942,2018-01-24 11:53:14.292,4.10964
16943,2018-01-24 11:53:14.392,4.10964
16944,2018-01-24 11:53:14.492,4.10964
16945,2018-01-24 11:53:14.592,4.10964
16946,2018-01-24 11:53:14.692,4.10964
16947,2018-01-24 11:53:14.792,4.10964
16948,2018-01-24 11:53:14.892,4.10964
16949,2018-01-24 11:53:14.992,4.10964
16950,2018-01-24 11:53:15.092,4.10964
16951,2018-01-24 11:53:15.192,4.10964
16952,2018-01-24 11:53:15.292,4.10964
16953,2018-01-24 11:53:15.392,4.17421
16954,2018-01-24 11:53:15.490,4.17421
16955,2018-01-24 11:53:15.591,4.17421
16956,2018-01-24 11:53:15.690,4.17421
16957,2018-01-24 11:53:15.791,4.17421
16958,2018-01-24 11:53:15.890,4.17421
16959,2018-01-24 11:53:15.991,4.17421
16960,2018-01-24 11:53:16.092,4.17421
16961,2018-01-24 11:53:16.192,4.17421
16962,2018-01-24 11:53:16.291,4.17421
16963,2018-01-24 11:53:16.391,4.068316
16964,2018-01-24 11:53:16.491,4.068316
16965,2018-01-24 11:53:16.591,4.068316
16966,2018-01-24 11:53:16.691,4.068316
16967,2018-01-24 11:53:16.791,4.068316
16968,2018-01-24 11:53:16.891,4.068316
16969,2018-01-24 11:53:16.991,4.068316
16970,2018-01-24 11:53:17.091,4.068316
16971,2018-01-24 11:53:17.191,4.068316
16972,2018-01-24 11:53:17.291,4.068316
16973,2018-01-24 11:53:17.392,3.906451
16974,2018-01-24 11:53:17.491,3.906451
16975,2018-01-24 11:53:17.591,3.906451
16976,2018-01-24 11:53:17.691,3.906451
16977,2018-01-24 11:53:17.792,3.906451
16978,2018-01-24 11:53:17.891,3.906451
16979,2018-01-24 11:53:17.991,3.906451
16980,2018-01-24 11:53:18.091,3.906451
16981,2018-01-24 11:53:18.192,3.906451
16982,2018-01-24 11:53:18.291,3.906451
16983,2018-01-24 11:53:18.391,3.7025959999999998
16984,2018-01-24 11:53:18.491,3.7025959999999998
16985,2018-01-24 11:53:18.591,3.7025959999999998
16986,2018-01-24 11:53:18.691,3.7025959999999998
16987,2018-01-24 11:53:18.791,3.7025959999999998
16988,2018-01-24 11:53:18.891,3.7025959999999998
16989,2018-01-24 11:53:18.992,3.7025959999999998
16990,2018-01-24 11:53:19.092,3.7025959999999998
16991,2018-01-24 11:53:19.192,3.7025959999999998
16992,2018-01-24 11:53:19.292,3.7025959999999998
16993,2018-01-24 11:53:19.392,3.477306
16994,2018-01-24 11:53:19.492,3.477306
16995,2018-01-24 11:53:19.592,3.477306
16996,2018-01-24 11:53:19.692,3.477306
16997,2018-01-24 11:53:19.792,3.477306
16998,2018-01-24 11:53:19.892,3.477306
16999,2018-01-24 11:53:19.993,3.477306
17000,2018-01-24 11:53:20.092,3.477306
17001,2018-01-24 11:53:20.192,3.477306
17002,2018-01-24 11:53:20.293,3.477306
17003,2018-01-24 11:53:20.392,3.180953
17004,2018-01-24 11:53:20.491,3.180953
17005,2018-01-24 11:53:20.591,3.180953
17006,2018-01-24 11:53:20.691,3.180953
17007,2018-01-24 11:53:20.791,3.180953
17008,2018-01-24 11:53:20.891,3.180953
17009,2018-01-24 11:53:20.991,3.180953
17010,2018-01-24 11:53:21.091,3.180953
17011,2018-01-24 11:53:21.191,3.180953
17012,2018-01-24 11:53:21.291,3.180953
17013,2018-01-24 11:53:21.391,2.856189
17014,2018-01-24 11:53:21.491,2.856189
17015,2018-01-24 11:53:21.591,2.856189
17016,2018-01-24 11:53:21.692,2.856189
17017,2018-01-24 11:53:21.792,2.856189
17018,2018-01-24 11:53:21.892,2.856189
17019,2018-01-24 11:53:21.992,2.856189
17020,2018-01-24 11:53:22.092,2.856189
17021,2018-01-24 11:53:22.193,2.856189
17022,2018-01-24 11:53:22.292,2.856189
17023,2018-01-24 11:53:22.392,2.613852
17024,2018-01-24 11:53:22.492,2.613852
17025,2018-01-24 11:53:22.592,2.613852
17026,2018-01-24 11:53:22.692,2.613852
17027,2018-01-24 11:53:22.792,2.613852
17028,2018-01-24 11:53:22.892,2.613852
17029,2018-01-24 11:53:22.992,2.613852
17030,2018-01-24 11:53:23.092,2.613852
17031,2018-01-24 11:53:23.192,2.613852
17032,2018-01-24 11:53:23.292,2.613852
17033,2018-01-24 11:53:23.392,2.484971
17034,2018-01-24 11:53:23.492,2.484971
17035,2018-01-24 11:53:23.592,2.484971
17036,2018-01-24 11:53:23.693,2.484971
17037,2018-01-24 11:53:23.792,2.484971
17038,2018-01-24 11:53:23.892,2.484971
17039,2018-01-24 11:53:23.992,2.484971
17040,2018-01-24 11:53:24.092,2.484971
17041,2018-01-24 11:53:24.193,2.484971
17042,2018-01-24 11:53:24.292,2.484971
17043,2018-01-24 11:53:24.393,2.351771
17044,2018-01-24 11:53:24.492,2.351771
17045,2018-01-24 11:53:24.592,2.351771
17046,2018-01-24 11:53:24.692,2.351771
17047,2018-01-24 11:53:24.792,2.351771
17048,2018-01-24 11:53:24.893,2.351771
17049,2018-01-24 11:53:24.993,2.351771
17050,2018-01-24 11:53:25.093,2.351771
17051,2018-01-24 11:53:25.193,2.351771
17052,2018-01-24 11:53:25.293,2.351771
17053,2018-01-24 11:53:25.393,2.199385
17054,2018-01-24 11:53:25.491,2.199385
17055,2018-01-24 11:53:25.592,2.199385
17056,2018-01-24 11:53:25.692,2.199385
17057,2018-01-24 11:53:25.791,2.199385
17058,2018-01-24 11:53:25.891,2.199385
17059,2018-01-24 11:53:25.991,2.199385
17060,2018-01-24 11:53:26.092,2.199385
17061,2018-01-24 11:53:26.191,2.199385
17062,2018-01-24 11:53:26.291,2.199385
17063,2018-01-24 11:53:26.392,2.064015
17064,2018-01-24 11:53:26.491,2.064015
17065,2018-01-24 11:53:26.591,2.064015
17066,2018-01-24 11:53:26.691,2.064015
17067,2018-01-24 11:53:26.791,2.064015
17068,2018-01-24 11:53:26.891,2.064015
17069,2018-01-24 11:53:26.991,2.064015
17070,2018-01-24 11:53:27.091,2.064015
17071,2018-01-24 11:53:27.191,2.064015
17072,2018-01-24 11:53:27.291,2.064015
17073,2018-01-24 11:53:27.391,1.985316
17074,2018-01-24 11:53:27.491,1.985316
17075,2018-01-24 11:53:27.591,1.985316
17076,2018-01-24 11:53:27.691,1.985316
17077,2018-01-24 11:53:27.792,1.985316
17078,2018-01-24 11:53:27.892,1.985316
17079,2018-01-24 11:53:27.992,1.985316
17080,2018-01-24 11:53:28.093,1.985316
17081,2018-01-24 11:53:28.193,1.985316
17082,2018-01-24 11:53:28.292,1.985316
17083,2018-01-24 11:53:28.392,1.860272
17084,2018-01-24 11:53:28.492,1.860272
17085,2018-01-24 11:53:28.592,1.860272
17086,2018-01-24 11:53:28.692,1.860272
17087,2018-01-24 11:53:28.792,1.860272
17088,2018-01-24 11:53:28.892,1.860272
17089,2018-01-24 11:53:28.992,1.860272
17090,2018-01-24 11:53:29.092,1.860272
17091,2018-01-24 11:53:29.192,1.860272
17092,2018-01-24 11:53:29.292,1.860272
17093,2018-01-24 11:53:29.392,1.648743
17094,2018-01-24 11:53:29.493,1.648743
17095,2018-01-24 11:53:29.592,1.648743
17096,2018-01-24 11:53:29.692,1.648743
17097,2018-01-24 11:53:29.792,1.648743
17098,2018-01-24 11:53:29.892,1.648743
17099,2018-01-24 11:53:29.992,1.648743
17100,2018-01-24 11:53:30.093,1.648743
17101,2018-01-24 11:53:30.192,1.648743
17102,2018-01-24 11:53:30.292,1.648743
17103,2018-01-24 11:53:30.392,1.367256
17104,2018-01-24 11:53:30.491,1.367256
17105,2018-01-24 11:53:30.591,1.367256
17106,2018-01-24 11:53:30.691,1.367256
17107,2018-01-24 11:53:30.791,1.367256
17108,2018-01-24 11:53:30.891,1.367256
17109,2018-01-24 11:53:30.992,1.367256
17110,2018-01-24 11:53:31.092,1.367256
17111,2018-01-24 11:53:31.192,1.367256
17112,2018-01-24 11:53:31.292,1.117243
17113,2018-01-24 11:53:31.392,1.117243
17114,2018-01-24 11:53:31.492,1.117243
17115,2018-01-24 11:53:31.592,1.117243
17116,2018-01-24 11:53:31.692,1.117243
17117,2018-01-24 11:53:31.792,1.117243
17118,2018-01-24 11:53:31.892,1.117243
17119,2018-01-24 11:53:31.992,1.117243
17120,2018-01-24 11:53:32.092,1.117243
17121,2018-01-24 11:53:32.192,1.117243
17122,2018-01-24 11:53:32.292,1.117243
17123,2018-01-24 11:53:32.392,0.8922089999999999
17124,2018-01-24 11:53:32.492,0.8922089999999999
17125,2018-01-24 11:53:32.592,0.8922089999999999
17126,2018-01-24 11:53:32.692,0.8922089999999999
17127,2018-01-24 11:53:32.792,0.8922089999999999
17128,2018-01-24 11:53:32.892,0.8922089999999999
17129,2018-01-24 11:53:32.992,0.8922089999999999
17130,2018-01-24 11:53:33.092,0.8922089999999999
17131,2018-01-24 11:53:33.192,0.8922089999999999
17132,2018-01-24 11:53:33.292,0.8922089999999999
17133,2018-01-24 11:53:33.392,0.7619630000000001
17134,2018-01-24 11:53:33.492,0.7619630000000001
17135,2018-01-24 11:53:33.593,0.7619630000000001
17136,2018-01-24 11:53:33.692,0.7619630000000001
17137,2018-01-24 11:53:33.792,0.7619630000000001
17138,2018-01-24 11:53:33.892,0.7619630000000001
17139,2018-01-24 11:53:33.993,0.7619630000000001
17140,2018-01-24 11:53:34.094,0.7619630000000001
17141,2018-01-24 11:53:34.193,0.7619630000000001
17142,2018-01-24 11:53:34.293,0.7619630000000001
17143,2018-01-24 11:53:34.393,0.8402950000000001
17144,2018-01-24 11:53:34.493,0.8402950000000001
17145,2018-01-24 11:53:34.593,0.8402950000000001
17146,2018-01-24 11:53:34.693,0.8402950000000001
17147,2018-01-24 11:53:34.793,0.8402950000000001
17148,2018-01-24 11:53:34.893,0.8402950000000001
17149,2018-01-24 11:53:34.993,0.8402950000000001
17150,2018-01-24 11:53:35.093,0.8402950000000001
17151,2018-01-24 11:53:35.193,0.8402950000000001
17152,2018-01-24 11:53:35.293,0.8402950000000001
17153,2018-01-24 11:53:35.393,1.106689
17154,2018-01-24 11:53:35.492,1.106689
17155,2018-01-24 11:53:35.591,1.106689
17156,2018-01-24 11:53:35.691,1.106689
17157,2018-01-24 11:53:35.791,1.106689
17158,2018-01-24 11:53:35.891,1.106689
17159,2018-01-24 11:53:35.991,1.106689
17160,2018-01-24 11:53:36.091,1.106689
17161,2018-01-24 11:53:36.192,1.106689
17162,2018-01-24 11:53:36.292,1.106689
17163,2018-01-24 11:53:36.391,1.359173
17164,2018-01-24 11:53:36.491,1.359173
17165,2018-01-24 11:53:36.591,1.359173
17166,2018-01-24 11:53:36.691,1.359173
17167,2018-01-24 11:53:36.791,1.359173
17168,2018-01-24 11:53:36.892,1.359173
17169,2018-01-24 11:53:36.992,1.359173
17170,2018-01-24 11:53:37.092,1.359173
17171,2018-01-24 11:53:37.192,1.359173
17172,2018-01-24 11:53:37.292,1.359173
17173,2018-01-24 11:53:37.392,1.4722979999999999
17174,2018-01-24 11:53:37.493,1.4722979999999999
17175,2018-01-24 11:53:37.592,1.4722979999999999
17176,2018-01-24 11:53:37.692,1.4722979999999999
17177,2018-01-24 11:53:37.792,1.4722979999999999
17178,2018-01-24 11:53:37.892,1.4722979999999999
17179,2018-01-24 11:53:37.993,1.4722979999999999
17180,2018-01-24 11:53:38.092,1.4722979999999999
17181,2018-01-24 11:53:38.192,1.4722979999999999
17182,2018-01-24 11:53:38.292,1.4722979999999999
17183,2018-01-24 11:53:38.392,1.420794
17184,2018-01-24 11:53:38.492,1.420794
17185,2018-01-24 11:53:38.592,1.420794
17186,2018-01-24 11:53:38.692,1.420794
17187,2018-01-24 11:53:38.792,1.420794
17188,2018-01-24 11:53:38.892,1.420794
17189,2018-01-24 11:53:38.992,1.420794
17190,2018-01-24 11:53:39.092,1.420794
17191,2018-01-24 11:53:39.192,1.420794
17192,2018-01-24 11:53:39.292,1.420794
17193,2018-01-24 11:53:39.392,1.351614
17194,2018-01-24 11:53:39.492,1.351614
17195,2018-01-24 11:53:39.592,1.351614
17196,2018-01-24 11:53:39.692,1.351614
17197,2018-01-24 11:53:39.793,1.351614
17198,2018-01-24 11:53:39.894,1.351614
17199,2018-01-24 11:53:39.993,1.351614
17200,2018-01-24 11:53:40.094,1.351614
17201,2018-01-24 11:53:40.193,1.351614
17202,2018-01-24 11:53:40.293,1.351614
17203,2018-01-24 11:53:40.393,1.356074
17204,2018-01-24 11:53:40.492,1.356074
17205,2018-01-24 11:53:40.592,1.356074
17206,2018-01-24 11:53:40.692,1.356074
17207,2018-01-24 11:53:40.792,1.356074
17208,2018-01-24 11:53:40.892,1.356074
17209,2018-01-24 11:53:40.992,1.356074
17210,2018-01-24 11:53:41.092,1.356074
17211,2018-01-24 11:53:41.192,1.356074
17212,2018-01-24 11:53:41.292,1.356074
17213,2018-01-24 11:53:41.392,1.427544
17214,2018-01-24 11:53:41.493,1.427544
17215,2018-01-24 11:53:41.593,1.427544
17216,2018-01-24 11:53:41.692,1.427544
17217,2018-01-24 11:53:41.792,1.427544
17218,2018-01-24 11:53:41.892,1.427544
17219,2018-01-24 11:53:41.992,1.427544
17220,2018-01-24 11:53:42.092,1.427544
17221,2018-01-24 11:53:42.192,1.427544
17222,2018-01-24 11:53:42.292,1.427544
17223,2018-01-24 11:53:42.392,1.55635
17224,2018-01-24 11:53:42.492,1.55635
17225,2018-01-24 11:53:42.592,1.55635
17226,2018-01-24 11:53:42.692,1.55635
17227,2018-01-24 11:53:42.792,1.55635
17228,2018-01-24 11:53:42.892,1.55635
17229,2018-01-24 11:53:42.992,1.55635
17230,2018-01-24 11:53:43.093,1.55635
17231,2018-01-24 11:53:43.193,1.55635
17232,2018-01-24 11:53:43.293,1.55635
17233,2018-01-24 11:53:43.393,1.70294
17234,2018-01-24 11:53:43.493,1.70294
17235,2018-01-24 11:53:43.593,1.70294
17236,2018-01-24 11:53:43.693,1.70294
17237,2018-01-24 11:53:43.793,1.70294
17238,2018-01-24 11:53:43.893,1.70294
17239,2018-01-24 11:53:43.994,1.70294
17240,2018-01-24 11:53:44.093,1.70294
17241,2018-01-24 11:53:44.193,1.70294
17242,2018-01-24 11:53:44.293,1.70294
17243,2018-01-24 11:53:44.394,1.857464
17244,2018-01-24 11:53:44.493,1.857464
17245,2018-01-24 11:53:44.593,1.857464
17246,2018-01-24 11:53:44.693,1.857464
17247,2018-01-24 11:53:44.793,1.857464
17248,2018-01-24 11:53:44.893,1.857464
17249,2018-01-24 11:53:44.993,1.857464
17250,2018-01-24 11:53:45.093,1.857464
17251,2018-01-24 11:53:45.193,1.857464
17252,2018-01-24 11:53:45.293,1.857464
17253,2018-01-24 11:53:45.392,1.9954939999999999
17254,2018-01-24 11:53:45.491,1.9954939999999999
17255,2018-01-24 11:53:45.591,1.9954939999999999
17256,2018-01-24 11:53:45.691,1.9954939999999999
17257,2018-01-24 11:53:45.791,1.9954939999999999
17258,2018-01-24 11:53:45.891,1.9954939999999999
17259,2018-01-24 11:53:45.991,1.9954939999999999
17260,2018-01-24 11:53:46.091,1.9954939999999999
17261,2018-01-24 11:53:46.192,1.9954939999999999
17262,2018-01-24 11:53:46.292,1.9954939999999999
17263,2018-01-24 11:53:46.392,2.127398
17264,2018-01-24 11:53:46.492,2.127398
17265,2018-01-24 11:53:46.592,2.127398
17266,2018-01-24 11:53:46.692,2.127398
17267,2018-01-24 11:53:46.792,2.127398
17268,2018-01-24 11:53:46.892,2.127398
17269,2018-01-24 11:53:46.992,2.127398
17270,2018-01-24 11:53:47.092,2.127398
17271,2018-01-24 11:53:47.192,2.127398
17272,2018-01-24 11:53:47.292,2.127398
17273,2018-01-24 11:53:47.392,2.2206360000000003
17274,2018-01-24 11:53:47.492,2.2206360000000003
17275,2018-01-24 11:53:47.592,2.2206360000000003
17276,2018-01-24 11:53:47.692,2.2206360000000003
17277,2018-01-24 11:53:47.792,2.2206360000000003
17278,2018-01-24 11:53:47.892,2.2206360000000003
17279,2018-01-24 11:53:47.992,2.2206360000000003
17280,2018-01-24 11:53:48.092,2.2206360000000003
17281,2018-01-24 11:53:48.192,2.2206360000000003
17282,2018-01-24 11:53:48.292,2.2206360000000003
17283,2018-01-24 11:53:48.392,2.2014150000000003
17284,2018-01-24 11:53:48.492,2.2014150000000003
17285,2018-01-24 11:53:48.592,2.2014150000000003
17286,2018-01-24 11:53:48.692,2.2014150000000003
17287,2018-01-24 11:53:48.792,2.2014150000000003
17288,2018-01-24 11:53:48.892,2.2014150000000003
17289,2018-01-24 11:53:48.993,2.2014150000000003
17290,2018-01-24 11:53:49.093,2.2014150000000003
17291,2018-01-24 11:53:49.193,2.2014150000000003
17292,2018-01-24 11:53:49.293,2.2014150000000003
17293,2018-01-24 11:53:49.393,2.149576
17294,2018-01-24 11:53:49.493,2.149576
17295,2018-01-24 11:53:49.593,2.149576
17296,2018-01-24 11:53:49.693,2.149576
17297,2018-01-24 11:53:49.793,2.149576
17298,2018-01-24 11:53:49.893,2.149576
17299,2018-01-24 11:53:49.993,2.149576
17300,2018-01-24 11:53:50.093,2.149576
17301,2018-01-24 11:53:50.193,2.149576
17302,2018-01-24 11:53:50.293,2.149576
17303,2018-01-24 11:53:50.392,2.194736
17304,2018-01-24 11:53:50.493,2.194736
17305,2018-01-24 11:53:50.592,2.194736
17306,2018-01-24 11:53:50.692,2.194736
17307,2018-01-24 11:53:50.792,2.194736
17308,2018-01-24 11:53:50.892,2.194736
17309,2018-01-24 11:53:50.992,2.194736
17310,2018-01-24 11:53:51.092,2.194736
17311,2018-01-24 11:53:51.192,2.194736
17312,2018-01-24 11:53:51.292,2.194736
17313,2018-01-24 11:53:51.392,2.280188
17314,2018-01-24 11:53:51.492,2.280188
17315,2018-01-24 11:53:51.592,2.280188
17316,2018-01-24 11:53:51.692,2.280188
17317,2018-01-24 11:53:51.792,2.280188
17318,2018-01-24 11:53:51.892,2.280188
17319,2018-01-24 11:53:51.992,2.280188
17320,2018-01-24 11:53:52.093,2.280188
17321,2018-01-24 11:53:52.193,2.280188
17322,2018-01-24 11:53:52.293,2.280188
17323,2018-01-24 11:53:52.393,2.326494
17324,2018-01-24 11:53:52.493,2.326494
17325,2018-01-24 11:53:52.593,2.326494
17326,2018-01-24 11:53:52.693,2.326494
17327,2018-01-24 11:53:52.793,2.326494
17328,2018-01-24 11:53:52.893,2.326494
17329,2018-01-24 11:53:52.993,2.326494
17330,2018-01-24 11:53:53.093,2.326494
17331,2018-01-24 11:53:53.193,2.326494
17332,2018-01-24 11:53:53.293,2.326494
17333,2018-01-24 11:53:53.393,2.296275
17334,2018-01-24 11:53:53.493,2.296275
17335,2018-01-24 11:53:53.593,2.296275
17336,2018-01-24 11:53:53.693,2.296275
17337,2018-01-24 11:53:53.794,2.296275
17338,2018-01-24 11:53:53.893,2.296275
17339,2018-01-24 11:53:53.993,2.296275
17340,2018-01-24 11:53:54.093,2.296275
17341,2018-01-24 11:53:54.194,2.296275
17342,2018-01-24 11:53:54.293,2.296275
17343,2018-01-24 11:53:54.393,2.169242
17344,2018-01-24 11:53:54.493,2.169242
17345,2018-01-24 11:53:54.593,2.169242
17346,2018-01-24 11:53:54.693,2.169242
17347,2018-01-24 11:53:54.793,2.169242
17348,2018-01-24 11:53:54.893,2.169242
17349,2018-01-24 11:53:54.993,2.169242
17350,2018-01-24 11:53:55.093,2.169242
17351,2018-01-24 11:53:55.194,2.169242
17352,2018-01-24 11:53:55.294,2.169242
17353,2018-01-24 11:53:55.392,2.043425
17354,2018-01-24 11:53:55.492,2.043425
17355,2018-01-24 11:53:55.593,2.043425
17356,2018-01-24 11:53:55.692,2.043425
17357,2018-01-24 11:53:55.792,2.043425
17358,2018-01-24 11:53:55.893,2.043425
17359,2018-01-24 11:53:55.993,2.043425
17360,2018-01-24 11:53:56.092,2.043425
17361,2018-01-24 11:53:56.192,2.043425
17362,2018-01-24 11:53:56.292,2.043425
17363,2018-01-24 11:53:56.393,1.965168
17364,2018-01-24 11:53:56.492,1.965168
17365,2018-01-24 11:53:56.592,1.965168
17366,2018-01-24 11:53:56.692,1.965168
17367,2018-01-24 11:53:56.792,1.965168
17368,2018-01-24 11:53:56.892,1.965168
17369,2018-01-24 11:53:56.992,1.965168
17370,2018-01-24 11:53:57.092,1.965168
17371,2018-01-24 11:53:57.192,1.965168
17372,2018-01-24 11:53:57.292,1.965168
17373,2018-01-24 11:53:57.392,1.975943
17374,2018-01-24 11:53:57.492,1.975943
17375,2018-01-24 11:53:57.592,1.975943
17376,2018-01-24 11:53:57.693,1.975943
17377,2018-01-24 11:53:57.792,1.975943
17378,2018-01-24 11:53:57.892,1.975943
17379,2018-01-24 11:53:57.992,1.975943
17380,2018-01-24 11:53:58.093,1.975943
17381,2018-01-24 11:53:58.193,1.975943
17382,2018-01-24 11:53:58.293,1.975943
17383,2018-01-24 11:53:58.394,2.027709
17384,2018-01-24 11:53:58.493,2.027709
17385,2018-01-24 11:53:58.593,2.027709
17386,2018-01-24 11:53:58.693,2.027709
17387,2018-01-24 11:53:58.793,2.027709
17388,2018-01-24 11:53:58.893,2.027709
17389,2018-01-24 11:53:58.993,2.027709
17390,2018-01-24 11:53:59.093,2.027709
17391,2018-01-24 11:53:59.193,2.027709
17392,2018-01-24 11:53:59.293,2.027709
17393,2018-01-24 11:53:59.393,2.098918
17394,2018-01-24 11:53:59.493,2.098918
17395,2018-01-24 11:53:59.594,2.098918
17396,2018-01-24 11:53:59.693,2.098918
17397,2018-01-24 11:53:59.793,2.098918
17398,2018-01-24 11:53:59.894,2.098918
17399,2018-01-24 11:53:59.994,2.098918
17400,2018-01-24 11:54:00.093,2.098918
17401,2018-01-24 11:54:00.194,2.098918
17402,2018-01-24 11:54:00.294,2.098918
17403,2018-01-24 11:54:00.393,2.098069
17404,2018-01-24 11:54:00.492,2.098069
17405,2018-01-24 11:54:00.592,2.098069
17406,2018-01-24 11:54:00.692,2.098069
17407,2018-01-24 11:54:00.792,2.098069
17408,2018-01-24 11:54:00.892,2.098069
17409,2018-01-24 11:54:00.992,2.098069
17410,2018-01-24 11:54:01.092,2.098069
17411,2018-01-24 11:54:01.193,2.098069
17412,2018-01-24 11:54:01.292,2.098069
17413,2018-01-24 11:54:01.393,2.033943
17414,2018-01-24 11:54:01.493,2.033943
17415,2018-01-24 11:54:01.593,2.033943
17416,2018-01-24 11:54:01.693,2.033943
17417,2018-01-24 11:54:01.794,2.033943
17418,2018-01-24 11:54:01.893,2.033943
17419,2018-01-24 11:54:01.993,2.033943
17420,2018-01-24 11:54:02.093,2.033943
17421,2018-01-24 11:54:02.193,2.033943
17422,2018-01-24 11:54:02.294,2.033943
17423,2018-01-24 11:54:02.394,1.984279
17424,2018-01-24 11:54:02.493,1.984279
17425,2018-01-24 11:54:02.593,1.984279
17426,2018-01-24 11:54:02.693,1.984279
17427,2018-01-24 11:54:02.793,1.984279
17428,2018-01-24 11:54:02.893,1.984279
17429,2018-01-24 11:54:02.993,1.984279
17430,2018-01-24 11:54:03.093,1.984279
17431,2018-01-24 11:54:03.193,1.984279
17432,2018-01-24 11:54:03.293,1.984279
17433,2018-01-24 11:54:03.393,1.950261
17434,2018-01-24 11:54:03.493,1.950261
17435,2018-01-24 11:54:03.593,1.950261
17436,2018-01-24 11:54:03.693,1.950261
17437,2018-01-24 11:54:03.794,1.950261
17438,2018-01-24 11:54:03.894,1.950261
17439,2018-01-24 11:54:03.994,1.950261
17440,2018-01-24 11:54:04.094,1.950261
17441,2018-01-24 11:54:04.195,1.950261
17442,2018-01-24 11:54:04.295,1.950261
17443,2018-01-24 11:54:04.395,1.967123
17444,2018-01-24 11:54:04.495,1.967123
17445,2018-01-24 11:54:04.594,1.967123
17446,2018-01-24 11:54:04.694,1.967123
17447,2018-01-24 11:54:04.794,1.967123
17448,2018-01-24 11:54:04.894,1.967123
17449,2018-01-24 11:54:04.994,1.967123
17450,2018-01-24 11:54:05.094,1.967123
17451,2018-01-24 11:54:05.194,1.967123
17452,2018-01-24 11:54:05.294,1.967123
17453,2018-01-24 11:54:05.392,1.998379
17454,2018-01-24 11:54:05.492,1.998379
17455,2018-01-24 11:54:05.593,1.998379
17456,2018-01-24 11:54:05.692,1.998379
17457,2018-01-24 11:54:05.792,1.998379
17458,2018-01-24 11:54:05.892,1.998379
17459,2018-01-24 11:54:05.993,1.998379
17460,2018-01-24 11:54:06.092,1.998379
17461,2018-01-24 11:54:06.193,1.998379
17462,2018-01-24 11:54:06.292,1.998379
17463,2018-01-24 11:54:06.392,2.004469
17464,2018-01-24 11:54:06.493,2.004469
17465,2018-01-24 11:54:06.592,2.004469
17466,2018-01-24 11:54:06.692,2.004469
17467,2018-01-24 11:54:06.792,2.004469
17468,2018-01-24 11:54:06.892,2.004469
17469,2018-01-24 11:54:06.992,2.004469
17470,2018-01-24 11:54:07.092,2.004469
17471,2018-01-24 11:54:07.193,2.004469
17472,2018-01-24 11:54:07.293,2.004469
17473,2018-01-24 11:54:07.393,1.980375
17474,2018-01-24 11:54:07.493,1.980375
17475,2018-01-24 11:54:07.593,1.980375
17476,2018-01-24 11:54:07.693,1.980375
17477,2018-01-24 11:54:07.794,1.980375
17478,2018-01-24 11:54:07.894,1.980375
17479,2018-01-24 11:54:07.993,1.980375
17480,2018-01-24 11:54:08.093,1.980375
17481,2018-01-24 11:54:08.194,1.980375
17482,2018-01-24 11:54:08.294,1.980375
17483,2018-01-24 11:54:08.393,2.039075
17484,2018-01-24 11:54:08.494,2.039075
17485,2018-01-24 11:54:08.593,2.039075
17486,2018-01-24 11:54:08.693,2.039075
17487,2018-01-24 11:54:08.793,2.039075
17488,2018-01-24 11:54:08.893,2.039075
17489,2018-01-24 11:54:08.993,2.039075
17490,2018-01-24 11:54:09.093,2.039075
17491,2018-01-24 11:54:09.193,2.039075
17492,2018-01-24 11:54:09.293,2.039075
17493,2018-01-24 11:54:09.393,2.164634
17494,2018-01-24 11:54:09.493,2.164634
17495,2018-01-24 11:54:09.593,2.164634
17496,2018-01-24 11:54:09.693,2.164634
17497,2018-01-24 11:54:09.793,2.164634
17498,2018-01-24 11:54:09.894,2.164634
17499,2018-01-24 11:54:09.994,2.164634
17500,2018-01-24 11:54:10.095,2.164634
17501,2018-01-24 11:54:10.194,2.164634
17502,2018-01-24 11:54:10.294,2.164634
17503,2018-01-24 11:54:10.394,2.406267
17504,2018-01-24 11:54:10.493,2.406267
17505,2018-01-24 11:54:10.593,2.406267
17506,2018-01-24 11:54:10.693,2.406267
17507,2018-01-24 11:54:10.793,2.406267
17508,2018-01-24 11:54:10.893,2.406267
17509,2018-01-24 11:54:10.993,2.406267
17510,2018-01-24 11:54:11.093,2.406267
17511,2018-01-24 11:54:11.193,2.406267
17512,2018-01-24 11:54:11.293,2.406267
17513,2018-01-24 11:54:11.393,2.6293450000000003
17514,2018-01-24 11:54:11.493,2.6293450000000003
17515,2018-01-24 11:54:11.593,2.6293450000000003
17516,2018-01-24 11:54:11.694,2.6293450000000003
17517,2018-01-24 11:54:11.793,2.6293450000000003
17518,2018-01-24 11:54:11.893,2.6293450000000003
17519,2018-01-24 11:54:11.993,2.6293450000000003
17520,2018-01-24 11:54:12.093,2.6293450000000003
17521,2018-01-24 11:54:12.193,2.6293450000000003
17522,2018-01-24 11:54:12.293,2.6293450000000003
17523,2018-01-24 11:54:12.394,2.771141
17524,2018-01-24 11:54:12.493,2.771141
17525,2018-01-24 11:54:12.593,2.771141
17526,2018-01-24 11:54:12.694,2.771141
17527,2018-01-24 11:54:12.793,2.771141
17528,2018-01-24 11:54:12.893,2.771141
17529,2018-01-24 11:54:12.993,2.771141
17530,2018-01-24 11:54:13.094,2.771141
17531,2018-01-24 11:54:13.194,2.771141
17532,2018-01-24 11:54:13.294,2.771141
17533,2018-01-24 11:54:13.394,2.877256
17534,2018-01-24 11:54:13.494,2.877256
17535,2018-01-24 11:54:13.594,2.877256
17536,2018-01-24 11:54:13.694,2.877256
17537,2018-01-24 11:54:13.794,2.877256
17538,2018-01-24 11:54:13.895,2.877256
17539,2018-01-24 11:54:13.994,2.877256
17540,2018-01-24 11:54:14.094,2.877256
17541,2018-01-24 11:54:14.194,2.877256
17542,2018-01-24 11:54:14.295,2.877256
17543,2018-01-24 11:54:14.395,2.996874
17544,2018-01-24 11:54:14.494,2.996874
17545,2018-01-24 11:54:14.595,2.996874
17546,2018-01-24 11:54:14.694,2.996874
17547,2018-01-24 11:54:14.794,2.996874
17548,2018-01-24 11:54:14.894,2.996874
17549,2018-01-24 11:54:14.994,2.996874
17550,2018-01-24 11:54:15.094,2.996874
17551,2018-01-24 11:54:15.194,2.996874
17552,2018-01-24 11:54:15.294,2.996874
17553,2018-01-24 11:54:15.392,3.146118
17554,2018-01-24 11:54:15.492,3.146118
17555,2018-01-24 11:54:15.592,3.146118
17556,2018-01-24 11:54:15.692,3.146118
17557,2018-01-24 11:54:15.793,3.146118
17558,2018-01-24 11:54:15.893,3.146118
17559,2018-01-24 11:54:15.992,3.146118
17560,2018-01-24 11:54:16.092,3.146118
17561,2018-01-24 11:54:16.194,3.146118
17562,2018-01-24 11:54:16.293,3.146118
17563,2018-01-24 11:54:16.394,3.262266
17564,2018-01-24 11:54:16.493,3.262266
17565,2018-01-24 11:54:16.593,3.262266
17566,2018-01-24 11:54:16.693,3.262266
17567,2018-01-24 11:54:16.793,3.262266
17568,2018-01-24 11:54:16.893,3.262266
17569,2018-01-24 11:54:16.993,3.262266
17570,2018-01-24 11:54:17.093,3.262266
17571,2018-01-24 11:54:17.193,3.262266
17572,2018-01-24 11:54:17.293,3.262266
17573,2018-01-24 11:54:17.393,3.362771
17574,2018-01-24 11:54:17.493,3.362771
17575,2018-01-24 11:54:17.593,3.362771
17576,2018-01-24 11:54:17.694,3.362771
17577,2018-01-24 11:54:17.794,3.362771
17578,2018-01-24 11:54:17.893,3.362771
17579,2018-01-24 11:54:17.993,3.362771
17580,2018-01-24 11:54:18.094,3.362771
17581,2018-01-24 11:54:18.193,3.362771
17582,2018-01-24 11:54:18.293,3.362771
17583,2018-01-24 11:54:18.394,3.474825
17584,2018-01-24 11:54:18.494,3.474825
17585,2018-01-24 11:54:18.593,3.474825
17586,2018-01-24 11:54:18.693,3.474825
17587,2018-01-24 11:54:18.793,3.474825
17588,2018-01-24 11:54:18.893,3.474825
17589,2018-01-24 11:54:18.993,3.474825
17590,2018-01-24 11:54:19.093,3.474825
17591,2018-01-24 11:54:19.194,3.474825
17592,2018-01-24 11:54:19.294,3.474825
17593,2018-01-24 11:54:19.394,3.575332
17594,2018-01-24 11:54:19.494,3.575332
17595,2018-01-24 11:54:19.594,3.575332
17596,2018-01-24 11:54:19.695,3.575332
17597,2018-01-24 11:54:19.794,3.575332
17598,2018-01-24 11:54:19.894,3.575332
17599,2018-01-24 11:54:19.995,3.575332
17600,2018-01-24 11:54:20.095,3.575332
17601,2018-01-24 11:54:20.195,3.575332
17602,2018-01-24 11:54:20.294,3.575332
17603,2018-01-24 11:54:20.393,3.701778
17604,2018-01-24 11:54:20.493,3.701778
17605,2018-01-24 11:54:20.593,3.701778
17606,2018-01-24 11:54:20.693,3.701778
17607,2018-01-24 11:54:20.793,3.701778
17608,2018-01-24 11:54:20.893,3.701778
17609,2018-01-24 11:54:20.993,3.701778
17610,2018-01-24 11:54:21.093,3.701778
17611,2018-01-24 11:54:21.193,3.701778
17612,2018-01-24 11:54:21.293,3.701778
17613,2018-01-24 11:54:21.393,3.777012000000001
17614,2018-01-24 11:54:21.493,3.777012000000001
17615,2018-01-24 11:54:21.593,3.777012000000001
17616,2018-01-24 11:54:21.693,3.777012000000001
17617,2018-01-24 11:54:21.793,3.777012000000001
17618,2018-01-24 11:54:21.893,3.777012000000001
17619,2018-01-24 11:54:21.993,3.777012000000001
17620,2018-01-24 11:54:22.094,3.777012000000001
17621,2018-01-24 11:54:22.193,3.777012000000001
17622,2018-01-24 11:54:22.294,3.777012000000001
17623,2018-01-24 11:54:22.394,3.786347
17624,2018-01-24 11:54:22.495,3.786347
17625,2018-01-24 11:54:22.594,3.786347
17626,2018-01-24 11:54:22.694,3.786347
17627,2018-01-24 11:54:22.794,3.786347
17628,2018-01-24 11:54:22.894,3.786347
17629,2018-01-24 11:54:22.994,3.786347
17630,2018-01-24 11:54:23.094,3.786347
17631,2018-01-24 11:54:23.194,3.786347
17632,2018-01-24 11:54:23.294,3.786347
17633,2018-01-24 11:54:23.394,3.7120379999999997
17634,2018-01-24 11:54:23.494,3.7120379999999997
17635,2018-01-24 11:54:23.594,3.7120379999999997
17636,2018-01-24 11:54:23.694,3.7120379999999997
17637,2018-01-24 11:54:23.794,3.7120379999999997
17638,2018-01-24 11:54:23.894,3.7120379999999997
17639,2018-01-24 11:54:23.994,3.7120379999999997
17640,2018-01-24 11:54:24.094,3.7120379999999997
17641,2018-01-24 11:54:24.194,3.7120379999999997
17642,2018-01-24 11:54:24.294,3.7120379999999997
17643,2018-01-24 11:54:24.394,3.607398
17644,2018-01-24 11:54:24.494,3.607398
17645,2018-01-24 11:54:24.594,3.607398
17646,2018-01-24 11:54:24.694,3.607398
17647,2018-01-24 11:54:24.794,3.607398
17648,2018-01-24 11:54:24.894,3.607398
17649,2018-01-24 11:54:24.994,3.607398
17650,2018-01-24 11:54:25.094,3.607398
17651,2018-01-24 11:54:25.195,3.607398
17652,2018-01-24 11:54:25.295,3.607398
17653,2018-01-24 11:54:25.393,3.4471190000000003
17654,2018-01-24 11:54:25.493,3.4471190000000003
17655,2018-01-24 11:54:25.593,3.4471190000000003
17656,2018-01-24 11:54:25.694,3.4471190000000003
17657,2018-01-24 11:54:25.794,3.4471190000000003
17658,2018-01-24 11:54:25.894,3.4471190000000003
17659,2018-01-24 11:54:25.993,3.4471190000000003
17660,2018-01-24 11:54:26.093,3.4471190000000003
17661,2018-01-24 11:54:26.194,3.4471190000000003
17662,2018-01-24 11:54:26.294,3.4471190000000003
17663,2018-01-24 11:54:26.393,3.250938
17664,2018-01-24 11:54:26.494,3.250938
17665,2018-01-24 11:54:26.593,3.250938
17666,2018-01-24 11:54:26.693,3.250938
17667,2018-01-24 11:54:26.793,3.250938
17668,2018-01-24 11:54:26.893,3.250938
17669,2018-01-24 11:54:26.993,3.250938
17670,2018-01-24 11:54:27.093,3.250938
17671,2018-01-24 11:54:27.193,3.250938
17672,2018-01-24 11:54:27.293,3.250938
17673,2018-01-24 11:54:27.393,3.0605130000000003
17674,2018-01-24 11:54:27.493,3.0605130000000003
17675,2018-01-24 11:54:27.593,3.0605130000000003
17676,2018-01-24 11:54:27.693,3.0605130000000003
17677,2018-01-24 11:54:27.794,3.0605130000000003
17678,2018-01-24 11:54:27.894,3.0605130000000003
17679,2018-01-24 11:54:27.993,3.0605130000000003
17680,2018-01-24 11:54:28.093,3.0605130000000003
17681,2018-01-24 11:54:28.194,3.0605130000000003
17682,2018-01-24 11:54:28.295,3.0605130000000003
17683,2018-01-24 11:54:28.394,2.958864
17684,2018-01-24 11:54:28.495,2.958864
17685,2018-01-24 11:54:28.595,2.958864
17686,2018-01-24 11:54:28.694,2.958864
17687,2018-01-24 11:54:28.794,2.958864
17688,2018-01-24 11:54:28.894,2.958864
17689,2018-01-24 11:54:28.994,2.958864
17690,2018-01-24 11:54:29.094,2.958864
17691,2018-01-24 11:54:29.194,2.958864
17692,2018-01-24 11:54:29.294,2.958864
17693,2018-01-24 11:54:29.394,2.937869
17694,2018-01-24 11:54:29.494,2.937869
17695,2018-01-24 11:54:29.594,2.937869
17696,2018-01-24 11:54:29.694,2.937869
17697,2018-01-24 11:54:29.794,2.937869
17698,2018-01-24 11:54:29.895,2.937869
17699,2018-01-24 11:54:29.995,2.937869
17700,2018-01-24 11:54:30.095,2.937869
17701,2018-01-24 11:54:30.194,2.937869
17702,2018-01-24 11:54:30.294,2.937869
17703,2018-01-24 11:54:30.394,2.883448
17704,2018-01-24 11:54:30.493,2.883448
17705,2018-01-24 11:54:30.593,2.883448
17706,2018-01-24 11:54:30.693,2.883448
17707,2018-01-24 11:54:30.793,2.883448
17708,2018-01-24 11:54:30.893,2.883448
17709,2018-01-24 11:54:30.993,2.883448
17710,2018-01-24 11:54:31.093,2.883448
17711,2018-01-24 11:54:31.193,2.883448
17712,2018-01-24 11:54:31.294,2.883448
17713,2018-01-24 11:54:31.394,2.797812
17714,2018-01-24 11:54:31.494,2.797812
17715,2018-01-24 11:54:31.594,2.797812
17716,2018-01-24 11:54:31.695,2.797812
17717,2018-01-24 11:54:31.794,2.797812
17718,2018-01-24 11:54:31.895,2.797812
17719,2018-01-24 11:54:31.994,2.797812
17720,2018-01-24 11:54:32.095,2.797812
17721,2018-01-24 11:54:32.194,2.797812
17722,2018-01-24 11:54:32.294,2.797812
17723,2018-01-24 11:54:32.395,2.615468
17724,2018-01-24 11:54:32.494,2.615468
17725,2018-01-24 11:54:32.594,2.615468
17726,2018-01-24 11:54:32.694,2.615468
17727,2018-01-24 11:54:32.794,2.615468
17728,2018-01-24 11:54:32.894,2.615468
17729,2018-01-24 11:54:32.994,2.615468
17730,2018-01-24 11:54:33.094,2.615468
17731,2018-01-24 11:54:33.194,2.615468
17732,2018-01-24 11:54:33.294,2.615468
17733,2018-01-24 11:54:33.394,2.423752
17734,2018-01-24 11:54:33.494,2.423752
17735,2018-01-24 11:54:33.594,2.423752
17736,2018-01-24 11:54:33.694,2.423752
17737,2018-01-24 11:54:33.794,2.423752
17738,2018-01-24 11:54:33.894,2.423752
17739,2018-01-24 11:54:33.995,2.423752
17740,2018-01-24 11:54:34.095,2.423752
17741,2018-01-24 11:54:34.194,2.423752
17742,2018-01-24 11:54:34.294,2.423752
17743,2018-01-24 11:54:34.395,2.290591
17744,2018-01-24 11:54:34.495,2.290591
17745,2018-01-24 11:54:34.595,2.290591
17746,2018-01-24 11:54:34.695,2.290591
17747,2018-01-24 11:54:34.795,2.290591
17748,2018-01-24 11:54:34.895,2.290591
17749,2018-01-24 11:54:34.995,2.290591
17750,2018-01-24 11:54:35.095,2.290591
17751,2018-01-24 11:54:35.195,2.290591
17752,2018-01-24 11:54:35.295,2.290591
17753,2018-01-24 11:54:35.393,2.230081
17754,2018-01-24 11:54:35.493,2.230081
17755,2018-01-24 11:54:35.593,2.230081
17756,2018-01-24 11:54:35.693,2.230081
17757,2018-01-24 11:54:35.794,2.230081
17758,2018-01-24 11:54:35.894,2.230081
17759,2018-01-24 11:54:35.994,2.230081
17760,2018-01-24 11:54:36.093,2.230081
17761,2018-01-24 11:54:36.193,2.230081
17762,2018-01-24 11:54:36.294,2.230081
17763,2018-01-24 11:54:36.393,2.232112
17764,2018-01-24 11:54:36.493,2.232112
17765,2018-01-24 11:54:36.593,2.232112
17766,2018-01-24 11:54:36.693,2.232112
17767,2018-01-24 11:54:36.793,2.232112
17768,2018-01-24 11:54:36.893,2.232112
17769,2018-01-24 11:54:36.993,2.232112
17770,2018-01-24 11:54:37.093,2.232112
17771,2018-01-24 11:54:37.193,2.232112
17772,2018-01-24 11:54:37.294,2.232112
17773,2018-01-24 11:54:37.393,2.270118
17774,2018-01-24 11:54:37.494,2.270118
17775,2018-01-24 11:54:37.594,2.270118
17776,2018-01-24 11:54:37.694,2.270118
17777,2018-01-24 11:54:37.794,2.270118
17778,2018-01-24 11:54:37.894,2.270118
17779,2018-01-24 11:54:37.995,2.270118
17780,2018-01-24 11:54:38.094,2.270118
17781,2018-01-24 11:54:38.194,2.270118
17782,2018-01-24 11:54:38.294,2.270118
17783,2018-01-24 11:54:38.394,2.3243970000000003
17784,2018-01-24 11:54:38.494,2.3243970000000003
17785,2018-01-24 11:54:38.595,2.3243970000000003
17786,2018-01-24 11:54:38.694,2.3243970000000003
17787,2018-01-24 11:54:38.794,2.3243970000000003
17788,2018-01-24 11:54:38.894,2.3243970000000003
17789,2018-01-24 11:54:38.994,2.3243970000000003
17790,2018-01-24 11:54:39.094,2.3243970000000003
17791,2018-01-24 11:54:39.194,2.3243970000000003
17792,2018-01-24 11:54:39.294,2.3243970000000003
17793,2018-01-24 11:54:39.394,2.5443
17794,2018-01-24 11:54:39.494,2.5443
17795,2018-01-24 11:54:39.594,2.5443
17796,2018-01-24 11:54:39.694,2.5443
17797,2018-01-24 11:54:39.794,2.5443
17798,2018-01-24 11:54:39.894,2.5443
17799,2018-01-24 11:54:39.995,2.5443
17800,2018-01-24 11:54:40.095,2.5443
17801,2018-01-24 11:54:40.194,2.5443
17802,2018-01-24 11:54:40.294,2.5443
17803,2018-01-24 11:54:40.394,2.801911
17804,2018-01-24 11:54:40.495,2.801911
17805,2018-01-24 11:54:40.595,2.801911
17806,2018-01-24 11:54:40.694,2.801911
17807,2018-01-24 11:54:40.794,2.801911
17808,2018-01-24 11:54:40.894,2.801911
17809,2018-01-24 11:54:40.994,2.801911
17810,2018-01-24 11:54:41.094,2.801911
17811,2018-01-24 11:54:41.194,2.801911
17812,2018-01-24 11:54:41.294,2.801911
17813,2018-01-24 11:54:41.394,3.0321830000000003
17814,2018-01-24 11:54:41.494,3.0321830000000003
17815,2018-01-24 11:54:41.594,3.0321830000000003
17816,2018-01-24 11:54:41.694,3.0321830000000003
17817,2018-01-24 11:54:41.794,3.0321830000000003
17818,2018-01-24 11:54:41.894,3.0321830000000003
17819,2018-01-24 11:54:41.994,3.0321830000000003
17820,2018-01-24 11:54:42.094,3.0321830000000003
17821,2018-01-24 11:54:42.194,3.0321830000000003
17822,2018-01-24 11:54:42.295,3.0321830000000003
17823,2018-01-24 11:54:42.394,3.194346
17824,2018-01-24 11:54:42.495,3.194346
17825,2018-01-24 11:54:42.594,3.194346
17826,2018-01-24 11:54:42.694,3.194346
17827,2018-01-24 11:54:42.794,3.194346
17828,2018-01-24 11:54:42.894,3.194346
17829,2018-01-24 11:54:42.994,3.194346
17830,2018-01-24 11:54:43.094,3.194346
17831,2018-01-24 11:54:43.195,3.194346
17832,2018-01-24 11:54:43.295,3.194346
17833,2018-01-24 11:54:43.395,3.3462870000000002
17834,2018-01-24 11:54:43.495,3.3462870000000002
17835,2018-01-24 11:54:43.595,3.3462870000000002
17836,2018-01-24 11:54:43.695,3.3462870000000002
17837,2018-01-24 11:54:43.795,3.3462870000000002
17838,2018-01-24 11:54:43.896,3.3462870000000002
17839,2018-01-24 11:54:43.995,3.3462870000000002
17840,2018-01-24 11:54:44.096,3.3462870000000002
17841,2018-01-24 11:54:44.195,3.3462870000000002
17842,2018-01-24 11:54:44.296,3.3462870000000002
17843,2018-01-24 11:54:44.396,3.492213
17844,2018-01-24 11:54:44.495,3.492213
17845,2018-01-24 11:54:44.596,3.492213
17846,2018-01-24 11:54:44.695,3.492213
17847,2018-01-24 11:54:44.795,3.492213
17848,2018-01-24 11:54:44.895,3.492213
17849,2018-01-24 11:54:44.995,3.492213
17850,2018-01-24 11:54:45.095,3.492213
17851,2018-01-24 11:54:45.195,3.492213
17852,2018-01-24 11:54:45.295,3.492213
17853,2018-01-24 11:54:45.393,3.6403879999999997
17854,2018-01-24 11:54:45.493,3.6403879999999997
17855,2018-01-24 11:54:45.593,3.6403879999999997
17856,2018-01-24 11:54:45.693,3.6403879999999997
17857,2018-01-24 11:54:45.793,3.6403879999999997
17858,2018-01-24 11:54:45.894,3.6403879999999997
17859,2018-01-24 11:54:45.993,3.6403879999999997
17860,2018-01-24 11:54:46.093,3.6403879999999997
17861,2018-01-24 11:54:46.193,3.6403879999999997
17862,2018-01-24 11:54:46.293,3.6403879999999997
17863,2018-01-24 11:54:46.395,3.763989
17864,2018-01-24 11:54:46.494,3.763989
17865,2018-01-24 11:54:46.594,3.763989
17866,2018-01-24 11:54:46.695,3.763989
17867,2018-01-24 11:54:46.794,3.763989
17868,2018-01-24 11:54:46.894,3.763989
17869,2018-01-24 11:54:46.994,3.763989
17870,2018-01-24 11:54:47.094,3.763989
17871,2018-01-24 11:54:47.194,3.763989
17872,2018-01-24 11:54:47.294,3.763989
17873,2018-01-24 11:54:47.394,3.813797
17874,2018-01-24 11:54:47.494,3.813797
17875,2018-01-24 11:54:47.594,3.813797
17876,2018-01-24 11:54:47.694,3.813797
17877,2018-01-24 11:54:47.794,3.813797
17878,2018-01-24 11:54:47.894,3.813797
17879,2018-01-24 11:54:47.995,3.813797
17880,2018-01-24 11:54:48.095,3.813797
17881,2018-01-24 11:54:48.194,3.813797
17882,2018-01-24 11:54:48.294,3.813797
17883,2018-01-24 11:54:48.394,3.862648000000001
17884,2018-01-24 11:54:48.495,3.862648000000001
17885,2018-01-24 11:54:48.595,3.862648000000001
17886,2018-01-24 11:54:48.694,3.862648000000001
17887,2018-01-24 11:54:48.794,3.862648000000001
17888,2018-01-24 11:54:48.894,3.862648000000001
17889,2018-01-24 11:54:48.994,3.862648000000001
17890,2018-01-24 11:54:49.094,3.862648000000001
17891,2018-01-24 11:54:49.194,3.862648000000001
17892,2018-01-24 11:54:49.294,3.862648000000001
17893,2018-01-24 11:54:49.394,3.953821
17894,2018-01-24 11:54:49.495,3.953821
17895,2018-01-24 11:54:49.595,3.953821
17896,2018-01-24 11:54:49.695,3.953821
17897,2018-01-24 11:54:49.795,3.953821
17898,2018-01-24 11:54:49.895,3.953821
17899,2018-01-24 11:54:49.995,3.953821
17900,2018-01-24 11:54:50.096,3.953821
17901,2018-01-24 11:54:50.195,3.953821
17902,2018-01-24 11:54:50.296,3.953821
17903,2018-01-24 11:54:50.394,4.073256
17904,2018-01-24 11:54:50.494,4.073256
17905,2018-01-24 11:54:50.595,4.073256
17906,2018-01-24 11:54:50.694,4.073256
17907,2018-01-24 11:54:50.794,4.073256
17908,2018-01-24 11:54:50.894,4.073256
17909,2018-01-24 11:54:50.994,4.073256
17910,2018-01-24 11:54:51.094,4.073256
17911,2018-01-24 11:54:51.194,4.073256
17912,2018-01-24 11:54:51.294,4.073256
17913,2018-01-24 11:54:51.394,4.116832
17914,2018-01-24 11:54:51.494,4.116832
17915,2018-01-24 11:54:51.594,4.116832
17916,2018-01-24 11:54:51.694,4.116832
17917,2018-01-24 11:54:51.794,4.116832
17918,2018-01-24 11:54:51.895,4.116832
17919,2018-01-24 11:54:51.994,4.116832
17920,2018-01-24 11:54:52.094,4.116832
17921,2018-01-24 11:54:52.194,4.116832
17922,2018-01-24 11:54:52.294,4.116832
17923,2018-01-24 11:54:52.394,4.08049
17924,2018-01-24 11:54:52.495,4.08049
17925,2018-01-24 11:54:52.595,4.08049
17926,2018-01-24 11:54:52.695,4.08049
17927,2018-01-24 11:54:52.795,4.08049
17928,2018-01-24 11:54:52.895,4.08049
17929,2018-01-24 11:54:52.995,4.08049
17930,2018-01-24 11:54:53.095,4.08049
17931,2018-01-24 11:54:53.195,4.08049
17932,2018-01-24 11:54:53.295,4.08049
17933,2018-01-24 11:54:53.395,3.965002
17934,2018-01-24 11:54:53.495,3.965002
17935,2018-01-24 11:54:53.595,3.965002
17936,2018-01-24 11:54:53.695,3.965002
17937,2018-01-24 11:54:53.795,3.965002
17938,2018-01-24 11:54:53.895,3.965002
17939,2018-01-24 11:54:53.995,3.965002
17940,2018-01-24 11:54:54.095,3.965002
17941,2018-01-24 11:54:54.195,3.965002
17942,2018-01-24 11:54:54.295,3.965002
17943,2018-01-24 11:54:54.395,3.870286
17944,2018-01-24 11:54:54.495,3.870286
17945,2018-01-24 11:54:54.596,3.870286
17946,2018-01-24 11:54:54.695,3.870286
17947,2018-01-24 11:54:54.795,3.870286
17948,2018-01-24 11:54:54.895,3.870286
17949,2018-01-24 11:54:54.995,3.870286
17950,2018-01-24 11:54:55.095,3.870286
17951,2018-01-24 11:54:55.195,3.870286
17952,2018-01-24 11:54:55.295,3.870286
17953,2018-01-24 11:54:55.394,3.876998
17954,2018-01-24 11:54:55.494,3.876998
17955,2018-01-24 11:54:55.594,3.876998
17956,2018-01-24 11:54:55.694,3.876998
17957,2018-01-24 11:54:55.794,3.876998
17958,2018-01-24 11:54:55.895,3.876998
17959,2018-01-24 11:54:55.995,3.876998
17960,2018-01-24 11:54:56.095,3.876998
17961,2018-01-24 11:54:56.194,3.876998
17962,2018-01-24 11:54:56.294,3.876998
17963,2018-01-24 11:54:56.394,3.882713
17964,2018-01-24 11:54:56.494,3.882713
17965,2018-01-24 11:54:56.595,3.882713
17966,2018-01-24 11:54:56.695,3.882713
17967,2018-01-24 11:54:56.794,3.882713
17968,2018-01-24 11:54:56.894,3.882713
17969,2018-01-24 11:54:56.994,3.882713
17970,2018-01-24 11:54:57.094,3.882713
17971,2018-01-24 11:54:57.194,3.882713
17972,2018-01-24 11:54:57.294,3.882713
17973,2018-01-24 11:54:57.394,3.839395
17974,2018-01-24 11:54:57.494,3.839395
17975,2018-01-24 11:54:57.594,3.839395
17976,2018-01-24 11:54:57.694,3.839395
17977,2018-01-24 11:54:57.794,3.839395
17978,2018-01-24 11:54:57.895,3.839395
17979,2018-01-24 11:54:57.995,3.839395
17980,2018-01-24 11:54:58.094,3.839395
17981,2018-01-24 11:54:58.195,3.839395
17982,2018-01-24 11:54:58.294,3.839395
17983,2018-01-24 11:54:58.394,3.695389
17984,2018-01-24 11:54:58.496,3.695389
17985,2018-01-24 11:54:58.595,3.695389
17986,2018-01-24 11:54:58.696,3.695389
17987,2018-01-24 11:54:58.795,3.695389
17988,2018-01-24 11:54:58.895,3.695389
17989,2018-01-24 11:54:58.995,3.695389
17990,2018-01-24 11:54:59.095,3.695389
17991,2018-01-24 11:54:59.195,3.695389
17992,2018-01-24 11:54:59.295,3.695389
17993,2018-01-24 11:54:59.395,3.467813
17994,2018-01-24 11:54:59.495,3.467813
17995,2018-01-24 11:54:59.595,3.467813
17996,2018-01-24 11:54:59.695,3.467813
17997,2018-01-24 11:54:59.795,3.467813
17998,2018-01-24 11:54:59.896,3.467813
17999,2018-01-24 11:54:59.995,3.467813
